306,scans,216,DataLength,,,,,,,
header,33,lines,,,,,,,,
Date,6/17/2016,Time,11:32:13 PM,,,,,,,
ID,HAL RC RGA 301 #14852,Version,3,,,,,,,
Scans,14,,,,,,,,,
Scan ID,Mode,Input,Scanned,Start,Increment,Settle,RS,,,
Scan 1,RGA,Temperature,none,0.4,0.01,10,1,,,
Scan 2,RGA,SEM,mass,2,0.01,10,0.44,,,
Scan 3,RGA,SEM,mass,18,0.01,10,0.9,,,
Scan 4,RGA,SEM,mass,28,0.01,10,1.05,,,
Scan 5,RGA,SEM,mass,39,0.01,10,1,,,
Scan 6,RGA,SEM,mass,41,0.01,10,1,,,
Scan 7,RGA,SEM,mass,44,0.01,10,1.4,,,
Scan 8,RGA,SEM,mass,68,0.01,10,1,,,
Scan 9,RGA,SEM,mass,96,0.01,10,1,,,
Environment,,,,,,,,,,
Global,RGA,,,,,,,,,
F1,1,"( 1 = on, 0 = off )",,,,,,,,
F2,0,"( 1 = on, 0 = off )",,,,,,,,
cage,3.3,V,,,,,,,,
delta-m,0,%,,,,,,,,
electron-energy,70,V,,,,,,,,
emission,1000,uA,,,,,,,,
focus,-90,V,,,,,,,,
mass,5.5,amu,,,,,,,,
mode-change-delay,1000,ms,,,,,,,,
multiplier,1100,V,,,,,,,,
resolution,0,%,,,,,,,,
Data,9,,,,,,,,,
Time,ms,Temperature,Hydrogen,Water,Carbon monoxide,furan39,Propene,Carbon dioxide,furan68,furf96
0:00:01,1241,120.1137,0.00E+00,1.09E-10,-9.32E-11,0.00E+00,0.00E+00,0.00E+00,-9.78E-11,0.00E+00
0:00:02,2016,119.8492,8.89E-10,3.58E-09,2.79E-09,0.00E+00,9.78E-11,1.75E-09,9.78E-11,9.78E-11
0:00:02,2791,120.1137,4.22E-09,5.32E-09,2.98E-09,9.78E-11,0.00E+00,1.19E-09,9.78E-11,0.00E+00
0:00:03,3566,120.1137,4.44E-09,4.13E-09,3.07E-09,9.78E-11,9.78E-11,9.77E-10,-9.78E-11,0.00E+00
0:00:04,4341,119.8492,4.00E-09,3.58E-09,3.26E-09,1.96E-10,0.00E+00,8.38E-10,0.00E+00,9.78E-11
0:00:05,5116,119.717,3.11E-09,2.71E-09,2.79E-09,0.00E+00,0.00E+00,6.98E-10,9.78E-11,9.78E-11
0:00:05,5891,119.9814,3.78E-09,2.50E-09,2.79E-09,0.00E+00,0.00E+00,6.28E-10,0.00E+00,0.00E+00
0:00:06,6666,119.9814,3.55E-09,2.39E-09,2.70E-09,0.00E+00,9.78E-11,6.98E-10,0.00E+00,9.78E-11
0:00:07,7441,119.9814,4.22E-09,2.28E-09,2.98E-09,0.00E+00,0.00E+00,5.58E-10,-9.78E-11,-9.78E-11
0:00:08,8216,119.8492,3.78E-09,2.06E-09,2.70E-09,0.00E+00,0.00E+00,6.28E-10,0.00E+00,-9.78E-11
0:00:08,8991,120.2459,4.00E-09,1.95E-09,2.79E-09,0.00E+00,0.00E+00,6.28E-10,9.78E-11,0.00E+00
0:00:09,9766,119.9814,4.22E-09,2.28E-09,2.98E-09,9.78E-11,0.00E+00,6.28E-10,9.78E-11,0.00E+00
0:00:10,10541,120.1137,4.22E-09,2.06E-09,2.70E-09,0.00E+00,0.00E+00,5.58E-10,0.00E+00,-9.78E-11
0:00:11,11316,119.717,3.11E-09,1.95E-09,2.79E-09,1.96E-10,0.00E+00,5.58E-10,9.78E-11,-9.78E-11
0:00:12,12091,119.8492,3.33E-09,2.06E-09,2.79E-09,-9.78E-11,0.00E+00,5.58E-10,0.00E+00,0.00E+00
0:00:12,12866,120.1137,3.55E-09,1.85E-09,2.79E-09,0.00E+00,0.00E+00,5.58E-10,-9.78E-11,9.78E-11
0:00:13,13641,119.8492,4.22E-09,2.06E-09,2.89E-09,0.00E+00,0.00E+00,4.18E-10,0.00E+00,9.78E-11
0:00:14,14416,119.9814,3.55E-09,2.17E-09,2.79E-09,9.78E-11,9.78E-11,5.58E-10,9.78E-11,0.00E+00
0:00:15,15191,119.9814,3.78E-09,2.06E-09,2.98E-09,9.78E-11,9.78E-11,4.89E-10,-9.78E-11,0.00E+00
0:00:15,15966,119.717,3.11E-09,1.85E-09,2.70E-09,0.00E+00,0.00E+00,4.19E-10,0.00E+00,-9.78E-11
0:00:16,16741,119.8492,3.55E-09,2.06E-09,2.89E-09,1.96E-10,1.96E-10,4.89E-10,-9.78E-11,0.00E+00
0:00:17,17516,119.9814,3.78E-09,2.06E-09,2.89E-09,9.78E-11,0.00E+00,4.89E-10,0.00E+00,0.00E+00
0:00:18,18291,120.1137,3.78E-09,2.28E-09,2.89E-09,0.00E+00,9.78E-11,4.88E-10,0.00E+00,0.00E+00
0:00:19,19066,120.1137,3.55E-09,2.06E-09,2.70E-09,0.00E+00,-9.78E-11,4.19E-10,0.00E+00,-9.78E-11
0:00:19,19841,119.8492,3.55E-09,1.96E-09,2.98E-09,0.00E+00,0.00E+00,5.58E-10,0.00E+00,9.78E-11
0:00:20,20616,119.8492,3.33E-09,1.96E-09,2.70E-09,0.00E+00,0.00E+00,4.19E-10,0.00E+00,0.00E+00
0:00:21,21391,119.9814,3.33E-09,1.85E-09,2.79E-09,0.00E+00,-9.78E-11,3.49E-10,-9.78E-11,-9.78E-11
0:00:22,22166,120.1137,3.78E-09,2.06E-09,2.79E-09,9.78E-11,9.78E-11,3.49E-10,0.00E+00,0.00E+00
0:00:22,22941,119.8492,3.78E-09,2.17E-09,2.79E-09,0.00E+00,0.00E+00,4.19E-10,0.00E+00,0.00E+00
0:00:23,23716,120.1137,4.00E-09,2.06E-09,2.89E-09,9.78E-11,9.78E-11,5.58E-10,9.78E-11,0.00E+00
0:00:24,24491,119.9814,3.33E-09,1.95E-09,2.51E-09,9.78E-11,0.00E+00,4.19E-10,0.00E+00,0.00E+00
0:00:25,25266,119.9814,3.33E-09,2.06E-09,2.79E-09,0.00E+00,9.78E-11,4.19E-10,0.00E+00,0.00E+00
0:00:26,26041,120.2459,3.11E-09,1.85E-09,2.79E-09,9.78E-11,-1.96E-10,4.89E-10,-9.78E-11,0.00E+00
0:00:26,26816,120.1137,3.33E-09,2.06E-09,2.89E-09,-9.78E-11,0.00E+00,4.89E-10,0.00E+00,0.00E+00
0:00:27,27591,119.717,2.89E-09,1.85E-09,2.79E-09,0.00E+00,9.78E-11,4.19E-10,0.00E+00,9.78E-11
0:00:28,28366,120.1137,4.00E-09,1.96E-09,2.79E-09,0.00E+00,0.00E+00,4.89E-10,0.00E+00,0.00E+00
0:00:29,29141,120.1137,4.22E-09,2.06E-09,2.70E-09,9.78E-11,0.00E+00,4.89E-10,0.00E+00,-9.78E-11
0:00:29,29916,119.8492,3.55E-09,2.17E-09,2.70E-09,-9.78E-11,9.78E-11,4.89E-10,0.00E+00,0.00E+00
0:00:30,30691,119.9814,3.33E-09,1.74E-09,2.89E-09,0.00E+00,0.00E+00,4.19E-10,0.00E+00,0.00E+00
0:00:31,31466,119.8492,3.33E-09,1.95E-09,2.98E-09,0.00E+00,-9.78E-11,4.88E-10,0.00E+00,0.00E+00
0:00:32,32241,119.717,3.55E-09,1.85E-09,2.79E-09,-9.78E-11,0.00E+00,3.49E-10,-9.78E-11,0.00E+00
0:00:33,33016,120.1137,3.78E-09,1.74E-09,2.89E-09,-9.78E-11,9.78E-11,4.19E-10,0.00E+00,9.78E-11
0:00:33,33791,119.8492,4.00E-09,2.06E-09,2.89E-09,0.00E+00,9.78E-11,4.19E-10,1.96E-10,0.00E+00
0:00:34,34566,119.8492,3.55E-09,2.06E-09,2.79E-09,0.00E+00,9.78E-11,4.88E-10,0.00E+00,0.00E+00
0:00:35,35341,119.9814,3.55E-09,1.95E-09,2.79E-09,9.78E-11,9.78E-11,4.89E-10,9.78E-11,0.00E+00
0:00:36,36116,119.717,3.55E-09,1.63E-09,2.79E-09,0.00E+00,-9.78E-11,4.89E-10,0.00E+00,9.78E-11
0:00:36,36891,119.717,3.11E-09,1.63E-09,2.79E-09,9.78E-11,0.00E+00,4.88E-10,0.00E+00,-9.78E-11
0:00:37,37666,119.9814,2.89E-09,1.63E-09,2.70E-09,9.78E-11,9.78E-11,5.58E-10,0.00E+00,0.00E+00
0:00:38,38441,119.9814,4.00E-09,1.85E-09,2.61E-09,0.00E+00,0.00E+00,3.49E-10,-9.78E-11,0.00E+00
0:00:39,39216,120.1137,3.78E-09,1.96E-09,2.89E-09,9.78E-11,0.00E+00,3.49E-10,0.00E+00,0.00E+00
0:00:39,39991,120.2459,2.67E-09,1.85E-09,2.70E-09,9.78E-11,0.00E+00,3.49E-10,0.00E+00,0.00E+00
0:00:40,40766,120.1137,4.00E-09,1.85E-09,2.70E-09,9.78E-11,9.78E-11,5.59E-10,0.00E+00,0.00E+00
0:00:41,41541,119.8492,4.00E-09,1.63E-09,5.96E-09,0.00E+00,0.00E+00,3.49E-10,0.00E+00,0.00E+00
0:00:42,42316,120.1137,4.00E-09,1.74E-09,8.00E-09,9.78E-11,0.00E+00,4.19E-10,0.00E+00,0.00E+00
0:00:43,43091,119.9814,4.22E-09,2.06E-09,8.94E-09,9.78E-11,0.00E+00,4.19E-10,0.00E+00,0.00E+00
0:00:43,43866,119.9814,4.22E-09,1.74E-09,6.42E-09,0.00E+00,0.00E+00,4.19E-10,-9.78E-11,0.00E+00
0:00:44,44641,119.5848,3.55E-09,1.74E-09,5.31E-09,9.78E-11,0.00E+00,4.89E-10,-9.78E-11,9.78E-11
0:00:45,45416,119.8492,3.55E-09,1.52E-09,4.47E-09,-9.78E-11,0.00E+00,4.19E-10,-9.78E-11,0.00E+00
0:00:46,46191,119.9814,3.55E-09,1.41E-09,4.65E-09,0.00E+00,0.00E+00,4.19E-10,9.78E-11,9.78E-11
0:00:46,46966,119.9814,3.33E-09,1.85E-09,4.47E-09,9.78E-11,0.00E+00,4.19E-10,-9.78E-11,0.00E+00
0:00:47,47741,120.1137,3.33E-09,1.63E-09,4.37E-09,0.00E+00,9.78E-11,3.49E-10,-9.78E-11,-9.78E-11
0:00:48,48516,119.717,3.55E-09,1.74E-09,4.65E-09,0.00E+00,0.00E+00,4.89E-10,0.00E+00,0.00E+00
0:00:49,49291,119.8492,3.55E-09,1.74E-09,4.56E-09,-9.78E-11,0.00E+00,4.19E-10,-9.78E-11,0.00E+00
0:00:50,50066,119.9814,3.55E-09,1.63E-09,4.00E-09,9.78E-11,0.00E+00,4.88E-10,-9.78E-11,-9.78E-11
0:00:50,50841,119.9814,4.00E-09,1.85E-09,3.63E-09,0.00E+00,-9.78E-11,4.19E-10,9.78E-11,0.00E+00
0:00:51,51616,119.8492,3.55E-09,1.74E-09,3.44E-09,0.00E+00,0.00E+00,4.89E-10,0.00E+00,0.00E+00
0:00:52,52391,119.8492,3.11E-09,1.74E-09,3.63E-09,0.00E+00,0.00E+00,4.88E-10,0.00E+00,9.78E-11
0:00:53,53166,119.8492,3.55E-09,1.74E-09,3.35E-09,0.00E+00,0.00E+00,2.80E-10,0.00E+00,-9.78E-11
0:00:53,53941,120.1137,3.55E-09,1.63E-09,3.72E-09,0.00E+00,9.78E-11,4.19E-10,9.78E-11,0.00E+00
0:00:54,54716,120.1137,3.55E-09,1.52E-09,3.63E-09,0.00E+00,0.00E+00,4.89E-10,0.00E+00,0.00E+00
0:00:55,55491,119.9814,3.78E-09,1.63E-09,3.63E-09,9.78E-11,0.00E+00,4.19E-10,0.00E+00,0.00E+00
0:00:56,56266,119.717,3.55E-09,1.63E-09,3.63E-09,0.00E+00,0.00E+00,3.49E-10,9.78E-11,-9.78E-11
0:00:57,57041,119.8492,3.78E-09,1.41E-09,3.26E-09,-9.78E-11,0.00E+00,5.58E-10,0.00E+00,0.00E+00
0:00:57,57816,119.9814,3.55E-09,1.63E-09,3.44E-09,0.00E+00,0.00E+00,4.89E-10,9.78E-11,0.00E+00
0:00:58,58591,119.717,3.33E-09,1.63E-09,3.54E-09,0.00E+00,0.00E+00,4.19E-10,0.00E+00,0.00E+00
0:00:59,59366,119.8492,3.33E-09,1.63E-09,3.35E-09,0.00E+00,0.00E+00,4.19E-10,-9.78E-11,-9.78E-11
0:01:00,60141,119.8492,4.00E-09,1.41E-09,3.35E-09,9.78E-11,9.78E-11,3.49E-10,0.00E+00,0.00E+00
0:01:00,60916,119.8492,3.78E-09,1.74E-09,3.26E-09,-9.78E-11,9.78E-11,3.49E-10,9.78E-11,0.00E+00
0:01:01,61691,119.8492,4.22E-09,1.52E-09,3.44E-09,0.00E+00,9.78E-11,4.19E-10,0.00E+00,0.00E+00
0:01:02,62466,120.1137,3.33E-09,1.52E-09,3.35E-09,9.78E-11,0.00E+00,4.89E-10,0.00E+00,-9.78E-11
0:01:03,63241,120.1137,4.22E-09,1.30E-09,3.26E-09,0.00E+00,9.78E-11,4.19E-10,0.00E+00,0.00E+00
0:01:04,64016,119.9814,3.33E-09,1.63E-09,3.16E-09,9.78E-11,9.78E-11,4.19E-10,0.00E+00,0.00E+00
0:01:04,64791,119.8492,3.33E-09,1.52E-09,3.35E-09,0.00E+00,0.00E+00,4.89E-10,0.00E+00,0.00E+00
0:01:05,65566,119.8492,3.33E-09,1.63E-09,3.16E-09,0.00E+00,-9.78E-11,4.19E-10,0.00E+00,9.78E-11
0:01:06,66341,119.717,3.78E-09,1.63E-09,3.16E-09,-9.78E-11,0.00E+00,4.19E-10,0.00E+00,-9.78E-11
0:01:07,67116,120.1137,3.78E-09,1.74E-09,3.54E-09,-9.78E-11,0.00E+00,3.49E-10,9.78E-11,-9.78E-11
0:01:07,67891,119.8492,3.33E-09,1.52E-09,3.16E-09,0.00E+00,9.78E-11,3.49E-10,0.00E+00,0.00E+00
0:01:08,68666,119.717,3.78E-09,1.74E-09,3.35E-09,9.78E-11,0.00E+00,3.49E-10,0.00E+00,0.00E+00
0:01:09,69441,120.1137,2.89E-09,1.74E-09,3.82E-09,9.78E-11,0.00E+00,5.58E-10,9.78E-11,0.00E+00
0:01:10,70216,120.907,3.77E-09,1.52E-09,4.19E-09,0.00E+00,-9.78E-11,7.68E-10,0.00E+00,-9.78E-11
0:01:10,70991,121.7004,3.78E-09,2.06E-09,5.86E-09,0.00E+00,-9.78E-11,4.88E-10,-9.78E-11,0.00E+00
0:01:11,71766,123.2871,3.55E-09,4.13E-09,6.05E-09,-9.78E-11,0.00E+00,6.98E-10,-9.78E-11,9.78E-11
0:01:12,72541,126.5927,3.11E-09,3.26E-09,6.70E-09,-9.78E-11,-9.78E-11,8.38E-10,0.00E+00,9.78E-11
0:01:13,73316,131.6173,3.78E-09,3.69E-09,6.24E-09,9.78E-11,0.00E+00,1.12E-09,0.00E+00,0.00E+00
0:01:14,74091,137.9642,3.78E-09,1.16E-08,5.31E-09,0.00E+00,-1.96E-10,1.05E-09,0.00E+00,9.78E-11
0:01:14,74866,144.84,4.00E-09,2.46E-08,4.10E-09,0.00E+00,0.00E+00,9.77E-10,0.00E+00,0.00E+00
0:01:15,75641,151.4513,3.33E-09,1.52E-08,3.63E-09,9.78E-11,0.00E+00,7.68E-10,0.00E+00,9.78E-11
0:01:16,76416,156.8725,3.33E-09,7.82E-09,2.89E-09,9.78E-11,0.00E+00,5.58E-10,0.00E+00,0.00E+00
0:01:17,77191,161.7649,3.33E-09,4.45E-09,3.35E-09,0.00E+00,0.00E+00,4.19E-10,0.00E+00,-9.78E-11
0:01:17,77966,165.2028,3.33E-09,3.15E-09,3.07E-09,0.00E+00,0.00E+00,4.18E-10,0.00E+00,-9.78E-11
0:01:18,78741,167.9795,3.33E-09,3.04E-09,3.16E-09,0.00E+00,9.78E-11,4.19E-10,-9.78E-11,0.00E+00
0:01:19,79516,170.0952,3.78E-09,2.82E-09,3.07E-09,9.78E-11,1.96E-10,5.58E-10,0.00E+00,0.00E+00
0:01:20,80291,172.343,4.00E-09,2.50E-09,3.16E-09,9.78E-11,9.78E-11,4.89E-10,9.78E-11,9.78E-11
0:01:21,81066,174.1942,3.33E-09,2.71E-09,3.07E-09,0.00E+00,0.00E+00,4.88E-10,0.00E+00,-9.78E-11
0:01:21,81841,175.9131,3.33E-09,2.50E-09,3.16E-09,0.00E+00,0.00E+00,4.19E-10,-9.78E-11,0.00E+00
0:01:22,82616,178.1609,3.55E-09,2.93E-09,2.79E-09,-9.78E-11,0.00E+00,4.19E-10,-9.78E-11,0.00E+00
0:01:23,83391,180.4088,3.78E-09,2.93E-09,3.26E-09,-9.78E-11,0.00E+00,6.28E-10,0.00E+00,-9.78E-11
0:01:24,84166,183.0533,3.11E-09,3.58E-09,3.26E-09,0.00E+00,0.00E+00,4.88E-10,0.00E+00,0.00E+00
0:01:24,84941,186.0945,3.33E-09,4.02E-09,3.16E-09,0.00E+00,0.00E+00,4.88E-10,-9.78E-11,9.78E-11
0:01:25,85716,189.6646,3.33E-09,3.91E-09,3.07E-09,0.00E+00,0.00E+00,4.88E-10,9.78E-11,1.96E-10
0:01:26,86491,193.7636,2.89E-09,3.69E-09,3.07E-09,9.78E-11,-9.78E-11,5.58E-10,0.00E+00,9.78E-11
0:01:27,87266,197.2015,4.00E-09,3.80E-09,2.89E-09,9.78E-11,0.00E+00,5.58E-10,0.00E+00,9.78E-11
0:01:28,88041,201.1683,3.55E-09,3.37E-09,3.16E-09,9.78E-11,0.00E+00,5.59E-10,0.00E+00,-9.78E-11
0:01:28,88816,205.0029,2.89E-09,3.15E-09,3.26E-09,0.00E+00,0.00E+00,5.58E-10,9.78E-11,0.00E+00
0:01:29,89591,208.4407,3.55E-09,3.26E-09,3.35E-09,-9.78E-11,0.00E+00,4.88E-10,9.78E-11,-9.78E-11
0:01:30,90366,211.7464,3.55E-09,3.26E-09,2.89E-09,0.00E+00,9.78E-11,4.88E-10,0.00E+00,0.00E+00
0:01:31,91141,214.9198,3.55E-09,3.15E-09,2.98E-09,-9.78E-11,0.00E+00,4.88E-10,-9.78E-11,9.78E-11
0:01:31,91916,217.8288,3.33E-09,3.04E-09,2.98E-09,0.00E+00,0.00E+00,5.58E-10,0.00E+00,1.96E-10
0:01:32,92691,220.6055,3.78E-09,3.15E-09,2.89E-09,0.00E+00,9.78E-11,4.88E-10,0.00E+00,0.00E+00
0:01:33,93466,223.2501,3.78E-09,3.37E-09,2.79E-09,0.00E+00,0.00E+00,4.89E-10,9.78E-11,0.00E+00
0:01:34,94241,226.2913,3.33E-09,3.15E-09,3.16E-09,0.00E+00,0.00E+00,4.89E-10,0.00E+00,9.78E-11
0:01:35,95016,229.068,3.11E-09,3.37E-09,2.98E-09,0.00E+00,0.00E+00,5.58E-10,0.00E+00,0.00E+00
0:01:35,95791,231.977,3.78E-09,3.47E-09,3.07E-09,9.78E-11,1.96E-10,4.89E-10,0.00E+00,-9.78E-11
0:01:36,96566,235.1504,3.78E-09,3.69E-09,3.07E-09,0.00E+00,0.00E+00,4.88E-10,0.00E+00,0.00E+00
0:01:37,97341,238.4561,3.78E-09,3.69E-09,2.89E-09,9.78E-11,-9.78E-11,4.19E-10,0.00E+00,-9.78E-11
0:01:38,98116,241.4973,3.11E-09,3.80E-09,2.98E-09,0.00E+00,0.00E+00,4.88E-10,0.00E+00,9.78E-11
0:01:38,98891,244.5385,3.33E-09,3.91E-09,2.79E-09,0.00E+00,0.00E+00,4.88E-10,9.78E-11,9.78E-11
0:01:39,99666,247.9764,3.33E-09,4.02E-09,2.70E-09,0.00E+00,0.00E+00,4.89E-10,0.00E+00,0.00E+00
0:01:40,100441,251.0176,3.11E-09,4.02E-09,2.98E-09,0.00E+00,9.78E-11,3.49E-10,0.00E+00,0.00E+00
0:01:41,101216,254.191,3.55E-09,3.80E-09,3.16E-09,0.00E+00,9.78E-11,4.88E-10,9.78E-11,0.00E+00
0:01:41,101991,257.4967,4.22E-09,3.58E-09,2.89E-09,9.78E-11,9.78E-11,4.19E-10,0.00E+00,9.78E-11
0:01:42,102766,260.5379,4.00E-09,3.80E-09,2.98E-09,0.00E+00,9.78E-11,5.58E-10,9.78E-11,0.00E+00
0:01:43,103541,263.5791,4.00E-09,4.02E-09,2.98E-09,9.78E-11,9.78E-11,4.89E-10,0.00E+00,0.00E+00
0:01:44,104316,266.7525,3.77E-09,3.69E-09,2.89E-09,0.00E+00,-9.78E-11,5.58E-10,0.00E+00,-9.78E-11
0:01:45,105091,269.9259,4.22E-09,3.80E-09,3.16E-09,-9.78E-11,0.00E+00,4.88E-10,0.00E+00,9.78E-11
0:01:45,105866,272.7027,3.33E-09,3.80E-09,3.07E-09,0.00E+00,9.78E-11,5.58E-10,0.00E+00,0.00E+00
0:01:46,106641,276.0083,4.00E-09,3.69E-09,2.89E-09,0.00E+00,-9.78E-11,4.88E-10,0.00E+00,0.00E+00
0:01:47,107416,278.9173,4.00E-09,3.80E-09,2.79E-09,-9.78E-11,1.96E-10,4.19E-10,-9.78E-11,0.00E+00
0:01:48,108191,281.9585,3.78E-09,4.02E-09,3.07E-09,0.00E+00,0.00E+00,5.58E-10,0.00E+00,0.00E+00
0:01:48,108966,284.9997,4.22E-09,3.80E-09,2.89E-09,-9.78E-11,9.78E-11,4.89E-10,9.78E-11,0.00E+00
0:01:49,109741,287.9087,4.44E-09,3.47E-09,3.07E-09,9.78E-11,0.00E+00,5.58E-10,0.00E+00,0.00E+00
0:01:50,110516,291.611,4.22E-09,3.37E-09,2.98E-09,1.96E-10,0.00E+00,4.89E-10,9.78E-11,-9.78E-11
0:01:51,111291,294.6522,4.44E-09,3.26E-09,2.89E-09,0.00E+00,0.00E+00,6.28E-10,0.00E+00,0.00E+00
0:01:52,112066,297.4289,5.11E-09,3.26E-09,3.26E-09,0.00E+00,0.00E+00,4.19E-10,0.00E+00,-9.78E-11
0:01:52,112841,300.6024,4.44E-09,2.93E-09,2.89E-09,0.00E+00,0.00E+00,4.89E-10,0.00E+00,0.00E+00
0:01:53,113616,304.0403,5.11E-09,2.93E-09,2.89E-09,9.78E-11,-9.78E-11,4.88E-10,9.78E-11,0.00E+00
0:01:54,114391,306.9492,5.11E-09,2.93E-09,3.07E-09,0.00E+00,9.78E-11,5.58E-10,0.00E+00,9.78E-11
0:01:55,115166,309.9904,5.33E-09,2.61E-09,3.16E-09,9.78E-11,9.78E-11,5.58E-10,9.78E-11,0.00E+00
0:01:55,115941,313.0316,5.55E-09,2.50E-09,3.07E-09,9.78E-11,1.96E-10,4.89E-10,0.00E+00,0.00E+00
0:01:56,116716,316.2051,5.55E-09,2.39E-09,3.07E-09,-9.78E-11,0.00E+00,4.19E-10,0.00E+00,0.00E+00
0:01:57,117491,319.3785,6.00E-09,2.50E-09,2.98E-09,9.78E-11,0.00E+00,5.58E-10,0.00E+00,9.78E-11
0:01:58,118266,322.6842,5.11E-09,2.28E-09,3.07E-09,0.00E+00,0.00E+00,5.58E-10,0.00E+00,0.00E+00
0:01:59,119041,325.3287,6.00E-09,1.96E-09,2.98E-09,-9.78E-11,-9.78E-11,5.58E-10,-9.78E-11,0.00E+00
0:01:59,119816,328.7666,6.00E-09,2.06E-09,2.79E-09,0.00E+00,-1.96E-10,5.58E-10,0.00E+00,0.00E+00
0:02:00,120591,331.94,6.44E-09,1.85E-09,2.98E-09,0.00E+00,0.00E+00,4.19E-10,0.00E+00,0.00E+00
0:02:01,121366,334.849,6.22E-09,2.17E-09,2.98E-09,9.78E-11,-9.78E-11,4.89E-10,0.00E+00,0.00E+00
0:02:02,122141,338.1546,6.44E-09,2.17E-09,2.89E-09,9.78E-11,0.00E+00,6.28E-10,-9.78E-11,9.78E-11
0:02:02,122916,341.0636,5.78E-09,2.06E-09,3.07E-09,9.78E-11,9.78E-11,4.89E-10,9.78E-11,0.00E+00
0:02:03,123691,344.237,6.44E-09,1.95E-09,3.35E-09,9.78E-11,9.78E-11,4.89E-10,9.78E-11,0.00E+00
0:02:04,124466,347.4104,6.22E-09,2.06E-09,3.16E-09,9.78E-11,0.00E+00,6.28E-10,0.00E+00,0.00E+00
0:02:05,125241,350.4516,6.22E-09,1.74E-09,3.35E-09,0.00E+00,0.00E+00,5.58E-10,0.00E+00,0.00E+00
0:02:06,126016,353.4928,6.22E-09,2.06E-09,2.98E-09,0.00E+00,9.78E-11,4.88E-10,-9.78E-11,0.00E+00
0:02:06,126791,356.9307,6.22E-09,2.17E-09,3.16E-09,-9.78E-11,9.78E-11,5.58E-10,-9.78E-11,0.00E+00
0:02:07,127566,359.7075,6.22E-09,2.06E-09,2.98E-09,0.00E+00,0.00E+00,4.88E-10,-9.78E-11,9.78E-11
0:02:08,128341,362.8809,6.00E-09,1.85E-09,3.16E-09,0.00E+00,0.00E+00,4.88E-10,0.00E+00,9.78E-11
0:02:09,129116,366.3188,6.66E-09,2.06E-09,2.89E-09,9.78E-11,9.78E-11,4.19E-10,0.00E+00,-9.78E-11
0:02:09,129891,369.2278,5.78E-09,1.85E-09,2.89E-09,9.78E-11,0.00E+00,4.89E-10,9.78E-11,0.00E+00
0:02:10,130666,372.4012,6.22E-09,1.95E-09,3.07E-09,0.00E+00,0.00E+00,4.89E-10,0.00E+00,0.00E+00
0:02:11,131441,375.1779,6.00E-09,1.95E-09,3.26E-09,0.00E+00,0.00E+00,5.58E-10,0.00E+00,9.78E-11
0:02:12,132216,378.6158,5.78E-09,1.95E-09,2.98E-09,0.00E+00,0.00E+00,5.58E-10,0.00E+00,0.00E+00
0:02:12,132991,381.3926,5.55E-09,2.06E-09,3.26E-09,0.00E+00,-9.78E-11,4.19E-10,9.78E-11,0.00E+00
0:02:13,133766,384.6982,4.66E-09,1.85E-09,3.16E-09,0.00E+00,0.00E+00,4.88E-10,9.78E-11,0.00E+00
0:02:14,134541,387.6072,4.44E-09,1.85E-09,3.16E-09,-9.78E-11,9.78E-11,5.58E-10,-9.78E-11,-9.78E-11
0:02:15,135316,390.9129,5.11E-09,1.74E-09,3.44E-09,-9.78E-11,9.78E-11,4.88E-10,0.00E+00,0.00E+00
0:02:16,136091,393.9541,5.11E-09,1.74E-09,3.35E-09,0.00E+00,0.00E+00,5.58E-10,9.78E-11,-9.78E-11
0:02:16,136866,397.2597,4.89E-09,1.95E-09,3.54E-09,9.78E-11,1.96E-10,5.59E-10,9.78E-11,0.00E+00
0:02:17,137641,400.1687,5.33E-09,1.74E-09,3.54E-09,9.78E-11,0.00E+00,4.89E-10,0.00E+00,0.00E+00
0:02:18,138416,403.4743,4.66E-09,1.74E-09,3.82E-09,9.78E-11,0.00E+00,4.88E-10,9.78E-11,0.00E+00
0:02:19,139191,406.5155,4.44E-09,1.74E-09,3.72E-09,0.00E+00,9.78E-11,4.88E-10,0.00E+00,0.00E+00
0:02:19,139966,409.4245,4.22E-09,1.85E-09,3.63E-09,0.00E+00,0.00E+00,6.28E-10,-9.78E-11,0.00E+00
0:02:20,140741,412.7302,3.78E-09,1.85E-09,3.44E-09,0.00E+00,0.00E+00,5.58E-10,-9.78E-11,0.00E+00
0:02:21,141516,415.7713,4.22E-09,1.63E-09,3.63E-09,0.00E+00,9.78E-11,4.19E-10,0.00E+00,9.78E-11
0:02:22,142291,418.9448,4.66E-09,1.74E-09,3.91E-09,9.78E-11,9.78E-11,4.19E-10,0.00E+00,9.78E-11
0:02:23,143066,421.986,4.00E-09,1.85E-09,3.72E-09,0.00E+00,0.00E+00,4.89E-10,0.00E+00,0.00E+00
0:02:23,143841,424.895,4.66E-09,1.63E-09,4.00E-09,9.78E-11,1.96E-10,5.59E-10,9.78E-11,-9.78E-11
0:02:24,144616,428.3328,3.78E-09,1.85E-09,4.10E-09,0.00E+00,0.00E+00,4.89E-10,0.00E+00,0.00E+00
0:02:25,145391,431.2418,4.00E-09,1.85E-09,4.19E-09,1.96E-10,0.00E+00,5.58E-10,9.78E-11,0.00E+00
0:02:26,146166,434.283,4.44E-09,1.74E-09,4.19E-09,-9.78E-11,0.00E+00,5.58E-10,-9.78E-11,1.96E-10
0:02:26,146941,437.4565,4.66E-09,1.63E-09,4.19E-09,-9.78E-11,0.00E+00,4.88E-10,0.00E+00,0.00E+00
0:02:27,147716,440.2332,3.78E-09,1.74E-09,4.65E-09,0.00E+00,-9.78E-11,4.88E-10,-9.78E-11,-9.78E-11
0:02:28,148491,443.6711,3.78E-09,1.96E-09,4.56E-09,0.00E+00,9.78E-11,5.58E-10,-1.96E-10,9.78E-11
0:02:29,149266,446.8445,3.55E-09,1.85E-09,4.47E-09,-9.78E-11,9.78E-11,4.19E-10,0.00E+00,9.78E-11
0:02:30,150041,450.1502,4.00E-09,1.52E-09,4.28E-09,0.00E+00,0.00E+00,4.89E-10,0.00E+00,0.00E+00
0:02:30,150816,452.7947,3.55E-09,1.74E-09,4.65E-09,9.78E-11,9.78E-11,5.58E-10,0.00E+00,-9.78E-11
0:02:31,151591,455.9681,4.22E-09,1.74E-09,4.93E-09,9.78E-11,0.00E+00,4.89E-10,0.00E+00,-9.78E-11
0:02:32,152366,459.1416,4.00E-09,1.52E-09,4.84E-09,9.78E-11,0.00E+00,6.28E-10,0.00E+00,0.00E+00
0:02:33,153141,462.4472,3.77E-09,1.63E-09,5.49E-09,0.00E+00,0.00E+00,6.28E-10,0.00E+00,-9.78E-11
0:02:33,153916,465.4884,4.00E-09,1.74E-09,5.40E-09,-9.78E-11,-9.78E-11,4.88E-10,-9.78E-11,9.78E-11
0:02:34,154691,468.5296,3.78E-09,1.85E-09,5.49E-09,0.00E+00,-9.78E-11,5.58E-10,0.00E+00,0.00E+00
0:02:35,155466,471.703,4.00E-09,1.63E-09,5.49E-09,0.00E+00,0.00E+00,4.88E-10,0.00E+00,9.78E-11
0:02:36,156241,474.7442,3.55E-09,1.74E-09,5.77E-09,0.00E+00,0.00E+00,5.58E-10,0.00E+00,9.78E-11
0:02:37,157016,477.9177,4.44E-09,1.74E-09,6.05E-09,0.00E+00,9.78E-11,3.49E-10,0.00E+00,0.00E+00
0:02:37,157791,480.9589,3.78E-09,1.74E-09,5.58E-09,-9.78E-11,9.78E-11,4.88E-10,-9.78E-11,0.00E+00
0:02:38,158566,484.1323,4.44E-09,1.63E-09,5.86E-09,9.78E-11,0.00E+00,5.58E-10,-9.78E-11,0.00E+00
0:02:39,159341,487.3057,4.00E-09,1.74E-09,5.96E-09,0.00E+00,0.00E+00,5.58E-10,0.00E+00,0.00E+00
0:02:40,160116,490.3469,4.66E-09,1.85E-09,5.86E-09,9.78E-11,9.78E-11,4.88E-10,0.00E+00,0.00E+00
0:02:40,160891,493.2559,4.22E-09,1.74E-09,5.68E-09,-9.78E-11,9.78E-11,4.19E-10,0.00E+00,0.00E+00
0:02:41,161666,496.5615,4.00E-09,1.41E-09,5.86E-09,0.00E+00,0.00E+00,5.58E-10,-9.78E-11,-9.78E-11
0:02:42,162441,499.6027,3.78E-09,1.96E-09,5.58E-09,-9.78E-11,9.78E-11,4.88E-10,0.00E+00,0.00E+00
0:02:43,163216,502.9084,3.78E-09,1.74E-09,5.40E-09,0.00E+00,9.78E-11,4.89E-10,9.78E-11,-9.78E-11
0:02:43,163991,505.8174,3.78E-09,1.85E-09,5.31E-09,0.00E+00,9.78E-11,4.89E-10,0.00E+00,0.00E+00
0:02:44,164766,508.8586,4.00E-09,1.85E-09,5.03E-09,0.00E+00,0.00E+00,4.19E-10,0.00E+00,0.00E+00
0:02:45,165541,511.8998,3.78E-09,1.74E-09,4.75E-09,0.00E+00,0.00E+00,6.28E-10,0.00E+00,0.00E+00
0:02:46,166316,515.2055,4.22E-09,1.52E-09,4.93E-09,0.00E+00,0.00E+00,4.88E-10,0.00E+00,0.00E+00
0:02:47,167091,518.5111,3.78E-09,1.74E-09,4.56E-09,9.78E-11,0.00E+00,4.19E-10,-9.78E-11,0.00E+00
0:02:47,167866,521.6845,3.77E-09,1.63E-09,4.65E-09,0.00E+00,0.00E+00,4.88E-10,0.00E+00,-9.78E-11
0:02:48,168641,524.4613,3.78E-09,1.52E-09,4.28E-09,9.78E-11,0.00E+00,5.58E-10,-9.78E-11,0.00E+00
0:02:49,169416,527.5025,3.78E-09,1.63E-09,4.10E-09,9.78E-11,9.78E-11,4.19E-10,0.00E+00,-9.78E-11
0:02:50,170191,531.0726,4.22E-09,1.63E-09,4.10E-09,9.78E-11,0.00E+00,4.88E-10,0.00E+00,9.78E-11
0:02:50,170966,533.9815,3.78E-09,1.74E-09,3.72E-09,9.78E-11,0.00E+00,4.89E-10,0.00E+00,0.00E+00
0:02:51,171741,536.8905,4.00E-09,1.74E-09,3.54E-09,-9.78E-11,0.00E+00,5.58E-10,0.00E+00,0.00E+00
0:02:52,172516,540.4607,3.55E-09,1.74E-09,3.82E-09,9.78E-11,-9.78E-11,5.58E-10,0.00E+00,0.00E+00
0:02:53,173291,542.9729,4.00E-09,1.74E-09,3.35E-09,9.78E-11,0.00E+00,4.19E-10,-1.96E-10,9.78E-11
0:02:54,174066,546.4108,3.78E-09,1.41E-09,3.72E-09,9.78E-11,-9.78E-11,4.88E-10,9.78E-11,0.00E+00
0:02:54,174841,549.1876,4.22E-09,1.85E-09,3.63E-09,-9.78E-11,0.00E+00,4.88E-10,-9.78E-11,-9.78E-11
0:02:55,175616,552.361,3.78E-09,1.96E-09,3.44E-09,0.00E+00,9.78E-11,4.19E-10,0.00E+00,0.00E+00
0:02:56,176391,555.7989,3.78E-09,1.85E-09,3.63E-09,0.00E+00,-9.78E-11,4.89E-10,9.78E-11,0.00E+00
0:02:57,177166,558.7078,4.44E-09,1.52E-09,3.54E-09,9.78E-11,0.00E+00,5.58E-10,0.00E+00,0.00E+00
0:02:57,177941,561.749,3.33E-09,1.85E-09,3.44E-09,9.78E-11,0.00E+00,4.89E-10,9.78E-11,-9.78E-11
0:02:58,178716,564.7902,4.89E-09,1.63E-09,3.54E-09,0.00E+00,0.00E+00,4.19E-10,0.00E+00,0.00E+00
0:02:59,179491,567.8314,3.77E-09,1.74E-09,3.44E-09,0.00E+00,0.00E+00,4.88E-10,-9.78E-11,0.00E+00
0:03:00,180266,571.4016,4.22E-09,1.74E-09,3.16E-09,0.00E+00,0.00E+00,4.19E-10,9.78E-11,0.00E+00
0:03:01,181041,574.1783,3.78E-09,2.06E-09,3.54E-09,0.00E+00,0.00E+00,4.19E-10,0.00E+00,-1.96E-10
0:03:01,181816,577.2195,3.11E-09,1.74E-09,3.44E-09,0.00E+00,0.00E+00,4.19E-10,0.00E+00,0.00E+00
0:03:02,182591,580.5252,4.66E-09,1.52E-09,3.16E-09,-9.78E-11,0.00E+00,4.89E-10,9.78E-11,-9.78E-11
0:03:03,183366,583.5664,4.00E-09,1.74E-09,3.54E-09,0.00E+00,-9.78E-11,4.88E-10,0.00E+00,0.00E+00
0:03:04,184141,586.6076,3.78E-09,1.74E-09,3.16E-09,0.00E+00,0.00E+00,5.58E-10,0.00E+00,0.00E+00
0:03:04,184916,589.6488,3.78E-09,1.74E-09,3.44E-09,-9.78E-11,0.00E+00,4.88E-10,9.78E-11,0.00E+00
0:03:05,185691,592.9544,3.78E-09,1.52E-09,3.16E-09,0.00E+00,0.00E+00,4.88E-10,0.00E+00,9.78E-11
0:03:06,186466,595.9956,3.33E-09,1.63E-09,3.44E-09,-9.78E-11,-9.78E-11,4.89E-10,-9.78E-11,-9.78E-11
0:03:07,187241,598.7724,4.00E-09,1.63E-09,3.44E-09,0.00E+00,9.78E-11,5.59E-10,9.78E-11,0.00E+00
0:03:08,188016,601.9458,3.55E-09,1.63E-09,3.16E-09,0.00E+00,0.00E+00,4.89E-10,0.00E+00,0.00E+00
0:03:08,188791,605.2514,4.00E-09,1.63E-09,3.07E-09,0.00E+00,0.00E+00,6.28E-10,0.00E+00,0.00E+00
0:03:09,189566,608.2927,3.11E-09,1.63E-09,3.07E-09,0.00E+00,0.00E+00,5.58E-10,0.00E+00,9.78E-11
0:03:10,190341,611.5983,3.55E-09,1.85E-09,3.35E-09,9.78E-11,-9.78E-11,4.88E-10,0.00E+00,9.78E-11
0:03:11,191116,614.6395,3.55E-09,1.74E-09,3.35E-09,0.00E+00,-9.78E-11,4.19E-10,0.00E+00,9.78E-11
0:03:11,191891,617.9452,4.44E-09,1.95E-09,3.35E-09,9.78E-11,-9.78E-11,4.89E-10,0.00E+00,9.78E-11
0:03:12,192666,621.1186,3.78E-09,1.85E-09,3.35E-09,0.00E+00,0.00E+00,5.58E-10,0.00E+00,-9.78E-11
0:03:13,193441,623.8953,4.22E-09,1.85E-09,3.07E-09,9.78E-11,-9.78E-11,5.58E-10,0.00E+00,-9.78E-11
0:03:14,194216,627.0687,3.33E-09,1.74E-09,3.07E-09,0.00E+00,9.78E-11,4.19E-10,-9.78E-11,0.00E+00
0:03:14,194991,630.3744,4.00E-09,1.85E-09,3.35E-09,0.00E+00,0.00E+00,4.88E-10,-9.78E-11,9.78E-11
0:03:15,195766,633.1511,3.33E-09,1.74E-09,3.16E-09,-9.78E-11,0.00E+00,4.88E-10,0.00E+00,0.00E+00
0:03:16,196541,636.3246,3.78E-09,1.74E-09,3.07E-09,0.00E+00,0.00E+00,4.19E-10,-9.78E-11,0.00E+00
0:03:17,197316,639.498,3.55E-09,1.85E-09,3.26E-09,-9.78E-11,9.78E-11,5.58E-10,9.78E-11,0.00E+00
0:03:18,198091,642.6715,3.78E-09,1.85E-09,3.16E-09,9.78E-11,9.78E-11,4.19E-10,0.00E+00,-9.78E-11
0:03:18,198866,645.4482,3.33E-09,1.85E-09,3.07E-09,0.00E+00,0.00E+00,4.89E-10,-9.78E-11,-9.78E-11
0:03:19,199641,648.7539,3.33E-09,1.52E-09,3.26E-09,9.78E-11,0.00E+00,4.88E-10,0.00E+00,0.00E+00
0:03:20,200416,651.9273,4.00E-09,1.52E-09,3.16E-09,0.00E+00,0.00E+00,5.58E-10,0.00E+00,-9.78E-11
0:03:21,201191,654.9685,3.55E-09,1.74E-09,3.35E-09,0.00E+00,0.00E+00,4.19E-10,9.78E-11,9.78E-11
0:03:21,201966,658.1419,3.33E-09,1.96E-09,3.54E-09,0.00E+00,-9.78E-11,5.58E-10,0.00E+00,9.78E-11
0:03:22,202741,661.1831,3.33E-09,2.06E-09,2.98E-09,9.78E-11,0.00E+00,6.28E-10,0.00E+00,0.00E+00
0:03:23,203516,664.2243,4.00E-09,1.85E-09,3.16E-09,0.00E+00,0.00E+00,5.58E-10,-9.78E-11,0.00E+00
0:03:24,204291,667.3977,3.55E-09,1.74E-09,3.54E-09,0.00E+00,9.78E-11,4.19E-10,9.78E-11,0.00E+00
0:03:25,205066,670.7034,3.78E-09,1.74E-09,3.26E-09,0.00E+00,9.78E-11,4.89E-10,0.00E+00,-9.78E-11
0:03:25,205841,673.7446,3.78E-09,1.85E-09,3.72E-09,9.78E-11,0.00E+00,5.58E-10,0.00E+00,0.00E+00
0:03:26,206616,676.7858,3.78E-09,1.85E-09,3.35E-09,0.00E+00,0.00E+00,4.18E-10,-9.78E-11,-9.78E-11
0:03:27,207391,679.9593,3.33E-09,1.96E-09,3.44E-09,9.78E-11,0.00E+00,4.89E-10,-9.78E-11,9.78E-11
0:03:28,208166,682.8682,3.78E-09,1.85E-09,3.16E-09,0.00E+00,9.78E-11,4.89E-10,0.00E+00,0.00E+00
0:03:28,208941,685.9094,4.00E-09,1.85E-09,3.16E-09,0.00E+00,0.00E+00,4.88E-10,0.00E+00,9.78E-11
0:03:29,209716,689.0828,3.55E-09,2.17E-09,3.16E-09,9.78E-11,9.78E-11,4.89E-10,9.78E-11,0.00E+00
0:03:30,210491,692.3885,3.55E-09,1.95E-09,3.07E-09,0.00E+00,0.00E+00,4.19E-10,0.00E+00,0.00E+00
0:03:31,211266,695.5619,4.00E-09,1.95E-09,3.16E-09,0.00E+00,-9.78E-11,4.88E-10,0.00E+00,0.00E+00
0:03:32,212041,698.4709,3.55E-09,1.85E-09,3.54E-09,0.00E+00,-9.78E-11,3.49E-10,-9.78E-11,0.00E+00
0:03:32,212816,701.5121,4.44E-09,2.06E-09,3.44E-09,0.00E+00,0.00E+00,4.88E-10,0.00E+00,0.00E+00
0:03:33,213591,704.95,4.00E-09,1.85E-09,3.35E-09,0.00E+00,-9.78E-11,4.88E-10,9.78E-11,0.00E+00
0:03:34,214366,707.7267,3.55E-09,1.85E-09,3.44E-09,0.00E+00,0.00E+00,3.49E-10,-9.78E-11,0.00E+00
0:03:35,215141,711.1646,3.55E-09,1.96E-09,3.26E-09,-9.78E-11,9.78E-11,5.58E-10,0.00E+00,0.00E+00
0:03:35,215916,714.0736,4.00E-09,2.06E-09,3.72E-09,0.00E+00,0.00E+00,4.89E-10,0.00E+00,0.00E+00
0:03:36,216691,717.1148,3.78E-09,1.74E-09,3.54E-09,0.00E+00,9.78E-11,4.89E-10,9.78E-11,0.00E+00
0:03:37,217466,720.4204,3.33E-09,1.95E-09,3.26E-09,9.78E-11,0.00E+00,4.89E-10,0.00E+00,0.00E+00
0:03:38,218241,723.4616,4.22E-09,1.74E-09,3.44E-09,-9.78E-11,0.00E+00,4.88E-10,0.00E+00,0.00E+00
0:03:39,219016,726.3706,3.33E-09,1.63E-09,3.54E-09,0.00E+00,0.00E+00,4.88E-10,0.00E+00,0.00E+00
0:03:39,219791,729.4118,4.00E-09,2.06E-09,3.44E-09,-9.78E-11,0.00E+00,4.19E-10,0.00E+00,0.00E+00
0:03:40,220566,732.5852,3.11E-09,1.96E-09,3.82E-09,-9.78E-11,-9.78E-11,4.19E-10,0.00E+00,9.78E-11
0:03:41,221341,735.6264,3.55E-09,1.96E-09,3.44E-09,0.00E+00,0.00E+00,4.88E-10,0.00E+00,0.00E+00
0:03:42,222116,738.6676,4.44E-09,1.96E-09,3.26E-09,0.00E+00,9.78E-11,4.19E-10,1.96E-10,0.00E+00
0:03:42,222891,741.9733,4.00E-09,1.95E-09,3.63E-09,0.00E+00,0.00E+00,4.19E-10,0.00E+00,-9.78E-11
0:03:43,223666,745.279,3.55E-09,2.06E-09,3.54E-09,0.00E+00,0.00E+00,3.49E-10,0.00E+00,0.00E+00
0:03:44,224441,748.188,4.00E-09,1.85E-09,3.44E-09,0.00E+00,0.00E+00,4.19E-10,9.78E-11,0.00E+00
0:03:45,225216,751.4936,3.33E-09,1.95E-09,3.72E-09,0.00E+00,-9.78E-11,4.88E-10,9.78E-11,0.00E+00
0:03:45,225991,754.4026,4.00E-09,1.96E-09,3.54E-09,0.00E+00,0.00E+00,5.58E-10,-9.78E-11,0.00E+00
0:03:46,226766,757.4437,3.55E-09,2.06E-09,3.54E-09,-9.78E-11,0.00E+00,4.88E-10,0.00E+00,0.00E+00
0:03:47,227541,760.6172,3.55E-09,2.06E-09,3.44E-09,0.00E+00,9.78E-11,3.49E-10,0.00E+00,0.00E+00
0:03:48,228316,763.6584,3.55E-09,2.17E-09,3.63E-09,0.00E+00,9.78E-11,4.19E-10,0.00E+00,0.00E+00
0:03:49,229091,766.8318,3.55E-09,2.17E-09,3.54E-09,9.78E-11,9.78E-11,4.89E-10,0.00E+00,-9.78E-11
0:03:49,229866,769.7408,3.33E-09,2.39E-09,3.54E-09,0.00E+00,9.78E-11,6.28E-10,9.78E-11,-9.78E-11
0:03:50,230641,773.0465,4.00E-09,2.28E-09,3.54E-09,-9.78E-11,0.00E+00,4.89E-10,0.00E+00,0.00E+00
0:03:51,231416,776.0877,4.00E-09,2.06E-09,3.82E-09,-9.78E-11,0.00E+00,4.19E-10,0.00E+00,0.00E+00
0:03:52,232191,779.1289,4.22E-09,2.06E-09,3.82E-09,0.00E+00,0.00E+00,4.89E-10,0.00E+00,0.00E+00
0:03:52,232966,782.1701,3.55E-09,2.06E-09,3.35E-09,-9.78E-11,0.00E+00,4.19E-10,9.78E-11,0.00E+00
0:03:53,233741,785.4757,3.55E-09,2.17E-09,3.54E-09,0.00E+00,0.00E+00,4.19E-10,0.00E+00,0.00E+00
0:03:54,234516,788.6491,3.78E-09,2.06E-09,3.35E-09,-9.78E-11,0.00E+00,3.49E-10,0.00E+00,9.78E-11
0:03:55,235291,791.5581,4.00E-09,2.39E-09,3.35E-09,-9.78E-11,0.00E+00,4.19E-10,0.00E+00,9.78E-11
0:03:56,236066,795.1282,4.00E-09,2.06E-09,3.54E-09,0.00E+00,9.78E-11,4.19E-10,0.00E+00,0.00E+00
0:03:56,236841,798.0372,4.00E-09,2.06E-09,3.35E-09,0.00E+00,-9.78E-11,5.58E-10,0.00E+00,-9.78E-11
0:03:57,237616,801.0784,3.78E-09,2.39E-09,3.44E-09,0.00E+00,-9.78E-11,4.19E-10,0.00E+00,-9.78E-11
