0000000595,scans,0000000146,DataLength
"header",0000000028,"lines"
"Date",5/9/2016,"Time",7:24:57 AM
"ID","HAL RC RGA 301 #14852","Version",3
"Scans",9
"Scan ID","Mode","Input","Scanned","Start","Stop","Increment","Dwell","Settle","RS","RelSEM"
"Scan 1","RGA","Temperature","none",0.40,0.40,0.01,10.000,10.000,1.000000,1.000000,
"Scan 2","RGA","SEM","mass",2.00,2.00,0.01,10.000,10.000,0.440000,1.000000,
"Scan 3","RGA","SEM","mass",14.00,14.00,0.01,10.000,10.000,1.000000,1.000000,
"Scan 4","RGA","SEM","mass",18.00,18.00,0.01,10.000,10.000,0.900000,1.000000,
"Scan 5","RGA","SEM","mass",28.00,28.00,0.01,10.000,10.000,1.050000,1.000000,
"Scan 6","RGA","SEM","mass",29.00,29.00,0.01,10.000,10.000,1.000000,1.000000,
"Scan 7","RGA","SEM","mass",43.00,43.00,0.01,10.000,10.000,1.000000,1.000000,
"Scan 8","RGA","SEM","mass",44.00,44.00,0.01,10.000,10.000,1.400000,1.000000,
"Scan 9","RGA","SEM","mass",60.00,60.00,0.01,10.000,10.000,0.577000,1.000000,
"Environment",
"Global","RGA"
"F1",1,"( 1 = on, 0 = off )"
"F2",0,"( 1 = on, 0 = off )"
"cage",3.3,"V"
"delta-m",0,"%"
"electron-energy",70.0,"V"
"emission",1000.000,"uA"
"focus",-90,"V"
"mass",5.50,"amu"
"mode-change-delay",1000,"ms"
"multiplier",1100,"V"
"resolution",0,"%"
"Data",9
"Time","ms","Temperature","Hydrogen","Ketene","Water","Carbon monoxide","Acetaldehyde","Acetic acid","Carbon dioxide","Acetic acid",
00:00:01,      1241,   140.2121,  2.44318e-10,  0.00000e+00, -1.19444e-10,  0.00000e+00,  2.15000e-10,  1.07500e-10,  0.00000e+00, -1.86308e-10,
00:00:01,      1746,   140.2121,  2.44318e-10,  2.15000e-10,  1.19444e-09,  1.43333e-09,  2.15000e-10,  3.22500e-10,  1.51268e-08,  5.58925e-10,
00:00:02,      2251,   140.2121,  1.71023e-08,  1.15777e-07,  4.33583e-08,  1.26133e-07,  7.74000e-09,  5.26750e-09,  3.19044e-07,  2.23570e-09,
00:00:02,      2756,   140.0798,  1.78352e-08,  6.51450e-08,  2.73528e-08,  8.12905e-08,  5.16000e-09,  4.08500e-09,  2.11084e-07,  1.49047e-09,
00:00:03,      3261,   140.2121,  1.46591e-08,  4.78375e-08,  2.16194e-08,  6.32714e-08,  4.30000e-09,  3.22500e-09,  1.54876e-07,  1.30416e-09,
00:00:03,      3766,   140.3443,  1.36818e-08,  3.87000e-08,  1.79167e-08,  5.21119e-08,  3.54750e-09,  2.68750e-09,  1.20400e-07,  1.30416e-09,
00:00:04,      4271,   140.2121,  1.36818e-08,  3.07450e-08,  1.54083e-08,  4.56619e-08,  3.22500e-09,  2.79500e-09,  9.93607e-08,  1.30416e-09,
00:00:04,      4776,   140.2121,  1.24602e-08,  2.51550e-08,  1.26611e-08,  4.01333e-08,  2.79500e-09,  2.36500e-09,  8.26979e-08,  1.30416e-09,
00:00:05,      5281,   140.2121,  1.24602e-08,  2.15000e-08,  1.17056e-08,  3.57310e-08,  2.58000e-09,  2.04250e-09,  7.07964e-08,  1.11785e-09,
00:00:05,      5786,   140.3443,  1.07500e-08,  1.87050e-08,  1.09889e-08,  3.23524e-08,  2.15000e-09,  2.04250e-09,  6.23500e-08,  1.11785e-09,
00:00:06,      6291,   140.0798,  1.12386e-08,  1.66625e-08,  1.00333e-08,  3.01000e-08,  2.15000e-09,  2.04250e-09,  5.49018e-08,  9.31542e-10,
00:00:06,      6796,   140.0798,  1.07500e-08,  1.45125e-08,  9.79444e-09,  2.79500e-08,  1.93500e-09,  1.93500e-09,  4.77607e-08,  9.31542e-10,
00:00:07,      7301,   139.9476,  1.09943e-08,  1.33300e-08,  8.48056e-09,  2.66190e-08,  1.61250e-09,  1.72000e-09,  4.43054e-08,  1.11785e-09,
00:00:07,      7806,   140.3443,  1.00170e-08,  1.21475e-08,  8.71944e-09,  2.38548e-08,  1.72000e-09,  1.72000e-09,  4.02357e-08,  9.31542e-10,
00:00:08,      8311,   140.3443,  1.09943e-08,  1.09650e-08,  7.76389e-09,  2.32405e-08,  1.61250e-09,  1.93500e-09,  3.68571e-08,  9.31542e-10,
00:00:08,      8816,   140.0798,  9.52841e-09,  1.02125e-08,  8.12222e-09,  2.21143e-08,  1.39750e-09,  1.93500e-09,  3.44000e-08,  5.58925e-10,
00:00:09,      9321,   140.2121,  9.77273e-09,  9.99750e-09,  7.52500e-09,  2.13976e-08,  1.29000e-09,  1.82750e-09,  3.15589e-08,  1.11785e-09,
00:00:09,      9826,   140.0798,  1.00170e-08,  9.46000e-09,  6.80833e-09,  2.01690e-08,  1.39750e-09,  1.72000e-09,  2.91018e-08,  1.11785e-09,
00:00:10,     10331,   139.9476,  9.52841e-09,  8.38500e-09,  7.16667e-09,  1.99643e-08,  1.18250e-09,  1.61250e-09,  2.78732e-08,  9.31542e-10,
00:00:10,     10836,   140.3443,  9.52841e-09,  8.27750e-09,  6.80833e-09,  1.87357e-08,  1.29000e-09,  1.61250e-09,  2.65679e-08,  9.31542e-10,
00:00:11,     11341,   139.9476,  9.52841e-09,  7.74000e-09,  6.45000e-09,  1.87357e-08,  1.18250e-09,  1.61250e-09,  2.52625e-08,  5.58925e-10,
00:00:11,     11846,   140.2121,  9.03977e-09,  7.31000e-09,  6.45000e-09,  1.81214e-08,  1.18250e-09,  1.61250e-09,  2.32661e-08,  5.58925e-10,
00:00:12,     12351,   140.0798,  9.03977e-09,  6.88000e-09,  6.33056e-09,  1.80190e-08,  1.07500e-09,  1.50500e-09,  2.21911e-08,  9.31542e-10,
00:00:12,     12856,   140.3443,  9.77273e-09,  6.55750e-09,  6.21111e-09,  1.75071e-08,  9.67500e-10,  1.50500e-09,  2.12696e-08,  9.31542e-10,
00:00:13,     13361,   140.4765,  8.55114e-09,  6.12750e-09,  5.97222e-09,  1.63810e-08,  1.18250e-09,  1.39750e-09,  2.04250e-08,  7.45234e-10,
00:00:13,     13866,   140.0798,  8.79545e-09,  6.55750e-09,  6.09167e-09,  1.57667e-08,  1.07500e-09,  1.72000e-09,  2.00411e-08,  7.45234e-10,
00:00:14,     14371,   140.2121,  9.03977e-09,  5.91250e-09,  6.09167e-09,  1.61762e-08,  1.18250e-09,  1.29000e-09,  1.87357e-08,  7.45234e-10,
00:00:14,     14876,   140.2121,  8.79545e-09,  5.80500e-09,  6.09167e-09,  1.56643e-08,  9.67500e-10,  1.29000e-09,  1.81214e-08,  9.31542e-10,
00:00:15,     15381,   140.3443,  8.79545e-09,  5.80500e-09,  6.33056e-09,  1.52548e-08,  9.67500e-10,  1.39750e-09,  1.74304e-08,  1.11785e-09,
00:00:15,     15886,   140.3443,  8.30682e-09,  5.26750e-09,  6.09167e-09,  1.55619e-08,  9.67500e-10,  1.39750e-09,  1.72768e-08,  7.45234e-10,
00:00:16,     16391,   140.2121,  9.28409e-09,  5.37500e-09,  6.09167e-09,  1.47429e-08,  8.60000e-10,  1.29000e-09,  1.70464e-08,  7.45234e-10,
00:00:16,     16896,   140.2121,  8.79545e-09,  5.16000e-09,  6.33056e-09,  1.43333e-08,  9.67500e-10,  1.39750e-09,  1.62018e-08,  7.45234e-10,
00:00:17,     17401,   140.3443,  8.79545e-09,  5.05250e-09,  5.73333e-09,  1.43333e-08,  7.52500e-10,  1.39750e-09,  1.60482e-08,  7.45234e-10,
00:00:17,     17906,   140.3443,  8.79545e-09,  4.62250e-09,  5.85278e-09,  1.38214e-08,  9.67500e-10,  1.61250e-09,  1.50500e-08,  1.11785e-09,
00:00:18,     18411,   140.0798,  8.55114e-09,  4.62250e-09,  5.73333e-09,  1.41286e-08,  8.60000e-10,  1.39750e-09,  1.50500e-08,  9.31542e-10,
00:00:18,     18916,   140.2121,  8.55114e-09,  4.51500e-09,  5.49444e-09,  1.40262e-08,  9.67500e-10,  1.39750e-09,  1.46661e-08,  9.31542e-10,
00:00:19,     19421,   140.2121,  8.30682e-09,  4.30000e-09,  5.73333e-09,  1.39238e-08,  6.45000e-10,  1.39750e-09,  1.48964e-08,  7.45234e-10,
00:00:19,     19926,   140.0798,  9.03977e-09,  4.51500e-09,  5.85278e-09,  1.39238e-08,  5.37500e-10,  1.39750e-09,  1.42054e-08,  7.45234e-10,
00:00:20,     20431,   140.0798,  8.06250e-09,  4.40750e-09,  5.85278e-09,  1.37190e-08,  6.45000e-10,  1.50500e-09,  1.38982e-08,  1.11785e-09,
00:00:20,     20936,   140.0798,  9.03977e-09,  4.40750e-09,  5.85278e-09,  1.34119e-08,  6.45000e-10,  1.39750e-09,  1.38214e-08,  9.31542e-10,
00:00:21,     21441,   140.2121,  8.79545e-09,  4.30000e-09,  5.61389e-09,  1.32071e-08,  8.60000e-10,  1.39750e-09,  1.29768e-08,  1.11785e-09,
00:00:21,     21946,   140.0798,  9.03977e-09,  4.30000e-09,  5.37500e-09,  1.30024e-08,  8.60000e-10,  1.29000e-09,  1.29000e-08,  1.11785e-09,
00:00:22,     22451,   139.9476,  8.79545e-09,  3.65500e-09,  5.49444e-09,  1.29000e-08,  7.52500e-10,  1.39750e-09,  1.29768e-08,  9.31542e-10,
00:00:22,     22956,   140.0798,  8.30682e-09,  3.87000e-09,  5.61389e-09,  1.31048e-08,  6.45000e-10,  1.39750e-09,  1.26696e-08,  1.30416e-09,
00:00:23,     23461,   140.3443,  8.30682e-09,  4.08500e-09,  5.73333e-09,  1.32071e-08,  7.52500e-10,  1.39750e-09,  1.24393e-08,  1.11785e-09,
00:00:23,     23966,   139.9476,  8.30682e-09,  4.08500e-09,  5.61389e-09,  1.24905e-08,  8.60000e-10,  1.29000e-09,  1.25929e-08,  1.11785e-09,
00:00:24,     24471,   140.2121,  7.57386e-09,  3.44000e-09,  5.37500e-09,  1.24905e-08,  6.45000e-10,  1.29000e-09,  1.22857e-08,  1.11785e-09,
00:00:24,     24976,   140.2121,  8.06250e-09,  3.54750e-09,  5.73333e-09,  1.22857e-08,  6.45000e-10,  1.50500e-09,  1.22857e-08,  7.45234e-10,
00:00:25,     25481,   140.3443,  8.55114e-09,  3.87000e-09,  5.61389e-09,  1.22857e-08,  5.37500e-10,  1.29000e-09,  1.16714e-08,  1.30416e-09,
00:00:25,     25986,   140.0798,  7.81818e-09,  3.54750e-09,  5.37500e-09,  1.21833e-08,  7.52500e-10,  1.18250e-09,  1.15946e-08,  1.11785e-09,
00:00:26,     26491,   140.2121,  8.30682e-09,  3.54750e-09,  5.49444e-09,  1.17738e-08,  8.60000e-10,  1.50500e-09,  1.13643e-08,  1.11785e-09,
00:00:26,     26996,   140.2121,  8.30682e-09,  3.54750e-09,  5.37500e-09,  1.16714e-08,  7.52500e-10,  1.18250e-09,  1.10571e-08,  1.11785e-09,
00:00:27,     27501,   140.3443,  8.55114e-09,  3.11750e-09,  5.37500e-09,  1.20810e-08,  6.45000e-10,  1.39750e-09,  1.09804e-08,  9.31542e-10,
00:00:28,     28006,   140.2121,  8.55114e-09,  3.44000e-09,  5.25556e-09,  1.22857e-08,  7.52500e-10,  1.50500e-09,  1.10571e-08,  1.11785e-09,
00:00:28,     28511,   140.0798,  8.55114e-09,  3.33250e-09,  5.25556e-09,  1.16714e-08,  7.52500e-10,  1.50500e-09,  1.08268e-08,  1.30416e-09,
00:00:29,     29016,   140.0798,  8.06250e-09,  3.54750e-09,  5.25556e-09,  1.14667e-08,  6.45000e-10,  1.18250e-09,  1.06732e-08,  1.30416e-09,
00:00:29,     29521,   140.3443,  8.55114e-09,  2.90250e-09,  5.49444e-09,  1.16714e-08,  7.52500e-10,  1.39750e-09,  1.06732e-08,  1.11785e-09,
00:00:30,     30026,   140.2121,  7.32955e-09,  3.01000e-09,  5.13611e-09,  1.12619e-08,  5.37500e-10,  1.29000e-09,  1.05196e-08,  9.31542e-10,
00:00:30,     30531,   140.3443,  8.06250e-09,  3.44000e-09,  5.37500e-09,  1.15690e-08,  6.45000e-10,  1.29000e-09,  1.05196e-08,  1.11785e-09,
00:00:31,     31036,   140.2121,  8.55114e-09,  3.33250e-09,  5.13611e-09,  1.15690e-08,  8.60000e-10,  1.29000e-09,  1.06732e-08,  9.31542e-10,
00:00:31,     31541,   140.2121,  8.30682e-09,  3.01000e-09,  5.73333e-09,  1.12619e-08,  6.45000e-10,  1.29000e-09,  1.02893e-08,  9.31542e-10,
00:00:32,     32046,   140.2121,  7.81818e-09,  3.11750e-09,  5.01667e-09,  1.16714e-08,  6.45000e-10,  1.18250e-09,  1.02893e-08,  9.31542e-10,
00:00:32,     32551,   140.3443,  7.57386e-09,  3.11750e-09,  5.13611e-09,  1.13643e-08,  6.45000e-10,  1.39750e-09,  1.04429e-08,  1.30416e-09,
00:00:33,     33056,   140.2121,  9.28409e-09,  2.68750e-09,  5.37500e-09,  1.17738e-08,  7.52500e-10,  1.50500e-09,  1.00589e-08,  9.31542e-10,
00:00:33,     33561,   140.0798,  8.06250e-09,  2.79500e-09,  5.25556e-09,  1.14667e-08,  7.52500e-10,  1.50500e-09,  9.82857e-09,  9.31542e-10,
00:00:34,     34066,   139.9476,  8.06250e-09,  2.90250e-09,  5.13611e-09,  1.13643e-08,  8.60000e-10,  1.29000e-09,  9.82857e-09,  9.31542e-10,
00:00:34,     34571,   140.0798,  8.06250e-09,  3.01000e-09,  4.89722e-09,  1.11595e-08,  7.52500e-10,  1.39750e-09,  9.59821e-09,  9.31542e-10,
00:00:35,     35076,   140.2121,  9.28409e-09,  2.90250e-09,  4.89722e-09,  1.13643e-08,  6.45000e-10,  1.39750e-09,  9.44464e-09,  1.11785e-09,
00:00:35,     35581,   140.3443,  8.30682e-09,  2.68750e-09,  5.25556e-09,  1.11595e-08,  6.45000e-10,  1.39750e-09,  9.67500e-09,  7.45234e-10,
00:00:36,     36086,   140.0798,  8.06250e-09,  3.01000e-09,  4.53889e-09,  1.10571e-08,  6.45000e-10,  1.18250e-09,  9.52143e-09,  1.11785e-09,
00:00:36,     36591,   140.2121,  8.30682e-09,  2.68750e-09,  5.01667e-09,  1.08524e-08,  8.60000e-10,  1.39750e-09,  9.44464e-09,  9.31542e-10,
00:00:37,     37096,   140.2121,  7.81818e-09,  3.01000e-09,  5.01667e-09,  1.09548e-08,  6.45000e-10,  1.29000e-09,  9.67500e-09,  1.11785e-09,
00:00:37,     37601,   140.2121,  7.57386e-09,  2.68750e-09,  5.01667e-09,  1.06476e-08,  7.52500e-10,  1.18250e-09,  9.29107e-09,  7.45234e-10,
00:00:38,     38106,   140.2121,  8.79545e-09,  2.79500e-09,  5.13611e-09,  1.13643e-08,  6.45000e-10,  1.29000e-09,  9.52143e-09,  1.11785e-09,
00:00:38,     38611,   140.3443,  8.06250e-09,  2.79500e-09,  5.01667e-09,  1.08524e-08,  6.45000e-10,  1.39750e-09,  9.36786e-09,  9.31542e-10,
00:00:39,     39116,   140.0798,  8.06250e-09,  3.01000e-09,  4.65833e-09,  1.07500e-08,  7.52500e-10,  1.39750e-09,  9.06071e-09,  9.31542e-10,
00:00:39,     39621,   140.2121,  8.06250e-09,  2.58000e-09,  5.01667e-09,  1.07500e-08,  9.67500e-10,  1.39750e-09,  8.90714e-09,  1.30416e-09,
00:00:40,     40126,   140.2121,  9.03977e-09,  2.68750e-09,  5.13611e-09,  1.08524e-08,  8.60000e-10,  1.39750e-09,  9.06071e-09,  9.31542e-10,
00:00:40,     40631,   140.2121,  8.79545e-09,  2.68750e-09,  4.65833e-09,  1.08524e-08,  7.52500e-10,  1.39750e-09,  9.13750e-09,  1.11785e-09,
00:00:41,     41136,   140.2121,  7.57386e-09,  2.47250e-09,  4.77778e-09,  1.07500e-08,  7.52500e-10,  1.39750e-09,  9.21429e-09,  9.31542e-10,
00:00:41,     41641,   140.6087,  7.81818e-09,  2.79500e-09,  5.01667e-09,  1.10571e-08,  7.52500e-10,  1.29000e-09,  8.83036e-09,  1.11785e-09,
00:00:42,     42146,   140.2121,  8.30682e-09,  2.79500e-09,  5.13611e-09,  1.10571e-08,  8.60000e-10,  1.39750e-09,  9.44464e-09,  1.49047e-09,
00:00:42,     42651,   140.2121,  7.32955e-09,  2.90250e-09,  5.01667e-09,  1.06476e-08,  7.52500e-10,  1.29000e-09,  8.90714e-09,  9.31542e-10,
00:00:43,     43156,   139.9476,  7.81818e-09,  2.90250e-09,  5.13611e-09,  1.06476e-08,  7.52500e-10,  1.29000e-09,  8.83036e-09,  9.31542e-10,
00:00:43,     43661,   140.2121,  8.06250e-09,  2.79500e-09,  4.53889e-09,  1.01357e-08,  7.52500e-10,  1.29000e-09,  8.90714e-09,  9.31542e-10,
00:00:44,     44166,   140.3443,  8.30682e-09,  2.68750e-09,  4.65833e-09,  1.13643e-08,  7.52500e-10,  1.39750e-09,  8.83036e-09,  9.31542e-10,
00:00:44,     44671,   140.2121,  8.30682e-09,  2.90250e-09,  4.89722e-09,  1.20810e-08,  8.60000e-10,  1.39750e-09,  8.67679e-09,  9.31542e-10,
00:00:45,     45176,   140.2121,  7.81818e-09,  2.79500e-09,  4.89722e-09,  1.16714e-08,  7.52500e-10,  1.29000e-09,  8.60000e-09,  9.31542e-10,
00:00:45,     45681,   140.2121,  8.79545e-09,  2.58000e-09,  4.65833e-09,  1.12619e-08,  7.52500e-10,  1.29000e-09,  8.60000e-09,  9.31542e-10,
00:00:46,     46186,   140.4765,  8.55114e-09,  2.68750e-09,  4.41944e-09,  1.13643e-08,  6.45000e-10,  1.39750e-09,  8.83036e-09,  1.11785e-09,
00:00:46,     46691,   140.2121,  9.03977e-09,  2.68750e-09,  4.89722e-09,  1.19786e-08,  7.52500e-10,  1.18250e-09,  9.59821e-09,  1.11785e-09,
00:00:47,     47196,   140.2121,  9.03977e-09,  3.44000e-09,  4.53889e-09,  1.14667e-08,  8.60000e-10,  1.39750e-09,  9.98214e-09,  9.31542e-10,
00:00:47,     47701,   140.4765,  8.55114e-09,  2.90250e-09,  4.30000e-09,  1.13643e-08,  8.60000e-10,  1.50500e-09,  9.98214e-09,  7.45234e-10,
00:00:48,     48206,   140.3443,  8.30682e-09,  3.22500e-09,  4.77778e-09,  1.13643e-08,  6.45000e-10,  1.50500e-09,  9.82857e-09,  9.31542e-10,
00:00:48,     48711,   140.2121,  8.55114e-09,  3.33250e-09,  4.53889e-09,  1.08524e-08,  7.52500e-10,  1.39750e-09,  9.75179e-09,  7.45234e-10,
00:00:49,     49216,   140.2121,  8.79545e-09,  3.33250e-09,  4.53889e-09,  1.07500e-08,  6.45000e-10,  1.50500e-09,  9.82857e-09,  7.45234e-10,
00:00:49,     49721,   140.0798,  8.30682e-09,  2.79500e-09,  4.77778e-09,  1.02381e-08,  7.52500e-10,  1.39750e-09,  9.52143e-09,  5.58925e-10,
00:00:50,     50226,   140.2121,  9.03977e-09,  2.79500e-09,  4.53889e-09,  1.06476e-08,  5.37500e-10,  1.39750e-09,  9.59821e-09,  7.45234e-10,
00:00:50,     50731,   140.3443,  8.30682e-09,  3.01000e-09,  4.77778e-09,  1.04429e-08,  7.52500e-10,  1.39750e-09,  9.21429e-09,  7.45234e-10,
00:00:51,     51236,   140.4765,  8.55114e-09,  3.11750e-09,  4.89722e-09,  1.04429e-08,  6.45000e-10,  1.50500e-09,  9.59821e-09,  7.45234e-10,
00:00:51,     51741,   140.0798,  8.55114e-09,  3.01000e-09,  4.65833e-09,  1.02381e-08,  7.52500e-10,  1.50500e-09,  9.44464e-09,  7.45234e-10,
00:00:52,     52246,   140.2121,  8.30682e-09,  3.01000e-09,  4.53889e-09,  1.03405e-08,  7.52500e-10,  1.39750e-09,  9.36786e-09,  7.45234e-10,
00:00:52,     52751,   140.2121,  8.79545e-09,  3.54750e-09,  5.01667e-09,  1.04429e-08,  6.45000e-10,  1.39750e-09,  9.67500e-09,  7.45234e-10,
00:00:53,     53256,   140.0798,  8.30682e-09,  3.11750e-09,  4.77778e-09,  1.03405e-08,  8.60000e-10,  1.29000e-09,  9.52143e-09,  9.31542e-10,
00:00:53,     53761,   140.3443,  8.06250e-09,  3.01000e-09,  4.30000e-09,  1.04429e-08,  5.37500e-10,  1.50500e-09,  9.90536e-09,  7.45234e-10,
00:00:54,     54266,   140.2121,  8.79545e-09,  3.11750e-09,  4.53889e-09,  1.02381e-08,  7.52500e-10,  1.39750e-09,  9.29107e-09,  7.45234e-10,
00:00:54,     54771,   140.3443,  8.55114e-09,  2.90250e-09,  4.65833e-09,  1.00333e-08,  6.45000e-10,  1.39750e-09,  9.13750e-09,  7.45234e-10,
00:00:55,     55276,   140.3443,  8.30682e-09,  3.01000e-09,  4.65833e-09,  9.52143e-09,  7.52500e-10,  1.61250e-09,  9.29107e-09,  7.45234e-10,
00:00:55,     55781,   140.2121,  8.79545e-09,  2.90250e-09,  4.53889e-09,  1.00333e-08,  6.45000e-10,  1.50500e-09,  9.44464e-09,  9.31542e-10,
00:00:56,     56286,   140.3443,  8.79545e-09,  3.11750e-09,  4.53889e-09,  1.00333e-08,  8.60000e-10,  1.39750e-09,  9.29107e-09,  9.31542e-10,
00:00:56,     56791,   140.4765,  7.08523e-09,  2.90250e-09,  4.65833e-09,  1.03405e-08,  4.30000e-10,  1.39750e-09,  9.06071e-09,  9.31542e-10,
00:00:57,     57296,   140.0798,  8.79545e-09,  3.01000e-09,  4.53889e-09,  9.82857e-09,  5.37500e-10,  1.18250e-09,  9.13750e-09,  9.31542e-10,
00:00:57,     57801,   140.0798,  9.03977e-09,  2.68750e-09,  4.18056e-09,  9.93095e-09,  5.37500e-10,  1.29000e-09,  8.90714e-09,  9.31542e-10,
00:00:58,     58306,   140.2121,  8.55114e-09,  2.79500e-09,  4.65833e-09,  9.62381e-09,  4.30000e-10,  1.61250e-09,  9.06071e-09,  7.45234e-10,
00:00:58,     58811,   140.0798,  8.55114e-09,  2.90250e-09,  4.77778e-09,  9.72619e-09,  6.45000e-10,  1.50500e-09,  9.13750e-09,  1.11785e-09,
00:00:59,     59316,   140.3443,  9.28409e-09,  3.01000e-09,  4.53889e-09,  9.82857e-09,  4.30000e-10,  1.50500e-09,  9.29107e-09,  9.31542e-10,
00:00:59,     59821,   140.0798,  7.81818e-09,  2.90250e-09,  4.65833e-09,  9.82857e-09,  6.45000e-10,  1.61250e-09,  8.90714e-09,  9.31542e-10,
00:01:00,     60326,   140.3443,  8.06250e-09,  2.90250e-09,  4.65833e-09,  9.62381e-09,  4.30000e-10,  1.18250e-09,  8.90714e-09,  1.11785e-09,
00:01:00,     60831,   140.3443,  7.57386e-09,  2.90250e-09,  5.01667e-09,  1.00333e-08,  5.37500e-10,  1.39750e-09,  9.44464e-09,  1.11785e-09,
00:01:01,     61336,   140.2121,  8.30682e-09,  2.68750e-09,  4.89722e-09,  9.72619e-09,  5.37500e-10,  1.29000e-09,  9.06071e-09,  7.45234e-10,
00:01:01,     61841,   140.4765,  8.79545e-09,  2.68750e-09,  4.30000e-09,  9.31667e-09,  5.37500e-10,  1.29000e-09,  9.06071e-09,  9.31542e-10,
00:01:02,     62346,   140.0798,  8.55114e-09,  2.58000e-09,  4.89722e-09,  9.82857e-09,  6.45000e-10,  1.29000e-09,  8.98393e-09,  7.45234e-10,
00:01:02,     62851,   140.3443,  8.30682e-09,  2.79500e-09,  4.53889e-09,  9.72619e-09,  5.37500e-10,  1.61250e-09,  9.44464e-09,  9.31542e-10,
00:01:03,     63356,   140.3443,  8.06250e-09,  2.58000e-09,  4.89722e-09,  9.62381e-09,  4.30000e-10,  1.29000e-09,  8.98393e-09,  1.11785e-09,
00:01:03,     63861,   140.3443,  9.03977e-09,  2.79500e-09,  4.53889e-09,  9.72619e-09,  4.30000e-10,  1.39750e-09,  9.13750e-09,  1.11785e-09,
00:01:04,     64366,   140.2121,  8.06250e-09,  2.79500e-09,  4.30000e-09,  9.82857e-09,  4.30000e-10,  1.29000e-09,  9.29107e-09,  9.31542e-10,
00:01:04,     64871,   140.2121,  8.06250e-09,  2.68750e-09,  4.77778e-09,  1.00333e-08,  5.37500e-10,  1.39750e-09,  9.13750e-09,  9.31542e-10,
00:01:05,     65376,   139.9476,  7.81818e-09,  3.01000e-09,  4.89722e-09,  1.07500e-08,  7.52500e-10,  3.54750e-09,  9.82857e-09,  1.67678e-09,
00:01:05,     65881,   140.6087,  8.06250e-09,  4.62250e-09,  6.21111e-09,  1.20810e-08,  2.36500e-09,  3.30025e-08,  1.52804e-08,  1.06196e-08,
00:01:06,     66386,   140.8732,  7.08523e-09,  1.12875e-08,  9.19722e-09,  1.54595e-08,  4.08500e-09,  3.77325e-08,  1.83518e-08,  1.22964e-08,
00:01:06,     66891,   141.4021,  8.79545e-09,  8.27750e-09,  1.06306e-08,  1.53571e-08,  2.79500e-09,  1.55875e-08,  1.86589e-08,  8.57019e-09,
00:01:07,     67396,   142.0632,  9.03977e-09,  7.52500e-09,  1.25417e-08,  1.52548e-08,  2.36500e-09,  1.17175e-08,  1.86589e-08,  7.63865e-09,
00:01:07,     67901,   143.6499,  9.28409e-09,  7.41750e-09,  1.33778e-08,  1.49476e-08,  2.25750e-09,  1.22550e-08,  1.92732e-08,  7.07972e-09,
00:01:08,     68406,   145.3689,  9.28409e-09,  8.38500e-09,  2.01861e-08,  1.51524e-08,  3.01000e-09,  2.62300e-08,  2.14232e-08,  9.68804e-09,
00:01:08,     68911,   147.8812,  8.06250e-09,  1.27925e-08,  4.41944e-08,  1.73024e-08,  6.77250e-09,  7.93350e-08,  3.03304e-08,  2.45927e-08,
00:01:09,     69416,   151.3190,  8.55114e-09,  2.89175e-08,  8.01472e-08,  2.39571e-08,  1.73075e-08,  2.31232e-07,  5.65143e-08,  8.34662e-08,
00:01:09,     69921,   155.1536,  1.07500e-08,  7.11650e-08,  1.06544e-07,  4.31024e-08,  4.53650e-08,  5.82972e-07,  1.17251e-07,  2.63068e-07,
00:01:10,     70426,   159.5171,  1.24602e-08,  1.51575e-07,  1.19206e-07,  7.61714e-08,  8.64300e-08,  9.90290e-07,  2.09087e-07,  4.98934e-07,
00:01:10,     70931,   163.8805,  1.49034e-08,  2.01455e-07,  1.11561e-07,  9.94114e-08,  9.41700e-08,  9.11278e-07,  2.56694e-07,  4.91854e-07,
00:01:11,     71436,   168.1118,  1.56364e-08,  1.49210e-07,  7.90722e-08,  8.99929e-08,  4.99875e-08,  3.76357e-07,  2.29205e-07,  2.25061e-07,
00:01:11,     71941,   172.2108,  1.56364e-08,  9.11600e-08,  5.41083e-08,  7.06429e-08,  2.38650e-08,  1.41255e-07,  1.83057e-07,  1.03029e-07,
00:01:12,     72446,   175.6487,  1.36818e-08,  6.66500e-08,  4.08500e-08,  5.93810e-08,  1.48350e-08,  7.85825e-08,  1.48119e-07,  6.27860e-08,
00:01:12,     72951,   178.8221,  1.34375e-08,  5.21375e-08,  3.45194e-08,  5.09857e-08,  1.13950e-08,  5.35350e-08,  1.25698e-07,  4.52730e-08,
00:01:13,     73456,   181.3344,  1.31932e-08,  4.34300e-08,  2.84278e-08,  4.48429e-08,  9.24500e-09,  4.05275e-08,  1.06962e-07,  3.29766e-08,
00:01:13,     73961,   183.7144,  1.24602e-08,  3.77325e-08,  2.48444e-08,  4.07476e-08,  7.84750e-09,  3.26800e-08,  9.53679e-08,  2.64558e-08,
00:01:14,     74466,   185.4334,  1.19716e-08,  3.27875e-08,  2.25750e-08,  3.79833e-08,  6.77250e-09,  2.76275e-08,  8.40800e-08,  2.19844e-08,
00:01:14,     74971,   187.1523,  1.12386e-08,  2.95625e-08,  2.04250e-08,  3.52190e-08,  6.23500e-09,  2.39725e-08,  7.60179e-08,  2.01213e-08,
00:01:15,     75476,   188.7390,  1.07500e-08,  2.59075e-08,  1.92306e-08,  3.26595e-08,  5.91250e-09,  2.19300e-08,  6.87232e-08,  1.75130e-08,
00:01:15,     75981,   190.1935,  1.19716e-08,  2.46175e-08,  1.88722e-08,  3.15333e-08,  5.26750e-09,  1.98875e-08,  6.28875e-08,  1.58362e-08,
00:01:16,     76486,   191.3836,  1.02614e-08,  2.26825e-08,  1.75583e-08,  2.92810e-08,  5.05250e-09,  1.92425e-08,  5.78964e-08,  1.60225e-08,
00:01:16,     76991,   192.8381,  1.05057e-08,  2.11775e-08,  1.82750e-08,  2.73357e-08,  5.05250e-09,  1.88125e-08,  5.52857e-08,  1.56499e-08,
00:01:17,     77496,   194.0281,  1.07500e-08,  2.05325e-08,  1.67222e-08,  2.72333e-08,  4.83750e-09,  1.87050e-08,  5.19071e-08,  1.50910e-08,
00:01:18,     78001,   195.4826,  1.09943e-08,  1.97800e-08,  1.68417e-08,  2.70286e-08,  4.94500e-09,  1.88125e-08,  4.92964e-08,  1.60225e-08,
00:01:18,     78506,   196.6726,  1.07500e-08,  1.85975e-08,  1.77972e-08,  2.53905e-08,  4.51500e-09,  1.99950e-08,  4.76071e-08,  1.71404e-08,
00:01:19,     79011,   198.1271,  1.05057e-08,  1.89200e-08,  1.69611e-08,  2.55952e-08,  4.94500e-09,  2.27900e-08,  4.69929e-08,  1.86308e-08,
00:01:19,     79516,   199.8460,  9.28409e-09,  1.91350e-08,  1.75583e-08,  2.46738e-08,  5.48250e-09,  2.41875e-08,  4.63018e-08,  2.06802e-08,
00:01:20,     80021,   201.8294,  1.07500e-08,  1.89200e-08,  1.66028e-08,  2.58000e-08,  5.80500e-09,  2.71975e-08,  4.59179e-08,  2.38475e-08,
00:01:20,     80526,   203.6806,  1.02614e-08,  1.99950e-08,  1.72000e-08,  2.43667e-08,  6.55750e-09,  3.06375e-08,  4.60714e-08,  2.64558e-08,
00:01:21,     81031,   205.6640,  1.00170e-08,  2.07475e-08,  1.66028e-08,  2.48786e-08,  6.98750e-09,  3.55825e-08,  4.71464e-08,  3.35355e-08,
00:01:21,     81536,   207.9118,  1.02614e-08,  2.27900e-08,  1.70806e-08,  2.63119e-08,  8.06250e-09,  4.27850e-08,  4.98339e-08,  4.02426e-08,
00:01:22,     82041,   210.4241,  1.12386e-08,  2.54775e-08,  1.67222e-08,  2.71310e-08,  9.46000e-09,  5.11700e-08,  5.25214e-08,  5.03033e-08,
00:01:22,     82546,   212.8042,  1.02614e-08,  2.76275e-08,  1.74389e-08,  2.71310e-08,  1.09650e-08,  6.04150e-08,  5.55161e-08,  5.88735e-08,
00:01:23,     83051,   215.3165,  1.09943e-08,  3.03150e-08,  1.79167e-08,  2.96905e-08,  1.13950e-08,  6.83700e-08,  5.95857e-08,  6.42764e-08,
00:01:23,     83556,   218.0932,  1.22159e-08,  3.25725e-08,  1.76778e-08,  2.98952e-08,  1.17175e-08,  7.00900e-08,  6.35018e-08,  6.61395e-08,
00:01:24,     84061,   220.3411,  1.22159e-08,  3.22500e-08,  1.74389e-08,  3.09190e-08,  1.12875e-08,  6.56825e-08,  6.47304e-08,  6.01776e-08,
00:01:24,     84566,   222.7212,  1.07500e-08,  3.05300e-08,  1.67222e-08,  2.97929e-08,  1.05350e-08,  5.71900e-08,  6.33482e-08,  5.10485e-08,
00:01:25,     85071,   224.9690,  1.02614e-08,  2.83800e-08,  1.63639e-08,  2.93833e-08,  8.60000e-09,  4.77300e-08,  6.02000e-08,  4.11742e-08,
00:01:25,     85576,   227.0846,  1.02614e-08,  2.55850e-08,  1.60056e-08,  2.83595e-08,  8.06250e-09,  3.93450e-08,  5.78196e-08,  3.33492e-08,
00:01:26,     86081,   229.3325,  1.05057e-08,  2.34350e-08,  1.50500e-08,  2.74381e-08,  6.55750e-09,  3.20350e-08,  5.39804e-08,  2.62695e-08,
00:01:26,     86586,   231.4481,  1.05057e-08,  2.11775e-08,  1.36167e-08,  2.55952e-08,  5.69750e-09,  2.62300e-08,  5.08321e-08,  2.19844e-08,
00:01:27,     87091,   233.6959,  1.05057e-08,  1.93500e-08,  1.31389e-08,  2.50833e-08,  5.05250e-09,  2.06400e-08,  4.81446e-08,  1.73267e-08,
00:01:27,     87596,   235.4149,  1.05057e-08,  1.79525e-08,  1.21833e-08,  2.36500e-08,  4.30000e-09,  1.76300e-08,  4.40750e-08,  1.49047e-08,
00:01:28,     88101,   237.2661,  1.00170e-08,  1.64475e-08,  1.18250e-08,  2.27286e-08,  3.76250e-09,  1.53725e-08,  4.21554e-08,  1.32279e-08,
00:01:28,     88606,   238.9850,  1.19716e-08,  1.58025e-08,  1.12278e-08,  2.22167e-08,  3.65500e-09,  1.41900e-08,  3.99286e-08,  1.22964e-08,
00:01:29,     89111,   240.8362,  1.07500e-08,  1.48350e-08,  1.11083e-08,  2.16024e-08,  3.01000e-09,  1.26850e-08,  3.74714e-08,  9.87435e-09,
00:01:29,     89616,   242.4229,  1.07500e-08,  1.38675e-08,  1.09889e-08,  2.17048e-08,  3.22500e-09,  1.15025e-08,  3.62429e-08,  9.68804e-09,
00:01:30,     90121,   244.4063,  1.00170e-08,  1.27925e-08,  1.05111e-08,  2.04762e-08,  3.01000e-09,  1.07500e-08,  3.45536e-08,  8.57019e-09,
00:01:30,     90626,   246.5219,  1.05057e-08,  1.21475e-08,  1.03917e-08,  2.05786e-08,  2.79500e-09,  1.03200e-08,  3.29411e-08,  8.38388e-09,
00:01:31,     91131,   248.5053,  1.02614e-08,  1.19325e-08,  1.00333e-08,  1.91452e-08,  2.47250e-09,  9.78250e-09,  3.15589e-08,  7.82496e-09,
00:01:31,     91636,   250.2242,  1.17273e-08,  1.13950e-08,  9.67500e-09,  1.93500e-08,  2.36500e-09,  9.67500e-09,  3.03304e-08,  7.45234e-09,
00:01:32,     92141,   252.0754,  1.12386e-08,  1.10725e-08,  9.67500e-09,  1.85310e-08,  2.47250e-09,  8.92250e-09,  2.90250e-08,  7.07972e-09,
00:01:32,     92646,   254.0588,  1.07500e-08,  1.05350e-08,  9.79444e-09,  1.76095e-08,  2.25750e-09,  8.27750e-09,  2.85643e-08,  6.89341e-09,
00:01:33,     93151,   256.3066,  1.17273e-08,  1.04275e-08,  9.19722e-09,  1.78143e-08,  2.36500e-09,  8.27750e-09,  2.80268e-08,  6.14818e-09,
00:01:33,     93656,   258.4222,  1.12386e-08,  9.99750e-09,  9.67500e-09,  1.77119e-08,  2.25750e-09,  7.74000e-09,  2.68750e-08,  5.96187e-09,
00:01:34,     94161,   260.8023,  1.17273e-08,  9.99750e-09,  9.43611e-09,  1.73024e-08,  2.25750e-09,  7.31000e-09,  2.63375e-08,  5.58925e-09,
00:01:34,     94666,   262.7857,  1.24602e-08,  9.78250e-09,  9.07778e-09,  1.73024e-08,  2.04250e-09,  6.77250e-09,  2.51089e-08,  5.77556e-09,
00:01:35,     95171,   264.7691,  1.22159e-08,  9.24500e-09,  9.07778e-09,  1.73024e-08,  2.15000e-09,  6.98750e-09,  2.48786e-08,  5.77556e-09,
00:01:35,     95676,   266.7525,  1.19716e-08,  9.24500e-09,  8.71944e-09,  1.66881e-08,  2.04250e-09,  6.88000e-09,  2.39571e-08,  5.58925e-09,
00:01:36,     96181,   269.1326,  1.29489e-08,  8.70750e-09,  8.48056e-09,  1.68929e-08,  1.72000e-09,  6.66500e-09,  2.34196e-08,  5.03033e-09,
00:01:36,     96686,   271.2482,  1.24602e-08,  8.70750e-09,  8.24167e-09,  1.63810e-08,  1.72000e-09,  6.12750e-09,  2.24982e-08,  4.65771e-09,
00:01:37,     97191,   272.9671,  1.29489e-08,  7.95500e-09,  8.12222e-09,  1.59714e-08,  1.82750e-09,  6.02000e-09,  2.24214e-08,  5.40295e-09,
00:01:37,     97696,   275.0827,  1.36818e-08,  8.06250e-09,  8.36111e-09,  1.58690e-08,  1.93500e-09,  5.80500e-09,  2.14232e-08,  5.03033e-09,
00:01:38,     98201,   277.1984,  1.31932e-08,  7.63250e-09,  8.48056e-09,  1.56643e-08,  1.93500e-09,  5.91250e-09,  2.16536e-08,  4.28510e-09,
00:01:38,     98706,   279.3140,  1.53920e-08,  7.74000e-09,  8.48056e-09,  1.55619e-08,  1.50500e-09,  5.80500e-09,  2.11929e-08,  4.65771e-09,
00:01:39,     99211,   281.1651,  1.34375e-08,  7.63250e-09,  8.00278e-09,  1.52548e-08,  1.61250e-09,  5.80500e-09,  2.08089e-08,  4.65771e-09,
00:01:39,     99716,   283.0163,  1.51477e-08,  7.31000e-09,  8.12222e-09,  1.50500e-08,  2.04250e-09,  5.37500e-09,  2.02714e-08,  4.09879e-09,
00:01:40,    100221,   284.9997,  1.61250e-08,  7.20250e-09,  8.00278e-09,  1.50500e-08,  1.50500e-09,  5.05250e-09,  2.00411e-08,  4.28510e-09,
00:01:40,    100726,   286.7186,  1.51477e-08,  7.09500e-09,  7.88333e-09,  1.51524e-08,  1.72000e-09,  5.37500e-09,  1.98875e-08,  4.09879e-09,
00:01:41,    101231,   289.0987,  1.63693e-08,  7.41750e-09,  7.64444e-09,  1.49476e-08,  1.61250e-09,  4.83750e-09,  1.94268e-08,  4.28510e-09,
00:01:41,    101736,   291.3465,  1.53920e-08,  6.66500e-09,  7.16667e-09,  1.46405e-08,  1.61250e-09,  4.94500e-09,  1.89661e-08,  3.91248e-09,
00:01:42,    102241,   293.3299,  1.53920e-08,  6.66500e-09,  8.24167e-09,  1.44357e-08,  1.72000e-09,  4.83750e-09,  1.90429e-08,  4.28510e-09,
00:01:42,    102746,   295.0489,  1.56364e-08,  6.66500e-09,  7.52500e-09,  1.46405e-08,  1.72000e-09,  4.51500e-09,  1.82750e-08,  4.09879e-09,
00:01:43,    103251,   297.2967,  1.66136e-08,  6.55750e-09,  7.40556e-09,  1.42310e-08,  1.39750e-09,  5.05250e-09,  1.83518e-08,  3.91248e-09,
00:01:43,    103756,   299.2801,  1.71023e-08,  6.55750e-09,  7.76389e-09,  1.42310e-08,  1.39750e-09,  4.30000e-09,  1.81214e-08,  3.72617e-09,
00:01:44,    104261,   301.3957,  1.66136e-08,  6.55750e-09,  7.40556e-09,  1.47429e-08,  1.61250e-09,  4.30000e-09,  1.75839e-08,  3.53986e-09,
00:01:44,    104766,   303.5113,  1.78352e-08,  6.02000e-09,  7.40556e-09,  1.36167e-08,  1.29000e-09,  4.73000e-09,  1.77375e-08,  3.35355e-09,
00:01:45,    105271,   305.3625,  1.73466e-08,  6.02000e-09,  6.92778e-09,  1.36167e-08,  1.50500e-09,  3.97750e-09,  1.74304e-08,  3.35355e-09,
00:01:45,    105776,   307.4781,  1.73466e-08,  6.02000e-09,  7.16667e-09,  1.39238e-08,  1.39750e-09,  4.30000e-09,  1.69696e-08,  3.16724e-09,
00:01:46,    106281,   309.5938,  1.83239e-08,  5.48250e-09,  7.40556e-09,  1.38214e-08,  1.50500e-09,  3.97750e-09,  1.68161e-08,  3.35355e-09,
00:01:46,    106786,   311.4449,  1.75909e-08,  5.48250e-09,  7.40556e-09,  1.35143e-08,  1.61250e-09,  3.87000e-09,  1.65857e-08,  3.16724e-09,
00:01:47,    107291,   313.5605,  1.71023e-08,  5.48250e-09,  7.16667e-09,  1.33095e-08,  1.39750e-09,  3.97750e-09,  1.64321e-08,  2.98094e-09,
00:01:47,    107796,   315.4117,  1.80795e-08,  5.37500e-09,  7.16667e-09,  1.27976e-08,  1.39750e-09,  3.87000e-09,  1.64321e-08,  2.98094e-09,
00:01:48,    108301,   317.6596,  1.75909e-08,  5.48250e-09,  7.04722e-09,  1.30024e-08,  1.39750e-09,  3.87000e-09,  1.62018e-08,  3.16724e-09,
00:01:48,    108806,   319.6429,  1.75909e-08,  5.26750e-09,  7.04722e-09,  1.32071e-08,  1.39750e-09,  3.65500e-09,  1.57411e-08,  2.98094e-09,
00:01:49,    109311,   321.6263,  1.83239e-08,  4.73000e-09,  7.04722e-09,  1.35143e-08,  1.39750e-09,  3.65500e-09,  1.52036e-08,  2.79463e-09,
00:01:49,    109816,   323.6097,  1.80795e-08,  5.26750e-09,  7.16667e-09,  1.30024e-08,  1.18250e-09,  3.54750e-09,  1.55107e-08,  2.79463e-09,
00:01:50,    110321,   325.4609,  1.80795e-08,  5.48250e-09,  6.80833e-09,  1.33095e-08,  1.39750e-09,  3.76250e-09,  1.55875e-08,  2.42201e-09,
00:01:50,    110826,   327.4443,  1.90568e-08,  5.16000e-09,  6.80833e-09,  1.29000e-08,  1.39750e-09,  3.65500e-09,  1.50500e-08,  2.42201e-09,
00:01:51,    111331,   329.5599,  1.73466e-08,  4.73000e-09,  6.68889e-09,  1.26952e-08,  1.29000e-09,  3.54750e-09,  1.52036e-08,  2.79463e-09,
00:01:51,    111836,   331.6755,  1.78352e-08,  4.83750e-09,  6.92778e-09,  1.24905e-08,  1.39750e-09,  3.33250e-09,  1.47429e-08,  2.60832e-09,
00:01:52,    112341,   333.6589,  1.95455e-08,  4.94500e-09,  6.33056e-09,  1.33095e-08,  1.39750e-09,  3.65500e-09,  1.48196e-08,  2.60832e-09,
00:01:52,    112846,   335.6423,  1.83239e-08,  5.26750e-09,  6.45000e-09,  1.31048e-08,  1.50500e-09,  3.44000e-09,  1.48196e-08,  2.60832e-09,
00:01:53,    113351,   337.7579,  1.90568e-08,  4.62250e-09,  6.56944e-09,  1.25929e-08,  1.29000e-09,  3.54750e-09,  1.48964e-08,  2.60832e-09,
00:01:53,    113856,   339.6091,  1.83239e-08,  5.05250e-09,  6.33056e-09,  1.25929e-08,  1.29000e-09,  3.33250e-09,  1.48196e-08,  2.23570e-09,
00:01:54,    114361,   341.7247,  1.93011e-08,  4.62250e-09,  6.33056e-09,  1.20810e-08,  1.39750e-09,  3.44000e-09,  1.44357e-08,  2.23570e-09,
00:01:54,    114866,   343.7081,  1.78352e-08,  4.30000e-09,  6.56944e-09,  1.22857e-08,  1.39750e-09,  3.44000e-09,  1.43589e-08,  2.42201e-09,
00:01:55,    115371,   345.8237,  1.83239e-08,  4.94500e-09,  6.80833e-09,  1.20810e-08,  1.50500e-09,  3.22500e-09,  1.49732e-08,  2.23570e-09,
00:01:55,    115876,   347.9393,  1.78352e-08,  4.73000e-09,  6.21111e-09,  1.20810e-08,  1.39750e-09,  3.33250e-09,  1.46661e-08,  2.23570e-09,
00:01:56,    116381,   349.9227,  1.88125e-08,  4.73000e-09,  6.45000e-09,  1.26952e-08,  1.39750e-09,  3.01000e-09,  1.50500e-08,  2.23570e-09,
00:01:56,    116886,   351.7739,  1.90568e-08,  4.40750e-09,  6.56944e-09,  1.22857e-08,  1.29000e-09,  3.33250e-09,  1.52036e-08,  2.42201e-09,
00:01:57,    117391,   354.0217,  1.83239e-08,  4.83750e-09,  6.33056e-09,  1.20810e-08,  1.29000e-09,  3.01000e-09,  1.47429e-08,  1.86308e-09,
00:01:57,    117896,   355.8729,  1.95455e-08,  4.73000e-09,  6.21111e-09,  1.23881e-08,  1.18250e-09,  3.01000e-09,  1.55875e-08,  1.86308e-09,
00:01:58,    118401,   357.8563,  1.95455e-08,  4.30000e-09,  6.33056e-09,  1.22857e-08,  1.07500e-09,  3.33250e-09,  1.48964e-08,  2.04939e-09,
00:01:58,    118906,   360.3686,  1.88125e-08,  4.30000e-09,  6.56944e-09,  1.20810e-08,  1.18250e-09,  3.01000e-09,  1.53571e-08,  2.23570e-09,
00:01:59,    119411,   362.2198,  1.80795e-08,  4.08500e-09,  6.09167e-09,  1.22857e-08,  1.07500e-09,  3.01000e-09,  1.55107e-08,  1.86308e-09,
00:01:59,    119916,   363.9387,  1.85682e-08,  4.62250e-09,  6.45000e-09,  1.25929e-08,  1.07500e-09,  3.11750e-09,  1.58179e-08,  2.23570e-09,
00:02:00,    120421,   366.4510,  1.93011e-08,  3.97750e-09,  6.09167e-09,  1.19786e-08,  1.18250e-09,  3.11750e-09,  1.55875e-08,  1.86308e-09,
00:02:00,    120926,   368.1699,  1.93011e-08,  4.08500e-09,  6.45000e-09,  1.23881e-08,  1.29000e-09,  2.79500e-09,  1.58946e-08,  2.23570e-09,
00:02:01,    121431,   370.1533,  1.73466e-08,  4.19250e-09,  6.21111e-09,  1.20810e-08,  9.67500e-10,  2.58000e-09,  1.60482e-08,  1.86308e-09,
00:02:01,    121936,   372.1367,  1.90568e-08,  3.97750e-09,  6.21111e-09,  1.22857e-08,  1.18250e-09,  2.58000e-09,  1.54339e-08,  1.86308e-09,
00:02:02,    122441,   374.1201,  1.93011e-08,  4.08500e-09,  6.33056e-09,  1.24905e-08,  8.60000e-10,  2.79500e-09,  1.48196e-08,  2.04939e-09,
00:02:02,    122946,   376.2357,  1.71023e-08,  3.76250e-09,  5.97222e-09,  1.18762e-08,  1.18250e-09,  3.01000e-09,  1.50500e-08,  2.04939e-09,
00:02:03,    123451,   378.3514,  1.80795e-08,  4.19250e-09,  6.33056e-09,  1.25929e-08,  1.07500e-09,  2.58000e-09,  1.50500e-08,  2.04939e-09,
00:02:03,    123956,   380.3348,  1.83239e-08,  4.08500e-09,  6.09167e-09,  1.29000e-08,  1.07500e-09,  2.58000e-09,  1.48964e-08,  2.23570e-09,
00:02:04,    124461,   382.3181,  1.68580e-08,  4.08500e-09,  6.56944e-09,  1.33095e-08,  8.60000e-10,  2.68750e-09,  1.49732e-08,  2.04939e-09,
00:02:04,    124966,   384.1693,  1.80795e-08,  3.87000e-09,  6.33056e-09,  1.29000e-08,  1.07500e-09,  2.58000e-09,  1.43589e-08,  2.04939e-09,
00:02:05,    125471,   386.5494,  1.63693e-08,  3.65500e-09,  6.56944e-09,  1.30024e-08,  9.67500e-10,  2.79500e-09,  1.43589e-08,  1.86308e-09,
00:02:05,    125976,   388.4006,  1.68580e-08,  3.97750e-09,  5.97222e-09,  1.36167e-08,  1.18250e-09,  2.68750e-09,  1.44357e-08,  1.86308e-09,
00:02:06,    126481,   390.2517,  1.63693e-08,  3.44000e-09,  6.33056e-09,  1.44357e-08,  9.67500e-10,  2.58000e-09,  1.38982e-08,  2.23570e-09,
00:02:06,    126986,   392.3673,  1.66136e-08,  3.76250e-09,  6.56944e-09,  1.47429e-08,  1.07500e-09,  2.68750e-09,  1.41286e-08,  2.04939e-09,
00:02:07,    127491,   394.3507,  1.73466e-08,  3.65500e-09,  6.09167e-09,  1.51524e-08,  1.07500e-09,  2.68750e-09,  1.38214e-08,  1.86308e-09,
00:02:07,    127996,   396.5986,  1.58807e-08,  3.33250e-09,  6.21111e-09,  1.54595e-08,  1.07500e-09,  2.36500e-09,  1.37446e-08,  1.86308e-09,
00:02:08,    128501,   398.5820,  1.58807e-08,  3.97750e-09,  6.09167e-09,  1.52548e-08,  8.60000e-10,  2.47250e-09,  1.38214e-08,  1.86308e-09,
00:02:09,    129006,   400.0365,  1.73466e-08,  3.44000e-09,  6.33056e-09,  1.58690e-08,  1.07500e-09,  2.25750e-09,  1.34375e-08,  2.04939e-09,
00:02:09,    129511,   402.5488,  1.63693e-08,  3.97750e-09,  6.33056e-09,  1.66881e-08,  1.07500e-09,  2.58000e-09,  1.35911e-08,  1.67678e-09,
00:02:10,    130016,   404.3999,  1.56364e-08,  3.54750e-09,  6.45000e-09,  1.73024e-08,  8.60000e-10,  2.36500e-09,  1.31304e-08,  1.67678e-09,
00:02:10,    130521,   406.5155,  1.66136e-08,  3.54750e-09,  6.33056e-09,  1.74048e-08,  1.18250e-09,  2.36500e-09,  1.33607e-08,  1.86308e-09,
00:02:11,    131026,   408.4989,  1.56364e-08,  3.44000e-09,  5.97222e-09,  1.81214e-08,  1.07500e-09,  2.47250e-09,  1.32839e-08,  2.04939e-09,
00:02:11,    131531,   410.8790,  1.56364e-08,  3.65500e-09,  6.09167e-09,  1.78143e-08,  1.07500e-09,  2.36500e-09,  1.26696e-08,  2.04939e-09,
00:02:12,    132036,   412.7302,  1.56364e-08,  3.54750e-09,  6.33056e-09,  1.88381e-08,  1.07500e-09,  2.47250e-09,  1.31304e-08,  2.04939e-09,
00:02:12,    132541,   414.5813,  1.51477e-08,  3.44000e-09,  6.21111e-09,  1.87357e-08,  9.67500e-10,  2.36500e-09,  1.30536e-08,  1.86308e-09,
00:02:13,    133046,   416.5647,  1.56364e-08,  3.44000e-09,  6.33056e-09,  1.91452e-08,  1.18250e-09,  2.25750e-09,  1.27464e-08,  1.86308e-09,
00:02:13,    133551,   418.8126,  1.53920e-08,  3.01000e-09,  6.45000e-09,  1.93500e-08,  1.18250e-09,  2.58000e-09,  1.26696e-08,  1.67678e-09,
00:02:14,    134056,   420.7960,  1.56364e-08,  3.76250e-09,  6.56944e-09,  1.91452e-08,  9.67500e-10,  2.36500e-09,  1.29768e-08,  1.86308e-09,
00:02:14,    134561,   422.7794,  1.73466e-08,  3.44000e-09,  6.21111e-09,  1.89405e-08,  1.18250e-09,  2.04250e-09,  1.29000e-08,  1.30416e-09,
00:02:15,    135066,   425.0272,  1.56364e-08,  3.44000e-09,  5.85278e-09,  1.97595e-08,  1.29000e-09,  2.36500e-09,  1.25161e-08,  1.30416e-09,
00:02:15,    135571,   426.7461,  1.46591e-08,  3.01000e-09,  6.09167e-09,  1.94524e-08,  1.18250e-09,  2.36500e-09,  1.27464e-08,  1.67678e-09,
00:02:16,    136076,   428.8617,  1.58807e-08,  3.11750e-09,  6.45000e-09,  2.06810e-08,  9.67500e-10,  2.47250e-09,  1.32071e-08,  1.67678e-09,
00:02:16,    136581,   430.7129,  1.53920e-08,  3.44000e-09,  6.09167e-09,  2.06810e-08,  1.18250e-09,  2.25750e-09,  1.22857e-08,  1.86308e-09,
00:02:17,    137086,   432.8285,  1.56364e-08,  3.22500e-09,  5.97222e-09,  2.00667e-08,  1.18250e-09,  2.25750e-09,  1.25161e-08,  1.67678e-09,
00:02:17,    137591,   434.8119,  1.46591e-08,  3.22500e-09,  5.97222e-09,  2.05786e-08,  1.07500e-09,  2.25750e-09,  1.26696e-08,  1.49047e-09,
00:02:18,    138096,   436.6631,  1.46591e-08,  3.22500e-09,  5.97222e-09,  2.13976e-08,  1.18250e-09,  2.15000e-09,  1.26696e-08,  1.49047e-09,
00:02:18,    138601,   438.6465,  1.63693e-08,  3.44000e-09,  5.85278e-09,  2.13976e-08,  9.67500e-10,  2.15000e-09,  1.26696e-08,  1.67678e-09,
00:02:19,    139106,   441.0266,  1.51477e-08,  3.44000e-09,  5.85278e-09,  2.19095e-08,  1.18250e-09,  2.36500e-09,  1.22857e-08,  1.49047e-09,
00:02:19,    139611,   442.8777,  1.56364e-08,  3.11750e-09,  6.09167e-09,  2.19095e-08,  1.18250e-09,  2.58000e-09,  1.23625e-08,  1.67678e-09,
00:02:20,    140116,   444.9933,  1.58807e-08,  3.33250e-09,  6.45000e-09,  2.31381e-08,  1.29000e-09,  2.25750e-09,  1.23625e-08,  1.30416e-09,
00:02:20,    140621,   447.1090,  1.51477e-08,  3.54750e-09,  6.21111e-09,  2.23190e-08,  1.18250e-09,  2.36500e-09,  1.20554e-08,  1.30416e-09,
00:02:21,    141126,   449.0924,  1.58807e-08,  3.54750e-09,  6.09167e-09,  2.27286e-08,  1.18250e-09,  2.58000e-09,  1.25161e-08,  1.49047e-09,
00:02:21,    141631,   451.0758,  1.58807e-08,  3.44000e-09,  5.73333e-09,  2.26262e-08,  1.07500e-09,  2.25750e-09,  1.24393e-08,  1.67678e-09,
00:02:22,    142136,   453.3236,  1.66136e-08,  3.22500e-09,  5.97222e-09,  2.24214e-08,  1.29000e-09,  2.58000e-09,  1.25161e-08,  1.30416e-09,
00:02:22,    142641,   455.3070,  1.51477e-08,  3.11750e-09,  6.45000e-09,  2.25238e-08,  1.18250e-09,  2.25750e-09,  1.26696e-08,  1.30416e-09,
00:02:23,    143146,   457.1582,  1.61250e-08,  3.44000e-09,  5.85278e-09,  2.33429e-08,  1.07500e-09,  2.25750e-09,  1.20554e-08,  1.49047e-09,
00:02:23,    143651,   459.1416,  1.66136e-08,  3.11750e-09,  6.21111e-09,  2.21143e-08,  1.07500e-09,  2.15000e-09,  1.21321e-08,  1.49047e-09,
00:02:24,    144156,   461.1249,  1.56364e-08,  3.54750e-09,  5.97222e-09,  2.24214e-08,  9.67500e-10,  2.15000e-09,  1.26696e-08,  1.30416e-09,
00:02:24,    144661,   463.5050,  1.44148e-08,  3.33250e-09,  6.21111e-09,  2.27286e-08,  1.18250e-09,  2.25750e-09,  1.22857e-08,  1.67678e-09,
00:02:25,    145166,   465.3562,  1.49034e-08,  3.22500e-09,  6.45000e-09,  2.27286e-08,  7.52500e-10,  2.25750e-09,  1.21321e-08,  1.49047e-09,
00:02:25,    145671,   467.3396,  1.46591e-08,  3.87000e-09,  6.33056e-09,  2.22167e-08,  1.07500e-09,  2.25750e-09,  1.25929e-08,  1.49047e-09,
00:02:26,    146176,   469.1907,  1.51477e-08,  3.54750e-09,  6.21111e-09,  2.19095e-08,  8.60000e-10,  2.15000e-09,  1.28232e-08,  1.49047e-09,
00:02:26,    146681,   471.1741,  1.63693e-08,  3.22500e-09,  5.85278e-09,  2.15000e-08,  8.60000e-10,  2.04250e-09,  1.19018e-08,  1.49047e-09,
00:02:27,    147186,   473.4220,  1.44148e-08,  3.33250e-09,  6.09167e-09,  2.16024e-08,  1.07500e-09,  2.04250e-09,  1.20554e-08,  1.49047e-09,
00:02:27,    147691,   475.1409,  1.41705e-08,  3.33250e-09,  6.56944e-09,  2.07833e-08,  8.60000e-10,  2.36500e-09,  1.23625e-08,  1.86308e-09,
00:02:28,    148196,   477.3888,  1.51477e-08,  3.11750e-09,  6.45000e-09,  2.10905e-08,  1.07500e-09,  2.36500e-09,  1.21321e-08,  1.49047e-09,
00:02:28,    148701,   479.5044,  1.44148e-08,  3.22500e-09,  6.45000e-09,  2.09881e-08,  9.67500e-10,  2.15000e-09,  1.22857e-08,  1.67678e-09,
00:02:29,    149206,   481.4878,  1.49034e-08,  3.54750e-09,  6.33056e-09,  2.01690e-08,  9.67500e-10,  2.25750e-09,  1.20554e-08,  1.49047e-09,
00:02:29,    149711,   483.6034,  1.34375e-08,  3.22500e-09,  5.97222e-09,  2.02714e-08,  9.67500e-10,  2.58000e-09,  1.21321e-08,  1.67678e-09,
00:02:30,    150216,   485.8512,  1.44148e-08,  2.90250e-09,  6.09167e-09,  2.00667e-08,  9.67500e-10,  2.25750e-09,  1.21321e-08,  1.67678e-09,
00:02:30,    150721,   487.5702,  1.44148e-08,  3.11750e-09,  6.56944e-09,  1.97595e-08,  8.60000e-10,  2.25750e-09,  1.17482e-08,  1.67678e-09,
00:02:31,    151226,   489.6858,  1.44148e-08,  3.54750e-09,  5.85278e-09,  1.95548e-08,  1.07500e-09,  2.04250e-09,  1.17482e-08,  1.67678e-09,
00:02:31,    151731,   491.6692,  1.24602e-08,  3.22500e-09,  6.33056e-09,  1.93500e-08,  8.60000e-10,  2.15000e-09,  1.22089e-08,  1.86308e-09,
00:02:32,    152236,   493.2559,  1.31932e-08,  3.22500e-09,  5.97222e-09,  1.87357e-08,  7.52500e-10,  2.25750e-09,  1.16714e-08,  1.30416e-09,
00:02:32,    152741,   495.5037,  1.29489e-08,  2.90250e-09,  6.33056e-09,  1.78143e-08,  7.52500e-10,  2.15000e-09,  1.14411e-08,  1.49047e-09,
00:02:33,    153246,   497.6194,  1.39261e-08,  3.44000e-09,  6.21111e-09,  1.77119e-08,  7.52500e-10,  2.15000e-09,  1.17482e-08,  1.49047e-09,
00:02:33,    153751,   499.9994,  1.29489e-08,  3.01000e-09,  6.33056e-09,  1.73024e-08,  9.67500e-10,  1.82750e-09,  1.15179e-08,  1.49047e-09,
00:02:34,    154256,   501.7184,  1.24602e-08,  2.90250e-09,  6.09167e-09,  1.78143e-08,  9.67500e-10,  2.36500e-09,  1.17482e-08,  1.86308e-09,
00:02:34,    154761,   503.9662,  1.22159e-08,  2.90250e-09,  5.97222e-09,  1.76095e-08,  9.67500e-10,  2.15000e-09,  1.15179e-08,  1.49047e-09,
00:02:35,    155266,   505.6852,  1.29489e-08,  3.22500e-09,  6.45000e-09,  1.70976e-08,  9.67500e-10,  1.93500e-09,  1.18250e-08,  1.30416e-09,
00:02:35,    155771,   507.8008,  1.29489e-08,  2.79500e-09,  6.09167e-09,  1.66881e-08,  1.18250e-09,  2.25750e-09,  1.16714e-08,  1.86308e-09,
00:02:36,    156276,   509.5197,  1.24602e-08,  3.11750e-09,  6.21111e-09,  1.65857e-08,  8.60000e-10,  2.15000e-09,  1.12107e-08,  1.49047e-09,
00:02:36,    156781,   511.8998,  1.34375e-08,  2.90250e-09,  6.09167e-09,  1.63810e-08,  9.67500e-10,  2.15000e-09,  1.15946e-08,  1.67678e-09,
00:02:37,    157286,   513.7509,  1.14830e-08,  3.33250e-09,  6.33056e-09,  1.56643e-08,  8.60000e-10,  2.25750e-09,  1.14411e-08,  1.49047e-09,
00:02:37,    157791,   516.2633,  1.31932e-08,  2.90250e-09,  6.09167e-09,  1.52548e-08,  1.07500e-09,  2.15000e-09,  1.17482e-08,  1.67678e-09,
00:02:38,    158296,   518.2467,  1.34375e-08,  3.11750e-09,  6.21111e-09,  1.54595e-08,  1.07500e-09,  2.25750e-09,  1.16714e-08,  1.49047e-09,
00:02:38,    158801,   520.2301,  1.19716e-08,  3.01000e-09,  6.09167e-09,  1.50500e-08,  1.18250e-09,  2.36500e-09,  1.13643e-08,  1.11785e-09,
00:02:39,    159306,   522.3457,  1.12386e-08,  3.01000e-09,  5.73333e-09,  1.48452e-08,  1.18250e-09,  2.25750e-09,  1.14411e-08,  1.49047e-09,
00:02:39,    159811,   524.0646,  1.27045e-08,  3.01000e-09,  5.97222e-09,  1.44357e-08,  9.67500e-10,  2.25750e-09,  1.14411e-08,  1.49047e-09,
00:02:40,    160316,   525.9157,  1.12386e-08,  2.79500e-09,  5.73333e-09,  1.46405e-08,  1.18250e-09,  2.15000e-09,  1.12875e-08,  1.11785e-09,
00:02:40,    160821,   527.8991,  1.27045e-08,  3.11750e-09,  6.09167e-09,  1.50500e-08,  9.67500e-10,  2.58000e-09,  1.13643e-08,  1.30416e-09,
00:02:41,    161326,   530.0148,  1.24602e-08,  3.01000e-09,  6.45000e-09,  1.43333e-08,  8.60000e-10,  2.68750e-09,  1.17482e-08,  1.30416e-09,
00:02:41,    161831,   531.9982,  1.27045e-08,  2.90250e-09,  6.21111e-09,  1.39238e-08,  1.07500e-09,  2.79500e-09,  1.15946e-08,  1.67678e-09,
00:02:42,    162336,   533.9815,  1.17273e-08,  3.11750e-09,  6.09167e-09,  1.44357e-08,  9.67500e-10,  2.68750e-09,  1.17482e-08,  1.30416e-09,
00:02:42,    162841,   536.2294,  1.14830e-08,  3.11750e-09,  5.85278e-09,  1.34119e-08,  8.60000e-10,  2.68750e-09,  1.15946e-08,  1.30416e-09,
00:02:43,    163346,   538.2128,  1.29489e-08,  3.22500e-09,  5.73333e-09,  1.38214e-08,  1.07500e-09,  2.68750e-09,  1.17482e-08,  1.30416e-09,
00:02:43,    163851,   540.1962,  1.19716e-08,  3.01000e-09,  6.21111e-09,  1.39238e-08,  8.60000e-10,  2.68750e-09,  1.15946e-08,  1.49047e-09,
00:02:44,    164356,   542.3118,  1.27045e-08,  3.22500e-09,  5.85278e-09,  1.37190e-08,  8.60000e-10,  2.79500e-09,  1.13643e-08,  1.49047e-09,
00:02:44,    164861,   544.2952,  1.22159e-08,  3.33250e-09,  6.09167e-09,  1.39238e-08,  9.67500e-10,  2.79500e-09,  1.14411e-08,  1.49047e-09,
00:02:45,    165366,   546.2786,  1.14830e-08,  3.22500e-09,  6.33056e-09,  1.39238e-08,  8.60000e-10,  2.79500e-09,  1.15946e-08,  1.49047e-09,
00:02:45,    165871,   548.3942,  1.19716e-08,  3.54750e-09,  6.45000e-09,  1.38214e-08,  9.67500e-10,  2.79500e-09,  1.14411e-08,  1.86308e-09,
00:02:46,    166376,   550.5099,  1.14830e-08,  3.22500e-09,  5.61389e-09,  1.38214e-08,  8.60000e-10,  2.90250e-09,  1.19018e-08,  1.86308e-09,
00:02:46,    166881,   552.4932,  1.14830e-08,  3.33250e-09,  6.09167e-09,  1.33095e-08,  7.52500e-10,  2.79500e-09,  1.17482e-08,  1.67678e-09,
00:02:47,    167386,   554.4766,  1.07500e-08,  3.33250e-09,  5.85278e-09,  1.40262e-08,  8.60000e-10,  3.01000e-09,  1.17482e-08,  1.67678e-09,
00:02:47,    167891,   556.4600,  1.12386e-08,  3.33250e-09,  6.45000e-09,  1.36167e-08,  9.67500e-10,  2.79500e-09,  1.18250e-08,  1.30416e-09,
00:02:48,    168396,   558.4434,  1.14830e-08,  3.33250e-09,  5.97222e-09,  1.40262e-08,  7.52500e-10,  2.68750e-09,  1.19786e-08,  1.67678e-09,
00:02:48,    168901,   560.5590,  1.14830e-08,  3.22500e-09,  6.09167e-09,  1.36167e-08,  9.67500e-10,  2.90250e-09,  1.15946e-08,  1.86308e-09,
00:02:49,    169406,   562.5424,  1.09943e-08,  3.44000e-09,  5.73333e-09,  1.39238e-08,  8.60000e-10,  2.58000e-09,  1.17482e-08,  2.23570e-09,
00:02:49,    169911,   564.6580,  1.14830e-08,  3.22500e-09,  6.56944e-09,  1.40262e-08,  1.07500e-09,  2.90250e-09,  1.17482e-08,  2.04939e-09,
00:02:50,    170416,   566.5092,  1.07500e-08,  3.44000e-09,  6.09167e-09,  1.36167e-08,  9.67500e-10,  3.11750e-09,  1.21321e-08,  1.86308e-09,
00:02:50,    170921,   568.6248,  1.17273e-08,  3.44000e-09,  5.97222e-09,  1.36167e-08,  9.67500e-10,  3.11750e-09,  1.13643e-08,  2.23570e-09,
00:02:51,    171426,   570.6082,  1.12386e-08,  3.65500e-09,  6.33056e-09,  1.38214e-08,  1.07500e-09,  3.33250e-09,  1.18250e-08,  2.04939e-09,
00:02:51,    171931,   572.7238,  1.17273e-08,  3.33250e-09,  5.97222e-09,  1.35143e-08,  1.07500e-09,  3.11750e-09,  1.19018e-08,  1.86308e-09,
00:02:52,    172436,   574.7072,  1.19716e-08,  3.54750e-09,  5.85278e-09,  1.37190e-08,  1.18250e-09,  3.33250e-09,  1.20554e-08,  2.42201e-09,
00:02:52,    172941,   576.5584,  1.14830e-08,  3.54750e-09,  6.33056e-09,  1.40262e-08,  1.07500e-09,  3.54750e-09,  1.21321e-08,  2.04939e-09,
00:02:53,    173446,   578.8062,  1.14830e-08,  3.54750e-09,  6.45000e-09,  1.36167e-08,  1.07500e-09,  3.76250e-09,  1.20554e-08,  2.04939e-09,
00:02:53,    173951,   580.7896,  1.14830e-08,  3.54750e-09,  6.45000e-09,  1.38214e-08,  1.18250e-09,  3.65500e-09,  1.22089e-08,  2.23570e-09,
00:02:54,    174456,   582.6408,  1.17273e-08,  3.54750e-09,  6.09167e-09,  1.39238e-08,  1.18250e-09,  3.65500e-09,  1.23625e-08,  2.42201e-09,
00:02:54,    174961,   584.8886,  1.22159e-08,  3.44000e-09,  5.97222e-09,  1.42310e-08,  1.29000e-09,  3.76250e-09,  1.24393e-08,  2.23570e-09,
00:02:55,    175466,   587.0042,  1.17273e-08,  3.44000e-09,  6.21111e-09,  1.31048e-08,  1.39750e-09,  3.33250e-09,  1.24393e-08,  2.42201e-09,
00:02:55,    175971,   589.1198,  1.22159e-08,  3.54750e-09,  6.45000e-09,  1.39238e-08,  1.07500e-09,  3.87000e-09,  1.25161e-08,  2.23570e-09,
00:02:56,    176476,   590.9710,  1.17273e-08,  3.65500e-09,  6.33056e-09,  1.33095e-08,  1.18250e-09,  3.87000e-09,  1.24393e-08,  2.04939e-09,
00:02:56,    176981,   592.8222,  1.14830e-08,  4.08500e-09,  6.21111e-09,  1.35143e-08,  1.29000e-09,  3.97750e-09,  1.27464e-08,  2.42201e-09,
00:02:57,    177486,   594.8056,  1.24602e-08,  3.87000e-09,  5.85278e-09,  1.32071e-08,  9.67500e-10,  4.62250e-09,  1.30536e-08,  2.04939e-09,
00:02:57,    177991,   596.7890,  1.22159e-08,  3.76250e-09,  6.21111e-09,  1.38214e-08,  1.18250e-09,  4.62250e-09,  1.28232e-08,  2.60832e-09,
00:02:58,    178496,   598.7724,  1.24602e-08,  3.87000e-09,  6.21111e-09,  1.42310e-08,  1.29000e-09,  5.05250e-09,  1.30536e-08,  2.60832e-09,
00:02:59,    179001,   600.8880,  1.29489e-08,  4.30000e-09,  6.56944e-09,  1.43333e-08,  1.39750e-09,  5.26750e-09,  1.36679e-08,  2.60832e-09,
00:02:59,    179506,   603.0036,  1.31932e-08,  4.40750e-09,  6.56944e-09,  1.41286e-08,  1.50500e-09,  5.59000e-09,  1.32071e-08,  2.42201e-09,
00:03:00,    180011,   605.2514,  1.22159e-08,  3.87000e-09,  6.09167e-09,  1.35143e-08,  1.29000e-09,  5.37500e-09,  1.35143e-08,  2.60832e-09,
00:03:00,    180516,   607.4993,  1.22159e-08,  4.08500e-09,  6.33056e-09,  1.37190e-08,  1.29000e-09,  5.16000e-09,  1.38214e-08,  2.79463e-09,
00:03:01,    181021,   609.6149,  1.31932e-08,  4.19250e-09,  6.33056e-09,  1.35143e-08,  1.50500e-09,  5.37500e-09,  1.32071e-08,  2.79463e-09,
00:03:01,    181526,   611.9950,  1.17273e-08,  4.08500e-09,  6.33056e-09,  1.37190e-08,  1.39750e-09,  4.83750e-09,  1.29768e-08,  2.42201e-09,
00:03:02,    182031,   613.8462,  1.17273e-08,  4.40750e-09,  6.21111e-09,  1.43333e-08,  1.72000e-09,  5.16000e-09,  1.32071e-08,  2.42201e-09,
00:03:02,    182536,   615.5651,  1.12386e-08,  4.51500e-09,  5.85278e-09,  1.39238e-08,  1.39750e-09,  5.16000e-09,  1.30536e-08,  2.42201e-09,
00:03:03,    183041,   617.2840,  1.19716e-08,  4.30000e-09,  6.09167e-09,  1.35143e-08,  1.39750e-09,  5.59000e-09,  1.30536e-08,  2.42201e-09,
00:03:03,    183546,   619.2674,  1.19716e-08,  4.30000e-09,  5.85278e-09,  1.40262e-08,  1.72000e-09,  5.59000e-09,  1.33607e-08,  2.42201e-09,
00:03:04,    184051,   621.2508,  1.22159e-08,  4.51500e-09,  6.45000e-09,  1.36167e-08,  1.39750e-09,  5.80500e-09,  1.30536e-08,  2.60832e-09,
00:03:04,    184556,   623.1020,  1.29489e-08,  4.51500e-09,  6.09167e-09,  1.42310e-08,  1.39750e-09,  6.12750e-09,  1.32839e-08,  2.98094e-09,
00:03:05,    185061,   625.0854,  1.27045e-08,  4.51500e-09,  5.85278e-09,  1.42310e-08,  1.29000e-09,  6.45000e-09,  1.32839e-08,  2.98094e-09,
00:03:05,    185566,   627.4655,  1.24602e-08,  4.30000e-09,  6.45000e-09,  1.44357e-08,  1.18250e-09,  6.34250e-09,  1.38214e-08,  2.79463e-09,
00:03:06,    186071,   629.7133,  1.14830e-08,  4.62250e-09,  6.45000e-09,  1.45381e-08,  1.50500e-09,  6.45000e-09,  1.35143e-08,  2.98094e-09,
00:03:06,    186576,   631.5645,  1.14830e-08,  4.94500e-09,  5.85278e-09,  1.48452e-08,  1.29000e-09,  6.45000e-09,  1.37446e-08,  2.79463e-09,
00:03:07,    187081,   633.6801,  1.22159e-08,  4.62250e-09,  6.21111e-09,  1.41286e-08,  1.18250e-09,  6.12750e-09,  1.37446e-08,  2.60832e-09,
00:03:07,    187586,   635.6635,  1.22159e-08,  4.94500e-09,  6.09167e-09,  1.41286e-08,  1.39750e-09,  6.02000e-09,  1.35911e-08,  2.98094e-09,
00:03:08,    188091,   637.6469,  1.12386e-08,  5.26750e-09,  6.45000e-09,  1.41286e-08,  1.18250e-09,  5.80500e-09,  1.32071e-08,  3.16724e-09,
00:03:08,    188596,   639.4980,  1.17273e-08,  4.73000e-09,  6.56944e-09,  1.40262e-08,  1.29000e-09,  6.02000e-09,  1.34375e-08,  2.98094e-09,
00:03:09,    189101,   641.4814,  1.27045e-08,  4.83750e-09,  6.68889e-09,  1.42310e-08,  1.39750e-09,  5.91250e-09,  1.32071e-08,  3.16724e-09,
00:03:09,    189606,   643.5971,  1.17273e-08,  4.62250e-09,  6.45000e-09,  1.40262e-08,  1.39750e-09,  6.02000e-09,  1.34375e-08,  2.98094e-09,
00:03:10,    190111,   645.4482,  1.24602e-08,  4.83750e-09,  6.45000e-09,  1.40262e-08,  1.39750e-09,  6.02000e-09,  1.37446e-08,  3.16724e-09,
00:03:10,    190616,   647.6961,  1.22159e-08,  4.62250e-09,  6.09167e-09,  1.44357e-08,  1.50500e-09,  6.02000e-09,  1.36679e-08,  3.16724e-09,
00:03:11,    191121,   649.5472,  1.27045e-08,  4.94500e-09,  6.56944e-09,  1.43333e-08,  1.29000e-09,  6.12750e-09,  1.42054e-08,  3.35355e-09,
00:03:11,    191626,   651.5306,  1.24602e-08,  4.94500e-09,  6.56944e-09,  1.46405e-08,  1.39750e-09,  6.02000e-09,  1.38214e-08,  3.53986e-09,
00:03:12,    192131,   653.6462,  1.17273e-08,  4.94500e-09,  6.45000e-09,  1.46405e-08,  1.39750e-09,  5.91250e-09,  1.38214e-08,  3.53986e-09,
00:03:12,    192636,   655.6296,  1.31932e-08,  4.94500e-09,  6.68889e-09,  1.43333e-08,  1.29000e-09,  6.02000e-09,  1.41286e-08,  3.35355e-09,
00:03:13,    193141,   657.7453,  1.09943e-08,  4.62250e-09,  6.92778e-09,  1.49476e-08,  1.29000e-09,  5.48250e-09,  1.32839e-08,  3.35355e-09,
00:03:13,    193646,   659.8609,  1.09943e-08,  4.40750e-09,  6.21111e-09,  1.45381e-08,  1.50500e-09,  5.59000e-09,  1.32839e-08,  3.35355e-09,
00:03:14,    194151,   662.1087,  1.19716e-08,  4.73000e-09,  6.68889e-09,  1.39238e-08,  1.39750e-09,  5.26750e-09,  1.34375e-08,  2.98094e-09,
00:03:14,    194656,   663.6954,  1.07500e-08,  4.83750e-09,  6.33056e-09,  1.43333e-08,  1.39750e-09,  5.16000e-09,  1.31304e-08,  2.98094e-09,
00:03:15,    195161,   666.0755,  1.14830e-08,  4.51500e-09,  6.33056e-09,  1.41286e-08,  1.39750e-09,  5.26750e-09,  1.33607e-08,  2.98094e-09,
00:03:15,    195666,   667.9267,  1.14830e-08,  4.62250e-09,  6.56944e-09,  1.43333e-08,  1.29000e-09,  5.16000e-09,  1.32839e-08,  2.98094e-09,
00:03:16,    196171,   669.9101,  1.12386e-08,  4.30000e-09,  6.92778e-09,  1.45381e-08,  1.50500e-09,  5.48250e-09,  1.33607e-08,  2.98094e-09,
00:03:16,    196676,   671.6290,  1.17273e-08,  4.62250e-09,  6.21111e-09,  1.48452e-08,  1.39750e-09,  4.94500e-09,  1.32839e-08,  3.16724e-09,
00:03:17,    197181,   673.8769,  1.22159e-08,  4.40750e-09,  6.45000e-09,  1.44357e-08,  1.39750e-09,  5.26750e-09,  1.25929e-08,  2.79463e-09,
00:03:17,    197686,   675.5958,  1.19716e-08,  4.73000e-09,  6.80833e-09,  1.51524e-08,  1.29000e-09,  5.26750e-09,  1.30536e-08,  2.79463e-09,
00:03:18,    198191,   677.4469,  1.27045e-08,  4.51500e-09,  6.68889e-09,  1.51524e-08,  1.39750e-09,  5.48250e-09,  1.33607e-08,  2.79463e-09,
00:03:18,    198696,   679.8270,  1.12386e-08,  4.51500e-09,  6.09167e-09,  1.50500e-08,  1.39750e-09,  5.16000e-09,  1.30536e-08,  2.98094e-09,
00:03:19,    199201,   681.8104,  1.24602e-08,  4.51500e-09,  6.45000e-09,  1.50500e-08,  1.50500e-09,  5.05250e-09,  1.32071e-08,  2.79463e-09,
00:03:19,    199706,   683.9260,  1.12386e-08,  4.40750e-09,  6.21111e-09,  1.56643e-08,  1.50500e-09,  4.73000e-09,  1.30536e-08,  2.98094e-09,
00:03:20,    200211,   685.9094,  1.12386e-08,  4.40750e-09,  6.33056e-09,  1.53571e-08,  1.50500e-09,  4.62250e-09,  1.22857e-08,  2.60832e-09,
00:03:20,    200716,   688.1573,  1.14830e-08,  4.19250e-09,  6.33056e-09,  1.48452e-08,  1.50500e-09,  4.30000e-09,  1.22089e-08,  2.60832e-09,
00:03:21,    201221,   690.2729,  1.07500e-08,  4.40750e-09,  6.56944e-09,  1.52548e-08,  1.29000e-09,  4.51500e-09,  1.21321e-08,  2.60832e-09,
00:03:21,    201726,   691.9918,  1.07500e-08,  4.40750e-09,  5.97222e-09,  1.53571e-08,  1.29000e-09,  4.62250e-09,  1.21321e-08,  2.60832e-09,
00:03:22,    202231,   693.8430,  1.09943e-08,  4.40750e-09,  6.33056e-09,  1.47429e-08,  1.50500e-09,  4.30000e-09,  1.19786e-08,  2.60832e-09,
00:03:22,    202736,   696.3553,  1.14830e-08,  4.08500e-09,  6.33056e-09,  1.51524e-08,  1.50500e-09,  4.30000e-09,  1.25161e-08,  2.60832e-09,
00:03:23,    203241,   698.4709,  1.09943e-08,  3.87000e-09,  6.45000e-09,  1.48452e-08,  1.39750e-09,  3.97750e-09,  1.16714e-08,  2.23570e-09,
00:03:23,    203746,   700.4543,  1.07500e-08,  4.19250e-09,  6.56944e-09,  1.49476e-08,  1.29000e-09,  3.76250e-09,  1.15946e-08,  2.42201e-09,
00:03:24,    204251,   702.3054,  1.19716e-08,  4.19250e-09,  6.21111e-09,  1.48452e-08,  1.39750e-09,  3.65500e-09,  1.15946e-08,  2.42201e-09,
00:03:24,    204756,   704.4211,  1.09943e-08,  4.08500e-09,  6.09167e-09,  1.44357e-08,  1.07500e-09,  3.76250e-09,  1.12875e-08,  2.23570e-09,
00:03:25,    205261,   706.6689,  1.09943e-08,  4.19250e-09,  6.09167e-09,  1.46405e-08,  1.18250e-09,  3.44000e-09,  1.14411e-08,  2.42201e-09,
00:03:25,    205766,   708.6523,  1.09943e-08,  3.97750e-09,  6.09167e-09,  1.45381e-08,  1.18250e-09,  3.65500e-09,  1.14411e-08,  2.23570e-09,
00:03:26,    206271,   710.5035,  1.05057e-08,  3.76250e-09,  6.09167e-09,  1.47429e-08,  1.07500e-09,  3.11750e-09,  1.10571e-08,  2.23570e-09,
00:03:26,    206776,   712.4869,  1.00170e-08,  3.65500e-09,  5.97222e-09,  1.48452e-08,  1.07500e-09,  3.22500e-09,  1.12875e-08,  1.86308e-09,
00:03:27,    207281,   714.3380,  1.14830e-08,  3.76250e-09,  6.33056e-09,  1.43333e-08,  9.67500e-10,  3.22500e-09,  1.12107e-08,  2.04939e-09,
00:03:27,    207786,   716.3214,  1.02614e-08,  3.76250e-09,  6.21111e-09,  1.46405e-08,  1.18250e-09,  3.11750e-09,  1.09804e-08,  1.86308e-09,
00:03:28,    208291,   718.0404,  1.00170e-08,  3.87000e-09,  6.56944e-09,  1.49476e-08,  8.60000e-10,  3.22500e-09,  1.06732e-08,  1.86308e-09,
00:03:28,    208796,   720.4204,  1.07500e-08,  3.44000e-09,  6.33056e-09,  1.45381e-08,  1.07500e-09,  3.01000e-09,  1.07500e-08,  1.86308e-09,
00:03:29,    209301,   722.2716,  9.52841e-09,  3.65500e-09,  6.09167e-09,  1.46405e-08,  9.67500e-10,  2.90250e-09,  1.09036e-08,  1.67678e-09,
00:03:29,    209806,   724.2550,  9.77273e-09,  3.97750e-09,  6.33056e-09,  1.48452e-08,  9.67500e-10,  2.79500e-09,  1.08268e-08,  2.23570e-09,
00:03:30,    210311,   726.6351,  1.00170e-08,  3.44000e-09,  6.21111e-09,  1.48452e-08,  1.18250e-09,  2.68750e-09,  1.08268e-08,  2.04939e-09,
00:03:30,    210816,   728.4862,  8.79545e-09,  3.44000e-09,  5.97222e-09,  1.47429e-08,  1.07500e-09,  3.11750e-09,  1.03661e-08,  2.04939e-09,
00:03:31,    211321,   730.4696,  9.77273e-09,  3.22500e-09,  5.97222e-09,  1.49476e-08,  1.07500e-09,  2.90250e-09,  1.04429e-08,  2.23570e-09,
00:03:31,    211826,   732.3208,  9.28409e-09,  3.65500e-09,  6.45000e-09,  1.45381e-08,  9.67500e-10,  2.90250e-09,  1.03661e-08,  1.86308e-09,
00:03:32,    212331,   734.5686,  9.77273e-09,  3.65500e-09,  6.56944e-09,  1.43333e-08,  9.67500e-10,  2.79500e-09,  1.02125e-08,  1.67678e-09,
00:03:32,    212836,   736.0232,  9.52841e-09,  3.44000e-09,  6.45000e-09,  1.49476e-08,  8.60000e-10,  2.79500e-09,  1.02893e-08,  2.04939e-09,
00:03:33,    213341,   738.2710,  9.03977e-09,  3.65500e-09,  6.68889e-09,  1.46405e-08,  9.67500e-10,  2.58000e-09,  1.02893e-08,  2.04939e-09,
00:03:33,    213846,   739.8577,  8.55114e-09,  3.33250e-09,  6.09167e-09,  1.44357e-08,  8.60000e-10,  2.90250e-09,  1.02125e-08,  2.04939e-09,
00:03:34,    214351,   743.0311,  9.77273e-09,  3.33250e-09,  6.45000e-09,  1.54595e-08,  1.07500e-09,  2.47250e-09,  1.02125e-08,  2.04939e-09,
00:03:34,    214856,   744.7501,  9.77273e-09,  3.54750e-09,  6.33056e-09,  1.44357e-08,  1.07500e-09,  2.58000e-09,  1.02125e-08,  2.04939e-09,
00:03:35,    215361,   746.6012,  1.00170e-08,  3.22500e-09,  6.33056e-09,  1.44357e-08,  9.67500e-10,  2.68750e-09,  9.82857e-09,  2.42201e-09,
00:03:35,    215866,   748.7168,  1.00170e-08,  3.22500e-09,  5.73333e-09,  1.43333e-08,  9.67500e-10,  2.25750e-09,  1.01357e-08,  2.04939e-09,
00:03:36,    216371,   750.8325,  1.00170e-08,  3.11750e-09,  6.21111e-09,  1.42310e-08,  9.67500e-10,  2.47250e-09,  9.75179e-09,  2.23570e-09,
00:03:36,    216876,   752.8159,  9.28409e-09,  3.11750e-09,  6.45000e-09,  1.46405e-08,  1.07500e-09,  2.25750e-09,  9.75179e-09,  2.04939e-09,
00:03:37,    217381,   755.0637,  9.03977e-09,  3.01000e-09,  6.21111e-09,  1.43333e-08,  1.18250e-09,  2.58000e-09,  9.90536e-09,  2.04939e-09,
00:03:37,    217886,   756.6504,  9.52841e-09,  3.11750e-09,  6.56944e-09,  1.45381e-08,  1.07500e-09,  2.47250e-09,  9.67500e-09,  1.86308e-09,
00:03:38,    218391,   758.7660,  9.77273e-09,  3.22500e-09,  6.68889e-09,  1.46405e-08,  8.60000e-10,  2.47250e-09,  9.67500e-09,  1.67678e-09,
00:03:38,    218896,   760.6172,  9.28409e-09,  3.01000e-09,  6.45000e-09,  1.41286e-08,  1.07500e-09,  2.15000e-09,  9.59821e-09,  1.67678e-09,
00:03:39,    219401,   762.8650,  9.52841e-09,  3.22500e-09,  6.45000e-09,  1.44357e-08,  1.07500e-09,  2.58000e-09,  9.67500e-09,  1.67678e-09,
00:03:39,    219906,   765.1129,  9.03977e-09,  2.68750e-09,  5.97222e-09,  1.42310e-08,  7.52500e-10,  2.25750e-09,  9.75179e-09,  2.04939e-09,
00:03:40,    220411,   767.2285,  9.03977e-09,  3.01000e-09,  6.33056e-09,  1.41286e-08,  9.67500e-10,  2.36500e-09,  9.52143e-09,  1.86308e-09,
00:03:40,    220916,   769.3441,  8.79545e-09,  2.79500e-09,  6.09167e-09,  1.49476e-08,  8.60000e-10,  2.36500e-09,  9.52143e-09,  2.04939e-09,
00:03:41,    221421,   771.4597,  9.77273e-09,  3.22500e-09,  6.56944e-09,  1.38214e-08,  9.67500e-10,  2.58000e-09,  9.59821e-09,  1.67678e-09,
00:03:41,    221926,   773.4431,  9.28409e-09,  3.11750e-09,  6.56944e-09,  1.41286e-08,  8.60000e-10,  2.47250e-09,  9.52143e-09,  1.67678e-09,
00:03:42,    222431,   775.2943,  8.55114e-09,  3.01000e-09,  6.45000e-09,  1.42310e-08,  9.67500e-10,  2.25750e-09,  9.52143e-09,  1.67678e-09,
00:03:42,    222936,   777.4099,  1.00170e-08,  3.01000e-09,  6.68889e-09,  1.42310e-08,  1.07500e-09,  2.15000e-09,  9.36786e-09,  1.86308e-09,
00:03:43,    223441,   779.3933,  8.79545e-09,  3.11750e-09,  6.33056e-09,  1.38214e-08,  8.60000e-10,  2.25750e-09,  9.29107e-09,  1.67678e-09,
00:03:43,    223946,   781.3767,  1.00170e-08,  3.11750e-09,  6.45000e-09,  1.39238e-08,  1.07500e-09,  2.25750e-09,  9.36786e-09,  1.49047e-09,
00:03:44,    224451,   783.0957,  9.28409e-09,  2.79500e-09,  6.21111e-09,  1.39238e-08,  1.07500e-09,  2.47250e-09,  9.36786e-09,  1.30416e-09,
00:03:44,    224956,   785.0791,  8.79545e-09,  2.68750e-09,  6.45000e-09,  1.32071e-08,  1.07500e-09,  2.15000e-09,  9.29107e-09,  1.49047e-09,
00:03:45,    225461,   786.9302,  9.52841e-09,  2.79500e-09,  6.56944e-09,  1.39238e-08,  1.07500e-09,  2.36500e-09,  9.44464e-09,  1.49047e-09,
00:03:45,    225966,   789.1781,  9.77273e-09,  3.11750e-09,  6.33056e-09,  1.40262e-08,  1.07500e-09,  2.47250e-09,  8.75357e-09,  1.49047e-09,
00:03:46,    226471,   791.2937,  9.28409e-09,  2.90250e-09,  6.21111e-09,  1.41286e-08,  1.07500e-09,  2.58000e-09,  9.36786e-09,  1.49047e-09,
00:03:46,    226976,   793.2771,  9.52841e-09,  2.90250e-09,  6.09167e-09,  1.38214e-08,  1.07500e-09,  2.47250e-09,  9.06071e-09,  1.49047e-09,
00:03:47,    227481,   795.3927,  1.02614e-08,  2.90250e-09,  6.21111e-09,  1.38214e-08,  1.07500e-09,  2.04250e-09,  9.44464e-09,  1.49047e-09,
00:03:47,    227986,   797.5083,  8.79545e-09,  2.90250e-09,  6.33056e-09,  1.36167e-08,  1.07500e-09,  2.36500e-09,  9.06071e-09,  1.49047e-09,
00:03:48,    228491,   799.4917,  9.03977e-09,  2.90250e-09,  6.80833e-09,  1.39238e-08,  1.07500e-09,  2.15000e-09,  9.21429e-09,  1.30416e-09,
00:03:48,    228996,   801.6073,  9.03977e-09,  3.01000e-09,  6.45000e-09,  1.40262e-08,  1.07500e-09,  2.15000e-09,  9.29107e-09,  1.67678e-09,
00:03:49,    229501,   803.4585,  1.00170e-08,  3.01000e-09,  6.68889e-09,  1.41286e-08,  1.07500e-09,  2.15000e-09,  9.21429e-09,  1.49047e-09,
00:03:50,    230006,   805.4419,  9.28409e-09,  3.01000e-09,  6.45000e-09,  1.41286e-08,  9.67500e-10,  2.25750e-09,  9.13750e-09,  1.67678e-09,
00:03:50,    230511,   807.4253,  1.00170e-08,  2.79500e-09,  6.33056e-09,  1.40262e-08,  9.67500e-10,  2.36500e-09,  9.13750e-09,  1.49047e-09,
00:03:51,    231016,   809.4087,  9.52841e-09,  2.90250e-09,  6.45000e-09,  1.35143e-08,  7.52500e-10,  2.25750e-09,  8.60000e-09,  1.67678e-09,
00:03:51,    231521,   811.3921,  9.52841e-09,  3.01000e-09,  6.56944e-09,  1.39238e-08,  9.67500e-10,  2.36500e-09,  9.13750e-09,  1.67678e-09,
00:03:52,    232026,   813.3755,  9.28409e-09,  2.90250e-09,  7.04722e-09,  1.36167e-08,  8.60000e-10,  2.36500e-09,  8.67679e-09,  1.49047e-09,
00:03:52,    232531,   815.0944,  9.03977e-09,  2.90250e-09,  6.21111e-09,  1.41286e-08,  8.60000e-10,  2.04250e-09,  9.06071e-09,  1.30416e-09,
00:03:53,    233036,   817.6067,  9.52841e-09,  2.79500e-09,  7.04722e-09,  1.45381e-08,  8.60000e-10,  2.15000e-09,  8.90714e-09,  1.30416e-09,
00:03:53,    233541,   819.4578,  9.03977e-09,  3.11750e-09,  6.56944e-09,  1.35143e-08,  6.45000e-10,  2.04250e-09,  8.98393e-09,  1.49047e-09,
00:03:54,    234046,   821.4412,  9.52841e-09,  3.01000e-09,  6.92778e-09,  1.33095e-08,  8.60000e-10,  2.36500e-09,  9.52143e-09,  1.67678e-09,
00:03:54,    234551,   823.2924,  9.52841e-09,  2.90250e-09,  7.16667e-09,  1.35143e-08,  8.60000e-10,  1.93500e-09,  9.21429e-09,  1.49047e-09,
00:03:55,    235056,   825.5402,  9.52841e-09,  3.22500e-09,  6.80833e-09,  1.34119e-08,  8.60000e-10,  2.25750e-09,  8.75357e-09,  1.30416e-09,
00:03:55,    235561,   827.1270,  8.30682e-09,  2.90250e-09,  7.04722e-09,  1.36167e-08,  7.52500e-10,  2.15000e-09,  9.13750e-09,  1.86308e-09,
00:03:56,    236066,   829.2426,  9.28409e-09,  3.01000e-09,  7.16667e-09,  1.43333e-08,  9.67500e-10,  2.36500e-09,  8.90714e-09,  1.30416e-09,
00:03:56,    236571,   831.2260,  9.28409e-09,  3.11750e-09,  7.04722e-09,  1.45381e-08,  7.52500e-10,  2.04250e-09,  8.90714e-09,  1.30416e-09,
00:03:57,    237076,   833.3416,  9.03977e-09,  2.90250e-09,  7.04722e-09,  1.44357e-08,  7.52500e-10,  1.93500e-09,  8.75357e-09,  1.30416e-09,
00:03:57,    237581,   835.1928,  9.28409e-09,  2.79500e-09,  7.16667e-09,  1.44357e-08,  6.45000e-10,  1.93500e-09,  8.83036e-09,  1.30416e-09,
00:03:58,    238086,   837.4406,  9.28409e-09,  2.79500e-09,  7.28611e-09,  1.40262e-08,  8.60000e-10,  2.04250e-09,  8.83036e-09,  1.67678e-09,
00:03:58,    238591,   839.8206,  9.28409e-09,  2.79500e-09,  7.04722e-09,  1.44357e-08,  8.60000e-10,  2.15000e-09,  8.98393e-09,  1.49047e-09,
00:03:59,    239096,   841.8040,  8.79545e-09,  2.90250e-09,  7.04722e-09,  1.41286e-08,  8.60000e-10,  2.04250e-09,  8.90714e-09,  1.67678e-09,
00:03:59,    239601,   844.0519,  9.28409e-09,  2.79500e-09,  7.04722e-09,  1.46405e-08,  8.60000e-10,  1.93500e-09,  8.67679e-09,  1.67678e-09,
00:04:00,    240106,   845.9030,  9.77273e-09,  2.58000e-09,  7.16667e-09,  1.44357e-08,  9.67500e-10,  1.93500e-09,  8.60000e-09,  1.67678e-09,
00:04:00,    240611,   848.0187,  9.03977e-09,  2.58000e-09,  7.40556e-09,  1.42310e-08,  8.60000e-10,  2.04250e-09,  8.13929e-09,  1.49047e-09,
00:04:01,    241116,   850.0021,  7.81818e-09,  2.90250e-09,  6.92778e-09,  1.43333e-08,  1.07500e-09,  2.04250e-09,  8.29286e-09,  1.49047e-09,
00:04:01,    241621,   851.7210,  8.55114e-09,  2.47250e-09,  7.28611e-09,  1.41286e-08,  9.67500e-10,  1.93500e-09,  8.21607e-09,  1.67678e-09,
00:04:02,    242126,   853.7044,  8.79545e-09,  2.36500e-09,  7.40556e-09,  1.46405e-08,  8.60000e-10,  1.72000e-09,  8.75357e-09,  1.67678e-09,
00:04:02,    242631,   856.0845,  8.30682e-09,  2.68750e-09,  7.04722e-09,  1.44357e-08,  9.67500e-10,  2.15000e-09,  8.60000e-09,  1.49047e-09,
00:04:03,    243136,   858.3323,  8.55114e-09,  2.47250e-09,  7.16667e-09,  1.44357e-08,  1.07500e-09,  2.15000e-09,  8.44643e-09,  1.67678e-09,
00:04:03,    243641,   860.0513,  8.79545e-09,  2.47250e-09,  6.80833e-09,  1.48452e-08,  7.52500e-10,  1.93500e-09,  8.44643e-09,  1.49047e-09,
00:04:04,    244146,   862.1669,  8.55114e-09,  2.58000e-09,  7.16667e-09,  1.43333e-08,  1.07500e-09,  2.04250e-09,  8.29286e-09,  1.30416e-09,
00:04:04,    244651,   864.2825,  9.28409e-09,  2.58000e-09,  7.40556e-09,  1.39238e-08,  8.60000e-10,  2.04250e-09,  8.60000e-09,  1.49047e-09,
00:04:05,    245156,   866.3981,  8.79545e-09,  2.68750e-09,  7.16667e-09,  1.40262e-08,  9.67500e-10,  1.82750e-09,  8.29286e-09,  1.30416e-09,
00:04:05,    245661,   868.5138,  9.52841e-09,  2.68750e-09,  7.76389e-09,  1.41286e-08,  9.67500e-10,  1.93500e-09,  8.13929e-09,  1.30416e-09,
00:04:06,    246166,   870.4972,  9.28409e-09,  2.58000e-09,  7.04722e-09,  1.36167e-08,  8.60000e-10,  2.15000e-09,  8.21607e-09,  1.11785e-09,
00:04:06,    246671,   872.4806,  9.03977e-09,  2.79500e-09,  7.04722e-09,  1.42310e-08,  8.60000e-10,  2.15000e-09,  8.60000e-09,  1.30416e-09,
00:04:07,    247176,   874.3317,  9.03977e-09,  2.47250e-09,  7.28611e-09,  1.41286e-08,  9.67500e-10,  2.04250e-09,  8.36964e-09,  1.30416e-09,
00:04:07,    247681,   876.1829,  1.00170e-08,  2.58000e-09,  7.52500e-09,  1.38214e-08,  8.60000e-10,  2.25750e-09,  8.06250e-09,  1.11785e-09,
00:04:08,    248186,   878.1662,  9.52841e-09,  2.79500e-09,  7.52500e-09,  1.48452e-08,  8.60000e-10,  2.15000e-09,  8.52321e-09,  1.30416e-09,
00:04:08,    248691,   880.0174,  1.00170e-08,  2.90250e-09,  7.64444e-09,  1.37190e-08,  9.67500e-10,  2.15000e-09,  8.36964e-09,  9.31542e-10,
00:04:09,    249196,   882.2653,  9.28409e-09,  2.68750e-09,  7.40556e-09,  1.34119e-08,  9.67500e-10,  2.15000e-09,  8.52321e-09,  1.30416e-09,
00:04:09,    249701,   884.3809,  9.03977e-09,  2.68750e-09,  7.76389e-09,  1.40262e-08,  7.52500e-10,  1.72000e-09,  8.67679e-09,  1.49047e-09,
00:04:10,    250206,   886.4965,  8.55114e-09,  2.58000e-09,  7.52500e-09,  1.33095e-08,  7.52500e-10,  1.93500e-09,  8.29286e-09,  1.49047e-09,
00:04:10,    250711,   888.3477,  9.52841e-09,  2.79500e-09,  7.64444e-09,  1.31048e-08,  7.52500e-10,  1.93500e-09,  8.60000e-09,  1.49047e-09,
00:04:11,    251216,   890.5955,  9.28409e-09,  2.58000e-09,  7.52500e-09,  1.34119e-08,  9.67500e-10,  1.82750e-09,  8.36964e-09,  1.49047e-09,
00:04:11,    251721,   892.8434,  8.55114e-09,  2.79500e-09,  7.88333e-09,  1.38214e-08,  6.45000e-10,  2.36500e-09,  8.36964e-09,  1.30416e-09,
00:04:12,    252226,   894.5623,  9.03977e-09,  2.79500e-09,  7.64444e-09,  1.36167e-08,  7.52500e-10,  1.82750e-09,  8.44643e-09,  1.30416e-09,
00:04:12,    252731,   896.5457,  9.52841e-09,  2.90250e-09,  8.12222e-09,  1.34119e-08,  8.60000e-10,  1.93500e-09,  8.52321e-09,  1.30416e-09,
00:04:13,    253236,   898.6613,  8.79545e-09,  2.90250e-09,  8.00278e-09,  1.33095e-08,  9.67500e-10,  1.82750e-09,  8.29286e-09,  1.49047e-09,
00:04:13,    253741,   900.6447,  1.00170e-08,  2.68750e-09,  8.00278e-09,  1.30024e-08,  6.45000e-10,  2.04250e-09,  8.67679e-09,  1.30416e-09,
00:04:14,    254246,   902.8926,  9.28409e-09,  2.68750e-09,  7.52500e-09,  1.35143e-08,  6.45000e-10,  2.04250e-09,  8.21607e-09,  1.49047e-09,
00:04:14,    254751,   904.7437,  9.52841e-09,  2.79500e-09,  8.36111e-09,  1.35143e-08,  8.60000e-10,  1.93500e-09,  8.13929e-09,  1.49047e-09,
00:04:15,    255256,   906.7271,  9.03977e-09,  2.90250e-09,  7.88333e-09,  1.26952e-08,  7.52500e-10,  2.04250e-09,  8.36964e-09,  1.30416e-09,
00:04:15,    255761,   908.8427,  9.28409e-09,  2.47250e-09,  7.88333e-09,  1.29000e-08,  6.45000e-10,  1.93500e-09,  8.75357e-09,  1.49047e-09,
00:04:16,    256266,   910.9583,  8.79545e-09,  2.68750e-09,  8.00278e-09,  1.27976e-08,  7.52500e-10,  1.72000e-09,  8.21607e-09,  1.11785e-09,
00:04:16,    256771,   912.9417,  8.30682e-09,  2.68750e-09,  8.36111e-09,  1.23881e-08,  6.45000e-10,  1.82750e-09,  8.13929e-09,  1.30416e-09,
00:04:17,    257276,   915.0573,  8.79545e-09,  2.68750e-09,  8.00278e-09,  1.23881e-08,  7.52500e-10,  1.72000e-09,  8.29286e-09,  1.49047e-09,
00:04:17,    257781,   916.9085,  8.30682e-09,  2.79500e-09,  8.00278e-09,  1.26952e-08,  7.52500e-10,  1.72000e-09,  8.21607e-09,  1.67678e-09,
00:04:18,    258286,   918.7597,  9.77273e-09,  2.25750e-09,  8.00278e-09,  1.27976e-08,  8.60000e-10,  1.72000e-09,  8.13929e-09,  1.30416e-09,
00:04:18,    258791,   920.6109,  9.28409e-09,  2.36500e-09,  7.76389e-09,  1.22857e-08,  6.45000e-10,  1.72000e-09,  8.21607e-09,  1.49047e-09,
00:04:19,    259296,   922.9909,  9.03977e-09,  2.47250e-09,  8.60000e-09,  1.22857e-08,  8.60000e-10,  1.72000e-09,  8.13929e-09,  1.67678e-09,
00:04:19,    259801,   924.8421,  8.55114e-09,  2.47250e-09,  8.12222e-09,  1.30024e-08,  8.60000e-10,  1.82750e-09,  8.06250e-09,  1.49047e-09,
00:04:20,    260306,   926.9577,  9.28409e-09,  2.47250e-09,  8.36111e-09,  1.21833e-08,  8.60000e-10,  1.82750e-09,  8.44643e-09,  1.49047e-09,
00:04:20,    260811,   929.2055,  9.03977e-09,  2.47250e-09,  8.36111e-09,  1.18762e-08,  8.60000e-10,  1.82750e-09,  8.13929e-09,  1.49047e-09,
00:04:21,    261316,   931.0567,  9.03977e-09,  2.36500e-09,  8.24167e-09,  1.19786e-08,  7.52500e-10,  1.61250e-09,  8.13929e-09,  1.30416e-09,
00:04:21,    261821,   933.0401,  9.03977e-09,  2.36500e-09,  8.24167e-09,  1.20810e-08,  8.60000e-10,  1.82750e-09,  8.13929e-09,  1.30416e-09,
00:04:22,    262326,   935.2879,  9.77273e-09,  2.47250e-09,  8.24167e-09,  1.21833e-08,  7.52500e-10,  2.04250e-09,  7.90893e-09,  1.49047e-09,
00:04:22,    262831,   937.0069,  8.30682e-09,  2.47250e-09,  8.24167e-09,  1.16714e-08,  7.52500e-10,  2.04250e-09,  8.52321e-09,  1.49047e-09,
00:04:23,    263336,   938.9902,  9.03977e-09,  2.25750e-09,  8.24167e-09,  1.18762e-08,  7.52500e-10,  1.82750e-09,  8.29286e-09,  1.49047e-09,
00:04:23,    263841,   941.1059,  9.03977e-09,  2.47250e-09,  8.48056e-09,  1.22857e-08,  8.60000e-10,  1.93500e-09,  7.90893e-09,  1.11785e-09,
00:04:24,    264346,   943.0893,  9.03977e-09,  2.36500e-09,  7.88333e-09,  1.20810e-08,  7.52500e-10,  1.72000e-09,  8.36964e-09,  1.49047e-09,
00:04:24,    264851,   945.0727,  8.30682e-09,  2.47250e-09,  7.64444e-09,  1.20810e-08,  7.52500e-10,  1.82750e-09,  7.90893e-09,  1.49047e-09,
00:04:25,    265356,   947.0560,  8.55114e-09,  2.36500e-09,  8.00278e-09,  1.16714e-08,  9.67500e-10,  1.72000e-09,  8.06250e-09,  1.30416e-09,
00:04:25,    265861,   949.3039,  9.28409e-09,  2.47250e-09,  8.36111e-09,  1.15690e-08,  9.67500e-10,  1.72000e-09,  8.13929e-09,  1.30416e-09,
00:04:26,    266366,   951.2873,  8.30682e-09,  2.58000e-09,  8.12222e-09,  1.20810e-08,  8.60000e-10,  1.72000e-09,  7.90893e-09,  1.30416e-09,
00:04:26,    266871,   953.2707,  8.06250e-09,  2.58000e-09,  8.48056e-09,  1.10571e-08,  8.60000e-10,  1.61250e-09,  7.90893e-09,  1.11785e-09,
00:04:27,    267376,   955.2541,  8.79545e-09,  2.25750e-09,  8.00278e-09,  1.14667e-08,  7.52500e-10,  1.61250e-09,  8.13929e-09,  1.30416e-09,
00:04:27,    267881,   957.2375,  9.52841e-09,  2.47250e-09,  8.24167e-09,  1.14667e-08,  9.67500e-10,  1.93500e-09,  7.67857e-09,  1.11785e-09,
00:04:28,    268386,   958.8242,  9.28409e-09,  2.58000e-09,  8.24167e-09,  1.15690e-08,  9.67500e-10,  1.93500e-09,  7.75536e-09,  1.49047e-09,
00:04:28,    268891,   961.3365,  9.03977e-09,  2.58000e-09,  8.36111e-09,  1.14667e-08,  7.52500e-10,  2.04250e-09,  7.75536e-09,  1.30416e-09,
00:04:29,    269396,   963.0554,  9.03977e-09,  2.47250e-09,  8.60000e-09,  1.15690e-08,  8.60000e-10,  1.82750e-09,  8.06250e-09,  1.11785e-09,
00:04:29,    269901,   963.9810,  9.03977e-09,  2.68750e-09,  8.36111e-09,  1.15690e-08,  9.67500e-10,  1.82750e-09,  8.21607e-09,  1.11785e-09,
00:04:30,    270406,   966.3611,  8.79545e-09,  2.47250e-09,  8.24167e-09,  1.10571e-08,  7.52500e-10,  2.04250e-09,  8.21607e-09,  1.30416e-09,
00:04:30,    270911,   969.4023,  9.52841e-09,  2.58000e-09,  8.24167e-09,  1.09548e-08,  9.67500e-10,  1.82750e-09,  7.98571e-09,  9.31542e-10,
00:04:31,    271416,   971.7824,  7.81818e-09,  2.47250e-09,  8.00278e-09,  1.14667e-08,  9.67500e-10,  1.93500e-09,  8.13929e-09,  1.30416e-09,
00:04:31,    271921,   973.7658,  9.52841e-09,  2.58000e-09,  8.36111e-09,  1.11595e-08,  7.52500e-10,  1.93500e-09,  8.21607e-09,  1.30416e-09,
00:04:32,    272426,   975.7492,  8.55114e-09,  2.79500e-09,  8.48056e-09,  1.10571e-08,  1.07500e-09,  1.72000e-09,  8.29286e-09,  1.49047e-09,
00:04:32,    272931,   977.8648,  9.03977e-09,  2.36500e-09,  8.60000e-09,  1.11595e-08,  8.60000e-10,  1.82750e-09,  8.13929e-09,  1.11785e-09,
00:04:33,    273436,   979.7160,  9.28409e-09,  2.90250e-09,  8.60000e-09,  1.11595e-08,  9.67500e-10,  1.82750e-09,  7.83214e-09,  1.30416e-09,
00:04:33,    273941,   981.8316,  8.79545e-09,  2.58000e-09,  8.71944e-09,  1.07500e-08,  7.52500e-10,  1.82750e-09,  7.98571e-09,  1.11785e-09,
00:04:34,    274446,   983.5505,  8.55114e-09,  2.58000e-09,  8.60000e-09,  1.15690e-08,  6.45000e-10,  2.04250e-09,  7.90893e-09,  1.49047e-09,
00:04:34,    274951,   985.5339,  1.02614e-08,  2.68750e-09,  8.48056e-09,  1.08524e-08,  8.60000e-10,  1.93500e-09,  7.60179e-09,  1.11785e-09,
00:04:35,    275456,   987.3850,  9.03977e-09,  2.68750e-09,  8.60000e-09,  1.02381e-08,  8.60000e-10,  1.82750e-09,  8.06250e-09,  1.30416e-09,
00:04:35,    275961,   989.6329,  1.02614e-08,  2.58000e-09,  8.71944e-09,  1.12619e-08,  6.45000e-10,  1.82750e-09,  7.90893e-09,  1.11785e-09,
00:04:36,    276466,   991.6163,  9.52841e-09,  2.68750e-09,  8.95833e-09,  1.07500e-08,  7.52500e-10,  1.72000e-09,  8.06250e-09,  1.49047e-09,
00:04:36,    276971,   993.7319,  8.79545e-09,  2.58000e-09,  8.60000e-09,  1.09548e-08,  6.45000e-10,  2.04250e-09,  8.13929e-09,  1.30416e-09,
00:04:37,    277476,   995.8476,  9.03977e-09,  2.58000e-09,  8.48056e-09,  1.07500e-08,  6.45000e-10,  2.04250e-09,  7.67857e-09,  1.11785e-09,
00:04:37,    277981,   997.5665,  8.79545e-09,  2.68750e-09,  8.48056e-09,  1.07500e-08,  6.45000e-10,  1.72000e-09,  7.90893e-09,  1.30416e-09,
00:04:38,    278486,   999.9466,  8.55114e-09,  2.47250e-09,  8.83889e-09,  1.06476e-08,  5.37500e-10,  1.93500e-09,  8.13929e-09,  1.30416e-09,
00:04:38,    278991,  1001.6655,  9.77273e-09,  2.90250e-09,  8.71944e-09,  1.08524e-08,  8.60000e-10,  1.82750e-09,  8.13929e-09,  1.67678e-09,
00:04:39,    279496,  1003.6489,  9.52841e-09,  2.47250e-09,  8.83889e-09,  1.05452e-08,  5.37500e-10,  2.04250e-09,  8.06250e-09,  1.49047e-09,
00:04:40,    280001,  1005.7645,  9.28409e-09,  2.36500e-09,  8.95833e-09,  1.09548e-08,  5.37500e-10,  1.82750e-09,  7.90893e-09,  1.30416e-09,
00:04:40,    280506,  1008.0124,  9.03977e-09,  2.47250e-09,  8.71944e-09,  1.09548e-08,  6.45000e-10,  1.93500e-09,  8.06250e-09,  1.30416e-09,
00:04:41,    281011,  1009.7313,  8.79545e-09,  2.58000e-09,  8.95833e-09,  1.08524e-08,  6.45000e-10,  1.93500e-09,  8.06250e-09,  1.67678e-09,
00:04:41,    281516,  1011.7147,  8.79545e-09,  2.68750e-09,  8.83889e-09,  1.08524e-08,  8.60000e-10,  1.93500e-09,  7.98571e-09,  1.67678e-09,
00:04:42,    282021,  1014.0948,  9.28409e-09,  2.58000e-09,  8.83889e-09,  1.02381e-08,  7.52500e-10,  1.82750e-09,  7.98571e-09,  1.11785e-09,
00:04:42,    282526,  1016.0782,  8.79545e-09,  2.36500e-09,  9.55556e-09,  1.02381e-08,  6.45000e-10,  1.82750e-09,  7.83214e-09,  1.49047e-09,
00:04:43,    283031,  1018.3260,  8.06250e-09,  2.36500e-09,  9.43611e-09,  1.05452e-08,  7.52500e-10,  1.93500e-09,  7.98571e-09,  1.49047e-09,
00:04:43,    283536,  1020.0450,  9.03977e-09,  2.47250e-09,  8.71944e-09,  1.05452e-08,  7.52500e-10,  1.93500e-09,  7.60179e-09,  1.49047e-09,
00:04:44,    284041,  1022.2928,  8.55114e-09,  2.47250e-09,  8.36111e-09,  1.05452e-08,  6.45000e-10,  1.72000e-09,  8.44643e-09,  1.30416e-09,
00:04:44,    284546,  1024.1439,  9.03977e-09,  2.90250e-09,  9.43611e-09,  1.06476e-08,  7.52500e-10,  1.82750e-09,  7.67857e-09,  1.67678e-09,
00:04:45,    285051,  1026.2596,  8.06250e-09,  2.36500e-09,  9.55556e-09,  1.06476e-08,  7.52500e-10,  1.82750e-09,  7.83214e-09,  1.49047e-09,
00:04:45,    285556,  1028.1107,  8.79545e-09,  2.47250e-09,  9.43611e-09,  1.04429e-08,  7.52500e-10,  1.61250e-09,  7.75536e-09,  1.67678e-09,
00:04:46,    286061,  1030.0941,  9.03977e-09,  2.25750e-09,  9.07778e-09,  1.09548e-08,  5.37500e-10,  1.93500e-09,  7.75536e-09,  1.49047e-09,
00:04:46,    286566,  1032.2097,  9.03977e-09,  2.68750e-09,  9.07778e-09,  1.12619e-08,  7.52500e-10,  1.93500e-09,  7.90893e-09,  1.86308e-09,
00:04:47,    287071,  1034.3254,  8.79545e-09,  2.36500e-09,  9.79444e-09,  1.07500e-08,  8.60000e-10,  1.93500e-09,  7.83214e-09,  1.86308e-09,
00:04:47,    287576,  1036.1765,  8.30682e-09,  2.47250e-09,  8.95833e-09,  1.08524e-08,  7.52500e-10,  1.82750e-09,  7.67857e-09,  1.30416e-09,
00:04:48,    288081,  1038.1599,  9.03977e-09,  2.47250e-09,  9.19722e-09,  1.09548e-08,  8.60000e-10,  1.72000e-09,  7.90893e-09,  1.30416e-09,
00:04:48,    288586,  1040.0111,  8.79545e-09,  2.47250e-09,  9.07778e-09,  1.05452e-08,  8.60000e-10,  1.93500e-09,  7.83214e-09,  1.30416e-09,
00:04:49,    289091,  1042.2589,  8.55114e-09,  2.47250e-09,  9.07778e-09,  1.08524e-08,  9.67500e-10,  1.93500e-09,  7.75536e-09,  2.04939e-09,
00:04:49,    289596,  1044.3745,  9.28409e-09,  2.68750e-09,  8.60000e-09,  1.07500e-08,  8.60000e-10,  1.61250e-09,  7.83214e-09,  1.67678e-09,
00:04:50,    290101,  1046.2257,  9.03977e-09,  2.58000e-09,  9.31667e-09,  1.08524e-08,  9.67500e-10,  1.61250e-09,  8.06250e-09,  1.49047e-09,
00:04:50,    290606,  1048.2091,  8.30682e-09,  2.36500e-09,  9.43611e-09,  1.11595e-08,  8.60000e-10,  2.04250e-09,  7.52500e-09,  1.86308e-09,
00:04:51,    291111,  1050.3247,  9.28409e-09,  2.47250e-09,  8.60000e-09,  1.09548e-08,  8.60000e-10,  1.93500e-09,  8.13929e-09,  1.67678e-09,
00:04:51,    291616,  1052.4403,  9.28409e-09,  2.58000e-09,  9.19722e-09,  1.06476e-08,  8.60000e-10,  1.72000e-09,  7.67857e-09,  1.30416e-09,
00:04:52,    292121,  1054.2915,  9.03977e-09,  2.47250e-09,  9.07778e-09,  1.12619e-08,  6.45000e-10,  1.82750e-09,  8.21607e-09,  1.67678e-09,
00:04:52,    292626,  1056.1427,  9.52841e-09,  2.15000e-09,  9.07778e-09,  1.04429e-08,  8.60000e-10,  1.72000e-09,  7.90893e-09,  1.30416e-09,
00:04:53,    293131,  1058.1260,  1.02614e-08,  2.36500e-09,  8.83889e-09,  1.05452e-08,  9.67500e-10,  2.04250e-09,  7.52500e-09,  1.67678e-09,
00:04:53,    293636,  1060.3739,  1.00170e-08,  2.58000e-09,  9.19722e-09,  1.07500e-08,  9.67500e-10,  2.15000e-09,  7.75536e-09,  1.30416e-09,
00:04:54,    294141,  1062.2250,  9.28409e-09,  2.58000e-09,  9.19722e-09,  1.12619e-08,  9.67500e-10,  1.82750e-09,  7.83214e-09,  1.30416e-09,
00:04:54,    294646,  1064.3406,  9.77273e-09,  2.47250e-09,  9.31667e-09,  1.07500e-08,  8.60000e-10,  2.15000e-09,  7.83214e-09,  1.11785e-09,
00:04:55,    295151,  1066.4562,  9.03977e-09,  2.68750e-09,  9.31667e-09,  1.00333e-08,  7.52500e-10,  2.04250e-09,  7.52500e-09,  1.11785e-09,
00:04:55,    295656,  1068.5718,  9.52841e-09,  2.47250e-09,  9.43611e-09,  1.06476e-08,  8.60000e-10,  1.93500e-09,  7.67857e-09,  1.30416e-09,
00:04:56,    296161,  1070.8198,  9.77273e-09,  2.58000e-09,  9.31667e-09,  1.05452e-08,  8.60000e-10,  2.04250e-09,  7.83214e-09,  1.30416e-09,
00:04:56,    296666,  1072.5386,  9.03977e-09,  2.47250e-09,  9.31667e-09,  1.08524e-08,  1.07500e-09,  2.04250e-09,  7.75536e-09,  1.30416e-09,
00:04:57,    297171,  1074.6544,  1.00170e-08,  2.58000e-09,  9.67500e-09,  1.11595e-08,  9.67500e-10,  2.15000e-09,  8.21607e-09,  1.30416e-09,
00:04:57,    297676,  1076.7700,  9.52841e-09,  2.68750e-09,  9.91389e-09,  1.00333e-08,  1.07500e-09,  2.15000e-09,  7.98571e-09,  1.11785e-09,
00:04:58,    298181,  1078.3566,  1.00170e-08,  2.47250e-09,  9.31667e-09,  1.08524e-08,  1.07500e-09,  2.25750e-09,  8.21607e-09,  1.30416e-09,
00:04:58,    298686,  1080.8690,  9.77273e-09,  3.01000e-09,  9.31667e-09,  1.14667e-08,  9.67500e-10,  2.47250e-09,  8.13929e-09,  1.30416e-09,
00:04:59,    299191,  1082.8524,  9.28409e-09,  2.79500e-09,  9.55556e-09,  1.07500e-08,  8.60000e-10,  2.15000e-09,  8.06250e-09,  1.49047e-09,
00:04:59,    299696,  1084.9680,  1.05057e-08,  2.79500e-09,  9.55556e-09,  1.04429e-08,  8.60000e-10,  2.15000e-09,  7.67857e-09,  1.11785e-09,
00:05:00,    300201,  1086.9514,  9.28409e-09,  2.68750e-09,  9.31667e-09,  1.07500e-08,  7.52500e-10,  2.25750e-09,  7.83214e-09,  1.49047e-09,
00:05:00,    300706,  1089.0670,  9.77273e-09,  2.79500e-09,  9.19722e-09,  1.08524e-08,  9.67500e-10,  2.15000e-09,  7.83214e-09,  1.30416e-09,
00:05:01,    301211,  1091.0504,  9.28409e-09,  2.79500e-09,  9.19722e-09,  1.08524e-08,  7.52500e-10,  2.25750e-09,  8.06250e-09,  1.30416e-09,
