0000000544,scans,0000000146,DataLength
"header",0000000028,"lines"
"Date",5/13/2016,"Time",10:03:49 AM
"ID","HAL RC RGA 301 #14852","Version",3
"Scans",9
"Scan ID","Mode","Input","Scanned","Start","Stop","Increment","Dwell","Settle","RS","RelSEM"
"Scan 1","RGA","Temperature","none",0.40,0.40,0.01,10.000,10.000,1.000000,1.000000,
"Scan 2","RGA","SEM","mass",2.00,2.00,0.01,11.000,10.000,0.440000,1.000000,
"Scan 3","RGA","SEM","mass",14.00,14.00,0.01,11.000,10.000,1.000000,1.000000,
"Scan 4","RGA","SEM","mass",18.00,18.00,0.01,11.000,10.000,0.900000,1.000000,
"Scan 5","RGA","SEM","mass",28.00,28.00,0.01,11.000,10.000,1.050000,1.000000,
"Scan 6","RGA","SEM","mass",29.00,29.00,0.01,11.000,10.000,1.000000,1.000000,
"Scan 7","RGA","SEM","mass",43.00,43.00,0.01,11.000,10.000,1.000000,1.000000,
"Scan 8","RGA","SEM","mass",44.00,44.00,0.01,11.000,10.000,1.400000,1.000000,
"Scan 9","RGA","SEM","mass",60.00,60.00,0.01,11.000,10.000,0.577000,1.000000,
"Environment",
"Global","RGA"
"F1",1,"( 1 = on, 0 = off )"
"F2",0,"( 1 = on, 0 = off )"
"cage",3.3,"V"
"delta-m",0,"%"
"electron-energy",70.0,"V"
"emission",1000.000,"uA"
"focus",-90,"V"
"mass",5.50,"amu"
"mode-change-delay",1000,"ms"
"multiplier",1100,"V"
"resolution",0,"%"
"Data",9
"Time","ms","Temperature","Hydrogen","Ketene","Water","Carbon monoxide","Acetaldehyde","Acetic acid","Carbon dioxide","Acetic acid",
00:00:01,      1241,   139.9476, -2.22330e-10, -9.78250e-11,  0.00000e+00, -9.31667e-11, -9.78250e-11,  0.00000e+00,  0.00000e+00,  0.00000e+00,
00:00:01,      1804,   140.4765,  0.00000e+00,  9.78250e-11,  0.00000e+00,  9.31667e-11,  0.00000e+00,  0.00000e+00,  6.98750e-11,  0.00000e+00,
00:00:02,      2366,   140.2121,  4.44659e-10,  9.77175e-10,  6.62439e-09,  1.37753e-08,  1.75870e-09,  1.56412e-09,  1.42542e-07,  3.39081e-10,
00:00:02,      2929,   139.9476,  1.31052e-08,  2.65815e-08,  1.70482e-08,  4.00217e-08,  2.24782e-09,  8.79350e-10,  7.81814e-08,  3.39081e-10,
00:00:03,      3492,   140.2121,  1.22159e-08,  1.75913e-08,  1.14009e-08,  3.12732e-08,  1.75977e-09,  8.79350e-10,  5.41685e-08,  3.39081e-10,
00:00:04,      4055,   139.9476,  1.24382e-08,  1.39750e-08,  9.44687e-09,  2.51304e-08,  1.56412e-09,  5.86950e-10,  4.09759e-08,  3.39081e-10,
00:00:04,      4618,   140.0798,  1.13290e-08,  1.08478e-08,  7.60144e-09,  2.22443e-08,  1.07500e-09,  5.86950e-10,  3.33672e-08,  1.69541e-10,
00:00:05,      5181,   140.2121,  9.77273e-09,  8.79565e-09,  6.29830e-09,  1.94524e-08,  9.77175e-10,  4.89125e-10,  2.75729e-08,  3.39081e-10,
00:00:05,      5744,   140.2121,  1.06620e-08,  8.20977e-09,  5.75483e-09,  1.78706e-08,  7.81525e-10,  3.91300e-10,  2.34549e-08,  1.69541e-10,
00:00:06,      6307,   140.2121,  1.04397e-08,  7.32935e-09,  4.99517e-09,  1.63810e-08,  6.84775e-10,  6.84775e-10,  2.03136e-08,  1.69541e-10,
00:00:06,      6870,   140.2121,  9.55039e-09,  5.86412e-09,  4.77778e-09,  1.50776e-08,  7.81525e-10,  4.89125e-10,  1.81491e-08,  0.00000e+00,
00:00:07,      7433,   140.2121,  9.32807e-09,  5.37500e-09,  4.45169e-09,  1.42401e-08,  6.84775e-10,  3.91300e-10,  1.61949e-08,  1.69541e-10,
00:00:07,      7996,   140.2121,  9.55039e-09,  5.37500e-09,  3.90941e-09,  1.37753e-08,  6.83700e-10,  2.93475e-10,  1.47989e-08,  1.69541e-10,
00:00:08,      8559,   140.2121,  9.77273e-09,  5.08260e-09,  4.23550e-09,  1.30300e-08,  5.86950e-10,  2.93475e-10,  1.38214e-08,  1.69541e-10,
00:00:09,      9122,   140.4765,  9.32807e-09,  4.20217e-09,  3.90941e-09,  1.27515e-08,  5.86950e-10,  2.93475e-10,  1.29138e-08,  0.00000e+00,
00:00:09,      9685,   140.0798,  9.77273e-09,  3.71412e-09,  3.58333e-09,  1.19140e-08,  6.83700e-10,  2.93475e-10,  1.15877e-08,  1.69541e-10,
00:00:10,     10248,   139.9476,  9.55039e-09,  3.90870e-09,  3.58333e-09,  1.14482e-08,  6.84775e-10,  3.91300e-10,  1.08199e-08,  3.39081e-10,
00:00:10,     10811,   140.2121,  9.32807e-09,  3.22500e-09,  3.14974e-09,  1.09824e-08,  4.89125e-10,  2.93475e-10,  1.04712e-08,  1.69541e-10,
00:00:11,     11374,   140.2121,  9.10573e-09,  3.32282e-09,  3.47463e-09,  1.07039e-08,  3.91300e-10,  3.91300e-10,  9.35400e-09,  3.39081e-10,
00:00:11,     11937,   140.0798,  9.55039e-09,  2.83370e-09,  3.14856e-09,  1.06108e-08,  4.89125e-10,  3.91300e-10,  9.00464e-09,  0.00000e+00,
00:00:12,     12500,   140.2121,  9.10573e-09,  2.83370e-09,  2.82367e-09,  9.95857e-09,  5.86950e-10,  1.95650e-10,  8.86564e-09,  1.69541e-10,
00:00:13,     13063,   140.2121,  8.88584e-09,  2.73695e-09,  3.36594e-09,  9.86638e-09,  4.89125e-10,  2.93475e-10,  8.44643e-09,  1.69541e-10,
00:00:13,     13626,   140.0798,  8.88341e-09,  2.44347e-09,  3.36594e-09,  9.86543e-09,  4.89125e-10,  3.91300e-10,  7.81829e-09,  1.69541e-10,
00:00:14,     14189,   140.2121,  8.44118e-09,  2.63912e-09,  3.04106e-09,  9.77324e-09,  3.91300e-10,  1.95650e-10,  7.19021e-09,  1.69541e-10,
00:00:14,     14752,   140.2121,  9.10818e-09,  2.44347e-09,  3.25724e-09,  9.49379e-09,  3.91300e-10,  2.93475e-10,  6.91071e-09,  0.00000e+00,
00:00:15,     15315,   140.3443,  8.44118e-09,  2.24782e-09,  2.71497e-09,  9.49379e-09,  4.89125e-10,  2.93475e-10,  6.42236e-09,  1.69541e-10,
00:00:15,     15878,   140.0798,  8.66352e-09,  2.34565e-09,  3.04106e-09,  9.40062e-09,  3.91300e-10,  3.91300e-10,  6.70109e-09,  1.69541e-10,
00:00:16,     16441,   140.2121,  8.66352e-09,  2.05217e-09,  3.04106e-09,  8.84162e-09,  3.91300e-10,  1.95650e-10,  6.07299e-09,  1.69541e-10,
00:00:17,     17004,   139.9476,  8.44118e-09,  2.15000e-09,  2.93236e-09,  8.84162e-09,  1.95650e-10,  2.93475e-10,  6.21274e-09,  3.39081e-10,
00:00:17,     17567,   140.4765,  8.66352e-09,  1.95435e-09,  2.93236e-09,  8.74948e-09,  4.89125e-10,  2.93475e-10,  5.93323e-09,  1.69541e-10,
00:00:18,     18130,   140.2121,  8.44118e-09,  1.85652e-09,  2.82367e-09,  8.56314e-09,  2.93475e-10,  2.93475e-10,  5.79425e-09,  3.39081e-10,
00:00:18,     18693,   140.0798,  8.88341e-09,  1.95435e-09,  2.82367e-09,  8.28365e-09,  3.91300e-10,  2.93475e-10,  5.51475e-09,  1.69541e-10,
00:00:19,     19256,   140.2121,  8.44118e-09,  1.75977e-09,  2.71497e-09,  8.28365e-09,  3.91300e-10,  2.93475e-10,  5.51475e-09,  1.69541e-10,
00:00:19,     19819,   140.0798,  8.88584e-09,  1.85652e-09,  2.71497e-09,  8.28365e-09,  2.93475e-10,  2.93475e-10,  5.30512e-09,  1.69541e-10,
00:00:20,     20382,   140.2121,  8.21886e-09,  1.85652e-09,  2.82367e-09,  8.19048e-09,  2.93475e-10,  2.93475e-10,  5.09550e-09,  1.69541e-10,
00:00:20,     20945,   140.3443,  7.99652e-09,  1.75977e-09,  3.04106e-09,  8.09731e-09,  3.91300e-10,  2.93475e-10,  5.37500e-09,  1.69541e-10,
00:00:21,     21508,   140.0798,  9.32807e-09,  1.56412e-09,  2.60628e-09,  8.37681e-09,  3.91300e-10,  3.91300e-10,  5.02639e-09,  1.69541e-10,
00:00:22,     22071,   140.0798,  8.21886e-09,  1.36847e-09,  2.60628e-09,  8.00414e-09,  3.91300e-10,  1.95650e-10,  4.95651e-09,  1.69541e-10,
00:00:22,     22634,   140.0798,  9.10818e-09,  1.46630e-09,  2.60628e-09,  8.00414e-09,  2.93475e-10,  2.93475e-10,  4.74689e-09,  1.69541e-10,
00:00:23,     23197,   140.0798,  8.88341e-09,  1.56412e-09,  2.71497e-09,  9.30746e-09,  3.91300e-10,  1.95650e-10,  4.67701e-09,  1.69541e-10,
00:00:23,     23760,   140.3443,  8.88341e-09,  1.46630e-09,  2.60628e-09,  9.21429e-09,  1.95650e-10,  2.93475e-10,  4.60714e-09,  1.69541e-10,
00:00:24,     24323,   140.2121,  8.44118e-09,  1.66195e-09,  2.60628e-09,  9.12112e-09,  1.95650e-10,  9.78250e-11,  4.67701e-09,  3.39081e-10,
00:00:24,     24886,   140.3443,  8.66352e-09,  1.75977e-09,  2.38889e-09,  9.02795e-09,  3.91300e-10,  9.78250e-11,  4.32841e-09,  1.69541e-10,
00:00:25,     25449,   140.0798,  9.32807e-09,  1.46630e-09,  2.49758e-09,  8.00414e-09,  2.93475e-10,  2.93475e-10,  4.46739e-09,  1.69541e-10,
00:00:26,     26012,   140.0798,  8.88584e-09,  1.46630e-09,  2.38889e-09,  8.00414e-09,  3.91300e-10,  2.93475e-10,  4.25854e-09,  1.69541e-10,
00:00:26,     26575,   140.2121,  8.44118e-09,  1.46630e-09,  2.38889e-09,  7.44617e-09,  2.93475e-10,  1.95650e-10,  3.97904e-09,  1.69541e-10,
00:00:27,     27138,   140.4765,  8.44118e-09,  1.46630e-09,  2.38889e-09,  7.53933e-09,  3.91300e-10,  2.93475e-10,  4.11879e-09,  3.39081e-10,
00:00:27,     27701,   140.3443,  8.44118e-09,  1.56412e-09,  2.60628e-09,  7.63250e-09,  1.95650e-10,  1.95650e-10,  4.32841e-09,  0.00000e+00,
00:00:28,     28264,   140.0798,  8.88584e-09,  1.27065e-09,  2.28019e-09,  7.53933e-09,  2.93475e-10,  1.95650e-10,  4.11879e-09,  0.00000e+00,
00:00:28,     28827,   140.2121,  8.21886e-09,  1.27065e-09,  2.49758e-09,  7.72567e-09,  2.93475e-10,  9.78250e-11,  3.90916e-09,  1.69541e-10,
00:00:29,     29390,   140.0798,  8.66352e-09,  1.27065e-09,  2.38889e-09,  7.25983e-09,  2.93475e-10,  1.95650e-10,  3.83929e-09,  3.39081e-10,
00:00:29,     29953,   140.2121,  8.21886e-09,  1.36847e-09,  2.38889e-09,  7.25983e-09,  2.93475e-10,  1.95650e-10,  3.90916e-09,  1.69541e-10,
00:00:30,     30516,   139.9476,  8.21886e-09,  1.27065e-09,  2.28019e-09,  7.16667e-09,  3.91300e-10,  1.95650e-10,  4.04891e-09,  1.69541e-10,
00:00:31,     31079,   140.2121,  8.66352e-09,  1.17282e-09,  1.84661e-09,  6.98033e-09,  1.95650e-10,  2.93475e-10,  3.83929e-09,  0.00000e+00,
00:00:31,     31642,   140.0798,  8.88341e-09,  1.27065e-09,  2.17150e-09,  7.07350e-09,  3.91300e-10,  2.93475e-10,  3.83929e-09,  0.00000e+00,
00:00:32,     32205,   139.9476,  8.88584e-09,  1.27065e-09,  2.38889e-09,  6.98033e-09,  1.95650e-10,  2.93475e-10,  4.04891e-09,  1.69541e-10,
00:00:32,     32768,   140.2121,  8.88341e-09,  1.07500e-09,  2.38889e-09,  6.70186e-09,  9.78250e-11,  9.78250e-11,  3.62966e-09,  1.69541e-10,
00:00:33,     33331,   140.2121,  8.88584e-09,  1.07500e-09,  2.28019e-09,  6.79400e-09,  9.78250e-11,  1.95650e-10,  3.90916e-09,  1.69541e-10,
00:00:33,     33894,   140.3443,  8.66352e-09,  1.17282e-09,  2.38889e-09,  6.60869e-09,  2.93475e-10,  1.95650e-10,  3.76941e-09,  1.69541e-10,
00:00:34,     34457,   140.0798,  8.44118e-09,  1.17282e-09,  2.17150e-09,  6.98033e-09,  1.95650e-10,  1.95650e-10,  3.62966e-09,  1.69541e-10,
00:00:35,     35020,   140.2121,  9.10573e-09,  1.17282e-09,  2.49758e-09,  6.98033e-09,  1.95650e-10,  1.95650e-10,  3.28105e-09,  1.69541e-10,
00:00:35,     35583,   140.2121,  8.66352e-09,  1.17282e-09,  2.17150e-09,  6.88716e-09,  2.93475e-10,  2.93475e-10,  3.49068e-09,  1.69541e-10,
00:00:36,     36146,   140.2121,  8.66352e-09,  1.17282e-09,  2.28019e-09,  6.70186e-09,  1.95650e-10,  1.95650e-10,  3.21118e-09,  1.69541e-10,
00:00:36,     36709,   140.3443,  8.44118e-09,  9.77175e-10,  2.17150e-09,  6.60869e-09,  1.95650e-10,  2.93475e-10,  3.35093e-09,  1.69541e-10,
00:00:37,     37272,   140.3443,  8.66352e-09,  8.79350e-10,  2.17150e-09,  6.42235e-09,  2.93475e-10,  9.78250e-11,  3.28105e-09,  1.69541e-10,
00:00:37,     37835,   140.2121,  8.21886e-09,  9.77175e-10,  2.28019e-09,  6.79502e-09,  1.95650e-10,  2.93475e-10,  3.62966e-09,  1.69541e-10,
00:00:38,     38398,   140.2121,  8.21886e-09,  1.07500e-09,  2.28019e-09,  6.60869e-09,  2.93475e-10,  1.95650e-10,  3.28105e-09,  3.39081e-10,
00:00:38,     38961,   140.3443,  7.99652e-09,  8.79350e-10,  2.28019e-09,  6.70186e-09,  1.95650e-10,  2.93475e-10,  3.35093e-09,  1.69541e-10,
00:00:39,     39524,   140.2121,  8.44118e-09,  8.79350e-10,  2.49758e-09,  6.60869e-09,  1.95650e-10,  2.93475e-10,  3.35093e-09,  3.39081e-10,
00:00:40,     40087,   140.2121,  8.44118e-09,  1.17282e-09,  2.28019e-09,  6.70186e-09,  1.95650e-10,  9.78250e-11,  3.21118e-09,  0.00000e+00,
00:00:40,     40650,   140.3443,  9.10573e-09,  8.79350e-10,  2.17150e-09,  6.70186e-09,  1.95650e-10,  2.93475e-10,  3.00155e-09,  3.39081e-10,
00:00:41,     41213,   140.3443,  8.88584e-09,  9.77175e-10,  2.17150e-09,  6.23602e-09,  2.93475e-10,  3.91300e-10,  3.28105e-09,  3.39081e-10,
00:00:41,     41776,   140.0798,  8.66352e-09,  1.17282e-09,  2.38889e-09,  6.32919e-09,  1.95650e-10,  2.93475e-10,  3.07143e-09,  1.69541e-10,
00:00:42,     42339,   140.2121,  8.44118e-09,  9.77175e-10,  2.06280e-09,  6.14286e-09,  9.78250e-11,  2.93475e-10,  3.00155e-09,  0.00000e+00,
00:00:42,     42902,   140.3443,  8.21886e-09,  9.77175e-10,  2.28019e-09,  6.79502e-09,  9.78250e-11,  3.91300e-10,  3.00155e-09,  3.39081e-10,
00:00:43,     43465,   140.2121,  7.99652e-09,  8.79350e-10,  2.17150e-09,  6.70186e-09,  1.95650e-10,  1.95650e-10,  3.42080e-09,  1.69541e-10,
00:00:44,     44028,   140.3443,  8.88341e-09,  9.77175e-10,  2.17150e-09,  6.60869e-09,  2.93475e-10,  1.95650e-10,  3.42080e-09,  0.00000e+00,
00:00:44,     44591,   140.7410,  8.21886e-09,  9.77175e-10,  2.38889e-09,  7.07350e-09,  1.95650e-10,  1.95650e-10,  3.35093e-09,  1.69541e-10,
00:00:45,     45154,   141.2699,  8.88584e-09,  1.07500e-09,  3.36594e-09,  7.63250e-09,  2.93475e-10,  9.78250e-11,  3.35093e-09,  3.39081e-10,
00:00:45,     45717,   142.3277,  7.77420e-09,  9.77175e-10,  3.80072e-09,  7.07350e-09,  2.93475e-10,  5.86950e-10,  3.49068e-09,  3.39081e-10,
00:00:46,     46280,   144.0466,  8.66352e-09,  1.07500e-09,  3.47463e-09,  7.44617e-09,  2.93475e-10,  3.91300e-10,  3.49068e-09,  3.39081e-10,
00:00:46,     46843,   146.2944,  8.66352e-09,  1.07500e-09,  3.36594e-09,  7.53933e-09,  2.93475e-10,  4.89125e-10,  3.83929e-09,  1.69541e-10,
00:00:47,     47406,   149.0712,  8.66352e-09,  1.07500e-09,  3.47463e-09,  6.98033e-09,  2.93475e-10,  3.91300e-10,  3.49068e-09,  1.69541e-10,
00:00:47,     47969,   152.7735,  8.21886e-09,  8.79350e-10,  6.08091e-09,  6.79502e-09,  3.91300e-10,  3.91300e-10,  3.62966e-09,  1.69541e-10,
00:00:48,     48532,   157.0048,  7.99652e-09,  8.79350e-10,  1.16183e-08,  7.16667e-09,  1.95650e-10,  2.93475e-10,  3.42080e-09,  1.69541e-10,
00:00:49,     49095,   162.0294,  8.44118e-09,  8.79350e-10,  1.86763e-08,  6.51552e-09,  2.93475e-10,  3.91300e-10,  3.28105e-09,  1.69541e-10,
00:00:49,     49658,   166.6573,  8.66352e-09,  9.77175e-10,  1.92198e-08,  6.14286e-09,  2.93475e-10,  2.93475e-10,  3.28105e-09,  3.39081e-10,
00:00:50,     50221,   171.2852,  8.66352e-09,  9.77175e-10,  1.49854e-08,  6.23602e-09,  2.93475e-10,  3.91300e-10,  3.21118e-09,  1.69541e-10,
00:00:50,     50784,   175.1197,  8.21886e-09,  1.17282e-09,  9.44687e-09,  6.14286e-09,  2.93475e-10,  3.91300e-10,  2.79193e-09,  3.39081e-10,
00:00:51,     51347,   179.2188,  7.99652e-09,  8.79350e-10,  5.86352e-09,  6.14286e-09,  1.95650e-10,  2.93475e-10,  2.79269e-09,  5.08622e-10,
00:00:51,     51910,   182.2600,  8.44118e-09,  8.79350e-10,  4.45169e-09,  5.95652e-09,  9.78250e-11,  2.93475e-10,  2.86180e-09,  3.39081e-10,
00:00:52,     52473,   185.0367,  7.55186e-09,  8.79350e-10,  3.25724e-09,  6.04969e-09,  1.95650e-10,  4.89125e-10,  2.86180e-09,  1.69541e-10,
00:00:53,     53036,   187.2846,  7.99652e-09,  7.81525e-10,  3.25724e-09,  5.77121e-09,  2.93475e-10,  3.91300e-10,  2.86180e-09,  1.69541e-10,
00:00:53,     53599,   189.4002,  8.21886e-09,  9.77175e-10,  2.82367e-09,  6.04969e-09,  2.93475e-10,  3.91300e-10,  2.93168e-09,  1.69541e-10,
00:00:54,     54162,   191.1191,  8.88584e-09,  8.79350e-10,  3.04106e-09,  6.14286e-09,  2.93475e-10,  3.91300e-10,  3.21118e-09,  1.69541e-10,
00:00:54,     54725,   192.8381,  8.88584e-09,  8.79350e-10,  3.04106e-09,  5.95652e-09,  3.91300e-10,  2.93475e-10,  3.14130e-09,  3.39081e-10,
00:00:55,     55288,   194.4248,  8.21886e-09,  9.77175e-10,  2.93236e-09,  6.14286e-09,  1.95650e-10,  3.91300e-10,  2.93168e-09,  3.39081e-10,
00:00:55,     55851,   195.6148,  8.88584e-09,  9.77175e-10,  2.71497e-09,  6.04969e-09,  2.93475e-10,  5.86950e-10,  2.93168e-09,  5.08622e-10,
00:00:56,     56414,   197.2015,  9.32807e-09,  9.77175e-10,  3.04106e-09,  6.23602e-09,  3.91300e-10,  5.86950e-10,  2.93168e-09,  3.39081e-10,
00:00:56,     56977,   198.9205,  7.99652e-09,  8.79350e-10,  3.04106e-09,  6.14286e-09,  4.89125e-10,  5.86950e-10,  3.14130e-09,  5.08622e-10,
00:00:57,     57540,   200.2427,  8.44118e-09,  1.27065e-09,  2.93236e-09,  6.42235e-09,  3.91300e-10,  7.81525e-10,  3.14130e-09,  5.08622e-10,
00:00:58,     58103,   201.5650,  7.99652e-09,  1.17282e-09,  3.36594e-09,  6.23602e-09,  1.95650e-10,  1.36847e-09,  3.49068e-09,  1.01724e-09,
00:00:58,     58666,   203.8128,  8.21886e-09,  1.36847e-09,  3.14974e-09,  6.51552e-09,  4.89125e-10,  1.85652e-09,  3.49068e-09,  1.52400e-09,
00:00:59,     59229,   205.7962,  7.99652e-09,  1.75977e-09,  3.69202e-09,  6.88716e-09,  6.83700e-10,  3.22500e-09,  3.76941e-09,  2.20217e-09,
00:00:59,     59792,   208.1763,  8.66352e-09,  2.34565e-09,  3.36594e-09,  7.07350e-09,  1.27065e-09,  5.17935e-09,  4.53726e-09,  4.40433e-09,
00:01:00,     60355,   210.5564,  8.66352e-09,  3.22500e-09,  4.01811e-09,  7.72567e-09,  1.66195e-09,  7.72065e-09,  5.37500e-09,  6.43695e-09,
00:01:00,     60918,   212.9364,  8.88584e-09,  3.90870e-09,  4.23550e-09,  8.19048e-09,  1.85652e-09,  1.07500e-08,  6.70109e-09,  9.65451e-09,
00:01:01,     61481,   215.8454,  8.21886e-09,  4.98370e-09,  4.12680e-09,  8.46998e-09,  2.73695e-09,  1.39750e-08,  8.23679e-09,  1.08394e-08,
00:01:02,     62044,   218.4899,  7.77420e-09,  5.57065e-09,  4.66908e-09,  9.58695e-09,  2.93152e-09,  1.37793e-08,  9.56364e-09,  1.16871e-08,
00:01:02,     62607,   221.1345,  8.44118e-09,  6.15652e-09,  4.99517e-09,  9.49379e-09,  2.63912e-09,  1.33891e-08,  1.02616e-08,  1.08394e-08,
00:01:03,     63170,   223.9112,  7.77420e-09,  6.05870e-09,  4.34300e-09,  9.49379e-09,  2.34565e-09,  1.15315e-08,  1.01219e-08,  8.97634e-09,
00:01:03,     63733,   226.5557,  7.99652e-09,  5.17935e-09,  4.56039e-09,  9.68010e-09,  1.95435e-09,  8.89348e-09,  1.01219e-08,  6.77418e-09,
00:01:04,     64296,   228.9358,  8.21886e-09,  4.88695e-09,  4.12680e-09,  9.12112e-09,  1.46630e-09,  6.54782e-09,  9.35400e-09,  4.91295e-09,
00:01:04,     64859,   231.4481,  7.99652e-09,  4.30000e-09,  3.80072e-09,  8.74948e-09,  1.36847e-09,  4.69130e-09,  8.79579e-09,  3.55662e-09,
00:01:05,     65422,   234.0926,  7.99652e-09,  3.71412e-09,  3.58333e-09,  8.84265e-09,  8.79350e-10,  3.51847e-09,  8.30664e-09,  2.37170e-09,
00:01:05,     65985,   236.2082,  8.66352e-09,  3.61630e-09,  3.47463e-09,  8.56314e-09,  8.79350e-10,  2.34565e-09,  7.81829e-09,  1.69354e-09,
00:01:06,     66548,   238.3239,  7.99652e-09,  2.83370e-09,  3.47463e-09,  8.28365e-09,  5.86950e-10,  2.05217e-09,  6.84084e-09,  1.35446e-09,
00:01:07,     67111,   240.4395,  7.55186e-09,  2.73695e-09,  3.36594e-09,  7.91097e-09,  5.86950e-10,  1.75977e-09,  6.35249e-09,  1.35633e-09,
00:01:07,     67674,   242.4229,  8.21886e-09,  2.54130e-09,  3.04106e-09,  7.63250e-09,  5.86950e-10,  1.46630e-09,  6.42236e-09,  8.47704e-10,
00:01:08,     68237,   244.8029,  8.66352e-09,  2.34565e-09,  3.58333e-09,  7.53933e-09,  4.89125e-10,  1.36847e-09,  5.93323e-09,  1.01724e-09,
00:01:08,     68800,   246.9186,  8.44118e-09,  2.54130e-09,  3.04106e-09,  7.72567e-09,  5.86950e-10,  1.27065e-09,  5.79425e-09,  8.47704e-10,
00:01:09,     69363,   248.7697,  8.66352e-09,  2.15000e-09,  3.14856e-09,  7.44617e-09,  3.91300e-10,  1.07500e-09,  5.58463e-09,  1.01724e-09,
00:01:09,     69926,   250.8853,  8.44118e-09,  1.95435e-09,  3.14974e-09,  7.53933e-09,  4.89125e-10,  1.17282e-09,  5.16537e-09,  8.47704e-10,
00:01:10,     70489,   252.8687,  8.44118e-09,  2.05217e-09,  3.04106e-09,  7.07350e-09,  3.91300e-10,  1.36847e-09,  5.09550e-09,  8.47704e-10,
00:01:11,     71052,   255.3810,  8.44118e-09,  2.05217e-09,  3.14856e-09,  7.16667e-09,  5.86950e-10,  1.17282e-09,  5.02639e-09,  6.78163e-10,
00:01:11,     71615,   257.6289,  8.44118e-09,  1.75977e-09,  3.04106e-09,  6.98033e-09,  3.91300e-10,  1.17282e-09,  5.16537e-09,  6.78163e-10,
00:01:12,     72178,   259.7445,  8.88341e-09,  1.75870e-09,  2.93236e-09,  6.88716e-09,  3.91300e-10,  1.07500e-09,  4.74689e-09,  6.78163e-10,
00:01:12,     72741,   261.8601,  9.55039e-09,  1.75977e-09,  3.14974e-09,  7.16667e-09,  5.86950e-10,  9.77175e-10,  4.74689e-09,  6.78163e-10,
00:01:13,     73304,   264.2402,  8.66352e-09,  1.75977e-09,  3.25724e-09,  6.98033e-09,  4.89125e-10,  1.17282e-09,  4.60714e-09,  8.47704e-10,
00:01:13,     73867,   266.6203,  9.55039e-09,  1.66195e-09,  2.82367e-09,  6.88716e-09,  4.89125e-10,  9.77175e-10,  4.60714e-09,  5.08622e-10,
00:01:14,     74430,   268.7359,  9.77273e-09,  1.56412e-09,  2.93236e-09,  6.88716e-09,  3.91300e-10,  8.79350e-10,  4.53726e-09,  8.47704e-10,
00:01:14,     74993,   271.1160,  1.04397e-08,  1.56412e-09,  2.93236e-09,  6.79502e-09,  3.91300e-10,  1.07500e-09,  4.53726e-09,  5.08622e-10,
00:01:15,     75556,   273.6283,  1.15489e-08,  1.66195e-09,  3.04106e-09,  6.70186e-09,  3.91300e-10,  8.79350e-10,  4.39751e-09,  8.47704e-10,
00:01:16,     76119,   275.8761,  1.08844e-08,  1.56412e-09,  3.14856e-09,  6.51552e-09,  3.91300e-10,  8.79350e-10,  4.18866e-09,  6.78163e-10,
00:01:16,     76682,   278.2562,  1.04397e-08,  1.66195e-09,  2.60628e-09,  6.98033e-09,  3.91300e-10,  7.81525e-10,  4.11879e-09,  5.08622e-10,
00:01:17,     77245,   280.7685,  1.04397e-08,  1.46630e-09,  2.71497e-09,  6.98033e-09,  4.89125e-10,  9.77175e-10,  4.04891e-09,  5.08622e-10,
00:01:17,     77808,   282.7518,  1.06620e-08,  1.46630e-09,  2.82367e-09,  6.70186e-09,  4.89125e-10,  1.07500e-09,  3.97904e-09,  5.08622e-10,
00:01:18,     78371,   284.9997,  1.11067e-08,  1.56412e-09,  2.93236e-09,  6.79502e-09,  4.89125e-10,  7.81525e-10,  3.62966e-09,  5.08622e-10,
00:01:18,     78934,   287.1153,  1.04397e-08,  1.56412e-09,  2.60628e-09,  6.32919e-09,  5.86950e-10,  7.81525e-10,  3.83929e-09,  5.08622e-10,
00:01:19,     79497,   289.7598,  1.19936e-08,  1.46630e-09,  3.04106e-09,  6.51552e-09,  2.93475e-10,  7.81525e-10,  3.83929e-09,  6.78163e-10,
00:01:20,     80060,   292.0077,  1.28829e-08,  1.46630e-09,  2.82367e-09,  6.32919e-09,  2.93475e-10,  5.86950e-10,  3.97904e-09,  6.78163e-10,
00:01:20,     80623,   294.1233,  1.31052e-08,  1.36847e-09,  2.71497e-09,  6.70186e-09,  4.89125e-10,  6.84775e-10,  3.83929e-09,  3.39081e-10,
00:01:21,     81186,   296.2389,  1.31052e-08,  1.17282e-09,  2.82367e-09,  6.42235e-09,  3.91300e-10,  7.81525e-10,  3.97904e-09,  5.08622e-10,
00:01:21,     81749,   298.4868,  1.22159e-08,  1.27065e-09,  2.93236e-09,  6.42235e-09,  3.91300e-10,  5.86950e-10,  3.62966e-09,  3.39081e-10,
00:01:22,     82312,   300.8668,  1.31052e-08,  1.27065e-09,  2.71497e-09,  6.23602e-09,  2.93475e-10,  6.84775e-10,  3.97904e-09,  1.69541e-10,
00:01:22,     82875,   302.8502,  1.33275e-08,  1.27065e-09,  3.14974e-09,  6.23602e-09,  1.95650e-10,  6.84775e-10,  3.76941e-09,  3.39081e-10,
00:01:23,     83438,   305.2303,  1.26606e-08,  1.07500e-09,  2.71497e-09,  6.23602e-09,  4.89125e-10,  6.84775e-10,  3.76941e-09,  5.08622e-10,
00:01:24,     84001,   307.3459,  1.37722e-08,  1.17282e-09,  2.82367e-09,  6.70186e-09,  3.91300e-10,  5.86950e-10,  3.62966e-09,  3.39081e-10,
00:01:24,     84563,   309.7260,  1.35499e-08,  1.27065e-09,  2.60628e-09,  6.42235e-09,  2.93475e-10,  5.86950e-10,  3.62966e-09,  1.69541e-10,
00:01:25,     85126,   311.9738,  1.31052e-08,  1.17282e-09,  2.71497e-09,  6.42235e-09,  2.93475e-10,  7.81525e-10,  3.55979e-09,  1.69541e-10,
00:01:25,     85689,   314.0894,  1.42144e-08,  1.36847e-09,  2.49758e-09,  6.42235e-09,  3.91300e-10,  6.83700e-10,  3.35093e-09,  5.08622e-10,
00:01:26,     86252,   316.4695,  1.31052e-08,  1.27065e-09,  2.71497e-09,  6.14286e-09,  2.93475e-10,  6.83700e-10,  3.49068e-09,  3.39081e-10,
00:01:26,     86815,   318.8496,  1.31052e-08,  1.36847e-09,  2.71497e-09,  6.23602e-09,  2.93475e-10,  5.86950e-10,  3.42080e-09,  6.78163e-10,
00:01:27,     87378,   321.0974,  1.39921e-08,  1.17282e-09,  2.60628e-09,  5.95652e-09,  2.93475e-10,  4.89125e-10,  3.42080e-09,  5.08622e-10,
00:01:27,     87941,   323.2131,  1.33275e-08,  1.27065e-09,  2.60628e-09,  6.14286e-09,  2.93475e-10,  5.86950e-10,  3.76941e-09,  3.39081e-10,
00:01:28,     88504,   325.3287,  1.37722e-08,  1.27065e-09,  2.93236e-09,  6.23602e-09,  2.93475e-10,  6.84775e-10,  3.49068e-09,  1.69541e-10,
00:01:29,     89067,   327.8410,  1.35499e-08,  1.07500e-09,  2.60628e-09,  6.51552e-09,  1.95650e-10,  4.89125e-10,  3.49068e-09,  5.08622e-10,
00:01:29,     89630,   330.2210,  1.39921e-08,  1.17282e-09,  2.60628e-09,  6.51552e-09,  1.95650e-10,  5.86950e-10,  3.62966e-09,  5.08622e-10,
00:01:30,     90193,   332.4689,  1.28829e-08,  1.07500e-09,  2.60628e-09,  6.42235e-09,  1.95650e-10,  5.86950e-10,  3.28105e-09,  5.08622e-10,
00:01:30,     90756,   334.5845,  1.42144e-08,  1.17282e-09,  2.71497e-09,  6.14286e-09,  3.91300e-10,  4.89125e-10,  3.55979e-09,  1.69541e-10,
00:01:31,     91319,   336.8324,  1.39921e-08,  9.77175e-10,  2.28019e-09,  6.14286e-09,  3.91300e-10,  3.91300e-10,  3.42080e-09,  3.39081e-10,
00:01:31,     91882,   339.0802,  1.24382e-08,  1.27065e-09,  2.60628e-09,  6.51552e-09,  3.91300e-10,  5.86950e-10,  3.42080e-09,  5.08622e-10,
00:01:32,     92445,   341.3281,  1.28829e-08,  9.77175e-10,  2.49758e-09,  5.86335e-09,  2.93475e-10,  4.89125e-10,  3.28105e-09,  5.08622e-10,
00:01:33,     93008,   343.7081,  1.24382e-08,  1.17282e-09,  2.49758e-09,  6.51552e-09,  2.93475e-10,  5.86950e-10,  3.35093e-09,  1.69541e-10,
00:01:33,     93571,   346.0882,  1.17713e-08,  1.07500e-09,  2.28019e-09,  5.86335e-09,  1.95650e-10,  4.89125e-10,  3.49068e-09,  3.39081e-10,
00:01:34,     94134,   348.3360,  1.26606e-08,  9.77175e-10,  2.49758e-09,  6.32919e-09,  3.91300e-10,  4.89125e-10,  3.35093e-09,  3.39081e-10,
00:01:34,     94697,   350.5839,  1.19936e-08,  1.07500e-09,  2.38889e-09,  6.14286e-09,  1.95650e-10,  4.89125e-10,  3.56055e-09,  3.39081e-10,
00:01:35,     95260,   352.9639,  1.19936e-08,  9.77175e-10,  2.28019e-09,  6.14286e-09,  1.95650e-10,  5.86950e-10,  3.56055e-09,  5.08622e-10,
00:01:35,     95823,   354.9473,  1.19936e-08,  1.36847e-09,  2.60628e-09,  6.23602e-09,  1.95650e-10,  5.86950e-10,  3.49068e-09,  3.39081e-10,
00:01:36,     96386,   357.4596,  1.19936e-08,  1.07500e-09,  2.60628e-09,  6.32919e-09,  3.91300e-10,  3.91300e-10,  3.62966e-09,  3.39081e-10,
00:01:36,     96949,   359.4430,  1.13266e-08,  1.17282e-09,  2.49758e-09,  6.14286e-09,  2.93475e-10,  5.86950e-10,  3.55979e-09,  5.08622e-10,
00:01:37,     97512,   361.9553,  1.24382e-08,  8.79350e-10,  2.60628e-09,  6.14286e-09,  2.93475e-10,  5.86950e-10,  3.62966e-09,  5.08622e-10,
00:01:38,     98075,   363.9387,  1.26606e-08,  9.77175e-10,  2.28019e-09,  6.32919e-09,  3.91300e-10,  4.89125e-10,  3.49068e-09,  3.39081e-10,
00:01:38,     98638,   366.3188,  1.19936e-08,  8.79350e-10,  2.60628e-09,  6.42235e-09,  9.78250e-11,  4.89125e-10,  3.97904e-09,  1.69541e-10,
00:01:39,     99201,   368.6988,  1.15489e-08,  9.77175e-10,  2.60628e-09,  6.51552e-09,  1.95650e-10,  3.91300e-10,  4.11879e-09,  1.69541e-10,
00:01:39,     99764,   370.6822,  1.15489e-08,  1.17282e-09,  2.28019e-09,  5.77121e-09,  2.93475e-10,  4.89125e-10,  3.97904e-09,  1.69541e-10,
00:01:40,    100327,   372.9301,  1.22159e-08,  9.77175e-10,  2.49758e-09,  6.42235e-09,  2.93475e-10,  3.91300e-10,  3.90916e-09,  3.39081e-10,
00:01:40,    100890,   375.1779,  1.06620e-08,  9.77175e-10,  2.38889e-09,  6.51552e-09,  3.91300e-10,  4.89125e-10,  4.11879e-09,  1.69541e-10,
00:01:41,    101453,   377.5580,  1.08844e-08,  8.79350e-10,  2.38889e-09,  6.51552e-09,  2.93475e-10,  4.89125e-10,  3.83929e-09,  5.08622e-10,
00:01:42,    102016,   379.9381,  1.19936e-08,  7.81525e-10,  2.49758e-09,  6.04969e-09,  1.95650e-10,  5.86950e-10,  3.97904e-09,  1.69541e-10,
00:01:42,    102579,   382.1859,  1.08844e-08,  8.79350e-10,  2.60628e-09,  6.14286e-09,  3.91300e-10,  3.91300e-10,  3.69954e-09,  5.08622e-10,
00:01:43,    103142,   384.4338,  1.04397e-08,  1.07500e-09,  2.28019e-09,  6.23602e-09,  2.93475e-10,  4.89125e-10,  3.76941e-09,  3.39081e-10,
00:01:43,    103705,   386.8138,  1.06620e-08,  8.79350e-10,  2.60628e-09,  6.23602e-09,  2.93475e-10,  6.84775e-10,  3.62966e-09,  0.00000e+00,
00:01:44,    104268,   388.9295,  1.06620e-08,  8.79350e-10,  2.38889e-09,  6.14286e-09,  9.78250e-11,  3.91300e-10,  3.55979e-09,  1.69541e-10,
00:01:44,    104831,   391.0451,  1.04397e-08,  9.77175e-10,  2.38889e-09,  6.42235e-09,  2.93475e-10,  3.91300e-10,  3.42080e-09,  3.39081e-10,
00:01:45,    105394,   393.4252,  9.77273e-09,  8.79350e-10,  2.60628e-09,  6.70186e-09,  3.91300e-10,  3.91300e-10,  3.62966e-09,  3.39081e-10,
00:01:45,    105957,   395.6730,  1.06620e-08,  1.07500e-09,  2.49758e-09,  6.42235e-09,  2.93475e-10,  3.91300e-10,  3.28105e-09,  1.69541e-10,
00:01:46,    106520,   398.0531,  1.11067e-08,  8.79350e-10,  2.38889e-09,  6.14286e-09,  2.93475e-10,  3.91300e-10,  3.56055e-09,  0.00000e+00,
00:01:47,    107083,   400.0365,  1.06620e-08,  9.77175e-10,  2.17150e-09,  6.32919e-09,  2.93475e-10,  3.91300e-10,  3.35093e-09,  1.69541e-10,
00:01:47,    107646,   402.8132,  9.99505e-09,  8.79350e-10,  2.28019e-09,  6.32919e-09,  1.95650e-10,  5.86950e-10,  3.14130e-09,  5.08622e-10,
00:01:48,    108209,   405.1933,  1.08844e-08,  7.81525e-10,  2.60628e-09,  6.70186e-09,  2.93475e-10,  3.91300e-10,  3.28105e-09,  1.69541e-10,
00:01:48,    108772,   407.4411,  9.99505e-09,  9.77175e-10,  2.17150e-09,  6.32919e-09,  2.93475e-10,  4.89125e-10,  3.07143e-09,  3.39081e-10,
00:01:49,    109335,   409.8212,  8.88341e-09,  9.77175e-10,  2.38889e-09,  6.51552e-09,  3.91300e-10,  3.91300e-10,  3.28105e-09,  3.39081e-10,
00:01:49,    109898,   412.2013,  9.55039e-09,  8.79350e-10,  2.60628e-09,  6.70186e-09,  3.91300e-10,  3.91300e-10,  3.14130e-09,  3.39081e-10,
00:01:50,    110461,   414.4491,  9.99505e-09,  1.07500e-09,  2.38889e-09,  6.98033e-09,  1.95650e-10,  3.91300e-10,  3.07143e-09,  1.69541e-10,
00:01:51,    111024,   416.5647,  9.77273e-09,  9.77175e-10,  2.38889e-09,  7.07350e-09,  2.93475e-10,  2.93475e-10,  2.93168e-09,  3.39081e-10,
00:01:51,    111587,   418.8126,  1.04397e-08,  1.07500e-09,  2.38889e-09,  6.98033e-09,  2.93475e-10,  4.89125e-10,  3.21118e-09,  3.39081e-10,
00:01:52,    112150,   420.6638,  9.77273e-09,  8.79350e-10,  2.28019e-09,  7.25983e-09,  3.91300e-10,  2.93475e-10,  2.93168e-09,  1.69541e-10,
00:01:52,    112713,   422.6471,  9.55039e-09,  8.79350e-10,  2.38889e-09,  7.44617e-09,  2.93475e-10,  3.91300e-10,  3.00155e-09,  1.69541e-10,
00:01:53,    113276,   424.8950,  9.32807e-09,  8.79350e-10,  2.49758e-09,  7.72567e-09,  2.93475e-10,  2.93475e-10,  2.86180e-09,  3.39081e-10,
00:01:53,    113839,   427.0106,  9.55039e-09,  8.79350e-10,  2.49758e-09,  7.63250e-09,  1.95650e-10,  2.93475e-10,  2.93168e-09,  1.69541e-10,
00:01:54,    114402,   429.2584,  9.32807e-09,  8.79350e-10,  2.28019e-09,  7.63250e-09,  3.91300e-10,  5.86950e-10,  2.86180e-09,  1.69541e-10,
00:01:54,    114965,   431.7707,  9.32807e-09,  9.77175e-10,  2.38889e-09,  8.00414e-09,  1.95650e-10,  4.89125e-10,  2.93168e-09,  1.69541e-10,
00:01:55,    115528,   433.7541,  9.32807e-09,  8.79350e-10,  2.49758e-09,  7.72567e-09,  2.93475e-10,  3.91300e-10,  3.00155e-09,  3.39081e-10,
00:01:56,    116091,   436.1342,  9.32807e-09,  8.79350e-10,  2.17150e-09,  8.19048e-09,  2.93475e-10,  2.93475e-10,  3.00155e-09,  3.39081e-10,
00:01:56,    116654,   438.1176,  8.66352e-09,  9.77175e-10,  2.38889e-09,  8.56314e-09,  2.93475e-10,  3.91300e-10,  2.93168e-09,  5.08622e-10,
00:01:57,    117217,   440.7621,  9.32807e-09,  8.79350e-10,  2.38889e-09,  8.00414e-09,  2.93475e-10,  2.93475e-10,  2.79193e-09,  1.69541e-10,
00:01:57,    117780,   442.8777,  9.32807e-09,  1.07500e-09,  2.38889e-09,  8.46998e-09,  3.91300e-10,  3.91300e-10,  2.93168e-09,  3.39081e-10,
00:01:58,    118343,   445.3900,  9.55039e-09,  7.81525e-10,  2.49758e-09,  8.65631e-09,  3.91300e-10,  2.93475e-10,  2.93168e-09,  3.39081e-10,
00:01:58,    118906,   447.5056,  8.66352e-09,  8.79350e-10,  2.28019e-09,  8.46998e-09,  1.95650e-10,  4.89125e-10,  2.93168e-09,  3.39081e-10,
00:01:59,    119469,   449.7535,  9.77273e-09,  9.77175e-10,  2.49758e-09,  8.65631e-09,  1.95650e-10,  2.93475e-10,  2.86180e-09,  3.39081e-10,
00:02:00,    120032,   451.8691,  8.88584e-09,  8.79350e-10,  2.49758e-09,  8.84265e-09,  1.95650e-10,  3.91300e-10,  2.79193e-09,  1.69541e-10,
00:02:00,    120595,   453.9847,  9.55039e-09,  7.81525e-10,  2.49758e-09,  8.84162e-09,  2.93475e-10,  3.91300e-10,  2.86257e-09,  5.08622e-10,
00:02:01,    121158,   456.3648,  9.10573e-09,  9.77175e-10,  2.38889e-09,  8.84265e-09,  2.93475e-10,  3.91300e-10,  2.86180e-09,  3.39081e-10,
00:02:01,    121721,   458.4804,  8.44118e-09,  9.77175e-10,  2.49758e-09,  9.12112e-09,  1.95650e-10,  4.89125e-10,  2.93168e-09,  3.39081e-10,
00:02:02,    122284,   460.9927,  1.02174e-08,  1.07500e-09,  2.17150e-09,  9.21429e-09,  2.93475e-10,  2.93475e-10,  2.93168e-09,  0.00000e+00,
00:02:02,    122847,   463.3728,  8.88341e-09,  7.81525e-10,  2.38889e-09,  9.02795e-09,  2.93475e-10,  2.93475e-10,  2.72282e-09,  1.69541e-10,
00:02:03,    123410,   465.4884,  8.21886e-09,  9.77175e-10,  2.49758e-09,  9.58695e-09,  2.93475e-10,  4.89125e-10,  3.00155e-09,  5.08622e-10,
00:02:03,    123973,   467.7363,  9.77273e-09,  9.77175e-10,  2.38889e-09,  9.86638e-09,  3.91300e-10,  3.91300e-10,  2.93168e-09,  3.39081e-10,
00:02:04,    124536,   470.1163,  8.88584e-09,  9.77175e-10,  2.49758e-09,  8.74846e-09,  3.91300e-10,  5.86950e-10,  2.79193e-09,  3.39081e-10,
00:02:05,    125099,   472.4964,  9.77273e-09,  9.77175e-10,  2.60628e-09,  9.02795e-09,  2.93475e-10,  4.89125e-10,  2.86180e-09,  1.69541e-10,
00:02:05,    125662,   474.4798,  8.88341e-09,  7.81525e-10,  2.49758e-09,  9.12112e-09,  3.91300e-10,  3.91300e-10,  2.86180e-09,  1.69541e-10,
00:02:06,    126225,   476.7276,  8.88341e-09,  1.07500e-09,  2.28019e-09,  9.30746e-09,  2.93475e-10,  3.91300e-10,  2.72282e-09,  1.69541e-10,
00:02:06,    126788,   479.1077,  8.88341e-09,  8.79350e-10,  2.28019e-09,  8.84162e-09,  2.93475e-10,  3.91300e-10,  2.72282e-09,  3.39081e-10,
00:02:07,    127351,   481.3556,  9.77273e-09,  7.81525e-10,  2.28019e-09,  9.21429e-09,  2.93475e-10,  3.91300e-10,  2.72282e-09,  3.39081e-10,
00:02:07,    127914,   483.7356,  9.55039e-09,  7.81525e-10,  2.38889e-09,  9.21429e-09,  3.91300e-10,  3.91300e-10,  2.72282e-09,  1.69541e-10,
00:02:08,    128477,   485.8512,  1.02174e-08,  8.79350e-10,  2.28019e-09,  8.93479e-09,  2.93475e-10,  3.91300e-10,  2.72282e-09,  3.39081e-10,
00:02:09,    129040,   488.3635,  8.44118e-09,  8.79350e-10,  2.17150e-09,  8.65631e-09,  3.91300e-10,  3.91300e-10,  2.86180e-09,  0.00000e+00,
00:02:09,    129603,   490.3469,  9.10573e-09,  7.81525e-10,  2.38889e-09,  8.65631e-09,  3.91300e-10,  3.91300e-10,  2.86180e-09,  3.39081e-10,
00:02:10,    130166,   492.4625,  8.66352e-09,  7.81525e-10,  2.60628e-09,  8.28365e-09,  3.91300e-10,  4.89125e-10,  2.72282e-09,  1.69541e-10,
00:02:10,    130729,   494.8426,  9.10573e-09,  8.79350e-10,  2.28019e-09,  8.56314e-09,  3.91300e-10,  4.89125e-10,  2.51319e-09,  3.39081e-10,
00:02:11,    131292,   497.2227,  8.88341e-09,  7.81525e-10,  2.38889e-09,  7.81781e-09,  2.93475e-10,  3.91300e-10,  2.86180e-09,  5.08622e-10,
00:02:11,    131855,   499.3383,  9.10573e-09,  9.77175e-10,  2.28019e-09,  7.81883e-09,  2.93475e-10,  3.91300e-10,  2.86180e-09,  5.08622e-10,
00:02:12,    132418,   501.7184,  9.32807e-09,  8.79350e-10,  2.38889e-09,  7.44617e-09,  2.93475e-10,  3.91300e-10,  2.79269e-09,  1.69541e-10,
00:02:12,    132981,   503.9662,  8.66352e-09,  9.77175e-10,  2.38889e-09,  7.81883e-09,  2.93475e-10,  3.91300e-10,  2.65294e-09,  1.69541e-10,
00:02:13,    133544,   506.0818,  9.10573e-09,  6.84775e-10,  2.28019e-09,  7.35300e-09,  3.91300e-10,  4.89125e-10,  2.79269e-09,  0.00000e+00,
00:02:14,    134107,   508.5941,  9.10573e-09,  8.79350e-10,  2.49758e-09,  7.25983e-09,  2.93475e-10,  2.93475e-10,  2.65294e-09,  3.39081e-10,
00:02:14,    134670,   510.7097,  8.44118e-09,  7.81525e-10,  2.49758e-09,  7.44617e-09,  2.93475e-10,  3.91300e-10,  2.65294e-09,  3.39081e-10,
00:02:15,    135233,   512.9576,  9.10573e-09,  6.84775e-10,  2.38889e-09,  7.07350e-09,  9.78250e-11,  3.91300e-10,  2.79269e-09,  3.39081e-10,
00:02:15,    135796,   515.4699,  9.77273e-09,  8.79350e-10,  2.38889e-09,  6.88819e-09,  3.91300e-10,  3.91300e-10,  2.65294e-09,  1.69541e-10,
00:02:16,    136359,   517.8499,  9.55039e-09,  5.86950e-10,  2.28019e-09,  6.70186e-09,  1.95650e-10,  3.91300e-10,  2.65294e-09,  3.39081e-10,
00:02:16,    136922,   519.8333,  8.88584e-09,  8.79350e-10,  2.28019e-09,  6.51552e-09,  3.91300e-10,  3.91300e-10,  2.79269e-09,  1.69541e-10,
00:02:17,    137485,   522.2134,  8.44118e-09,  6.83700e-10,  2.17150e-09,  6.51552e-09,  1.95650e-10,  3.91300e-10,  2.65294e-09,  3.39081e-10,
00:02:18,    138048,   524.1968,  9.10573e-09,  8.79350e-10,  2.17150e-09,  7.07350e-09,  2.93475e-10,  2.93475e-10,  2.72282e-09,  1.69541e-10,
00:02:18,    138611,   526.4447,  9.10573e-09,  9.77175e-10,  2.06280e-09,  6.60869e-09,  9.78250e-11,  3.91300e-10,  2.65294e-09,  3.39081e-10,
00:02:19,    139174,   528.6925,  8.66352e-09,  7.81525e-10,  2.38889e-09,  6.70186e-09,  2.93475e-10,  4.89125e-10,  2.72282e-09,  3.39081e-10,
00:02:19,    139737,   531.0726,  9.32807e-09,  9.77175e-10,  2.49758e-09,  6.79400e-09,  3.91300e-10,  4.89125e-10,  2.86180e-09,  1.69541e-10,
00:02:20,    140300,   533.3204,  8.88584e-09,  8.79350e-10,  2.28019e-09,  6.51552e-09,  3.91300e-10,  3.91300e-10,  2.65294e-09,  0.00000e+00,
00:02:20,    140863,   535.7005,  8.44118e-09,  7.81525e-10,  2.49758e-09,  6.51552e-09,  1.95650e-10,  2.93475e-10,  2.65294e-09,  0.00000e+00,
00:02:21,    141426,   537.8161,  8.66352e-09,  7.81525e-10,  2.28019e-09,  6.32919e-09,  2.93475e-10,  3.91300e-10,  2.58307e-09,  1.69541e-10,
00:02:21,    141989,   540.0640,  9.32807e-09,  7.81525e-10,  2.28019e-09,  6.42235e-09,  2.93475e-10,  2.93475e-10,  2.72282e-09,  3.39081e-10,
00:02:22,    142552,   542.3118,  8.88341e-09,  8.79350e-10,  2.38889e-09,  6.14286e-09,  1.95650e-10,  3.91300e-10,  2.58307e-09,  1.69541e-10,
00:02:23,    143115,   544.5597,  9.10573e-09,  7.81525e-10,  2.06280e-09,  6.32919e-09,  1.95650e-10,  4.89125e-10,  2.58307e-09,  3.39081e-10,
00:02:23,    143678,   546.6753,  9.10573e-09,  8.79350e-10,  2.17150e-09,  6.14286e-09,  2.93475e-10,  4.89125e-10,  2.58307e-09,  1.69541e-10,
00:02:24,    144241,   548.9231,  8.88341e-09,  7.81525e-10,  2.17150e-09,  6.42235e-09,  3.91300e-10,  2.93475e-10,  2.72282e-09,  1.69541e-10,
00:02:24,    144804,   551.0387,  8.66352e-09,  8.79350e-10,  2.71497e-09,  6.14286e-09,  2.93475e-10,  1.95650e-10,  2.58307e-09,  1.69541e-10,
00:02:25,    145367,   553.4188,  8.88584e-09,  7.81525e-10,  2.49758e-09,  6.04969e-09,  1.95650e-10,  4.89125e-10,  2.72282e-09,  5.08622e-10,
00:02:25,    145930,   555.7989,  8.44118e-09,  6.83700e-10,  2.06280e-09,  6.14286e-09,  1.95650e-10,  2.93475e-10,  2.72282e-09,  1.69541e-10,
00:02:26,    146493,   558.3112,  8.66352e-09,  8.79350e-10,  2.49758e-09,  6.23602e-09,  1.95650e-10,  4.89125e-10,  2.58307e-09,  3.39081e-10,
00:02:27,    147056,   560.6912,  8.21886e-09,  7.81525e-10,  2.38889e-09,  6.14286e-09,  2.93475e-10,  3.91300e-10,  2.72282e-09,  3.39081e-10,
00:02:27,    147619,   562.4102,  8.88341e-09,  6.84775e-10,  2.38889e-09,  6.23602e-09,  2.93475e-10,  2.93475e-10,  2.58307e-09,  3.39081e-10,
00:02:28,    148182,   564.6580,  8.88584e-09,  8.79350e-10,  2.49758e-09,  6.23602e-09,  2.93475e-10,  2.93475e-10,  2.51319e-09,  3.39081e-10,
00:02:28,    148745,   567.0381,  8.66352e-09,  7.81525e-10,  2.49758e-09,  6.60869e-09,  1.95650e-10,  4.89125e-10,  2.51319e-09,  1.69541e-10,
00:02:29,    149308,   569.4182,  9.32807e-09,  9.77175e-10,  2.60628e-09,  6.23602e-09,  1.95650e-10,  3.91300e-10,  2.51319e-09,  1.69541e-10,
00:02:29,    149871,   571.5338,  9.32807e-09,  8.79350e-10,  2.38889e-09,  6.23602e-09,  2.93475e-10,  2.93475e-10,  2.51319e-09,  3.39081e-10,
00:02:30,    150434,   573.7816,  8.88341e-09,  6.84775e-10,  2.49758e-09,  6.51552e-09,  1.95650e-10,  4.89125e-10,  2.51319e-09,  3.39081e-10,
00:02:30,    150997,   576.1617,  8.44118e-09,  8.79350e-10,  2.49758e-09,  6.51552e-09,  1.95650e-10,  3.91300e-10,  2.72282e-09,  3.39081e-10,
00:02:31,    151560,   578.2773,  8.66352e-09,  8.79350e-10,  2.60628e-09,  6.23602e-09,  2.93475e-10,  4.89125e-10,  2.65294e-09,  3.39081e-10,
00:02:32,    152123,   580.6574,  8.88584e-09,  6.84775e-10,  2.71497e-09,  6.14286e-09,  4.89125e-10,  4.89125e-10,  2.72282e-09,  1.69541e-10,
00:02:32,    152686,   582.7730,  9.10573e-09,  8.79350e-10,  2.38889e-09,  6.32919e-09,  1.95650e-10,  3.91300e-10,  2.58307e-09,  1.69541e-10,
00:02:33,    153249,   585.0208,  8.66352e-09,  7.81525e-10,  2.71497e-09,  6.32919e-09,  1.95650e-10,  2.93475e-10,  2.44332e-09,  5.08622e-10,
00:02:33,    153812,   587.4009,  9.10573e-09,  7.81525e-10,  2.60628e-09,  6.14286e-09,  1.95650e-10,  4.89125e-10,  2.65294e-09,  3.39081e-10,
00:02:34,    154375,   589.5166,  8.88584e-09,  8.79350e-10,  2.38889e-09,  6.04969e-09,  2.93475e-10,  3.91300e-10,  2.51319e-09,  3.39081e-10,
00:02:34,    154938,   591.8966,  8.66352e-09,  7.81525e-10,  2.38889e-09,  6.23602e-09,  2.93475e-10,  5.86950e-10,  2.65294e-09,  1.69541e-10,
00:02:35,    155501,   594.4089,  8.88341e-09,  8.79350e-10,  2.60628e-09,  6.51552e-09,  2.93475e-10,  3.91300e-10,  2.44332e-09,  1.69541e-10,
00:02:36,    156064,   596.2601,  9.10573e-09,  9.77175e-10,  2.28019e-09,  6.04969e-09,  2.93475e-10,  3.91300e-10,  2.58307e-09,  1.69541e-10,
00:02:36,    156627,   598.9046,  8.21886e-09,  7.81525e-10,  2.38889e-09,  6.23602e-09,  1.95650e-10,  3.91300e-10,  2.79269e-09,  1.69541e-10,
00:02:37,    157190,   601.1524,  7.99652e-09,  7.81525e-10,  2.28019e-09,  6.14286e-09,  1.95650e-10,  3.91300e-10,  2.58307e-09,  1.69541e-10,
00:02:37,    157753,   603.2681,  7.99652e-09,  8.79350e-10,  2.49758e-09,  6.42235e-09,  2.93475e-10,  4.89125e-10,  2.65294e-09,  3.39081e-10,
00:02:38,    158316,   605.2514,  9.10573e-09,  5.85875e-10,  2.71497e-09,  6.23602e-09,  3.91300e-10,  2.93475e-10,  2.44332e-09,  3.39081e-10,
00:02:38,    158879,   607.6316,  8.88341e-09,  7.81525e-10,  2.49758e-09,  6.04969e-09,  2.93475e-10,  3.91300e-10,  2.58307e-09,  3.39081e-10,
00:02:39,    159442,   610.0116,  8.88584e-09,  9.77175e-10,  2.71497e-09,  5.86335e-09,  2.93475e-10,  3.91300e-10,  2.30357e-09,  1.69541e-10,
00:02:40,    160005,   612.5239,  8.66352e-09,  9.77175e-10,  2.38889e-09,  6.42235e-09,  2.93475e-10,  4.89125e-10,  2.58307e-09,  3.39081e-10,
00:02:40,    160568,   614.6395,  8.44118e-09,  7.81525e-10,  2.49758e-09,  6.42235e-09,  1.95650e-10,  3.91300e-10,  2.58307e-09,  3.39081e-10,
00:02:41,    161131,   616.6229,  9.55039e-09,  6.83700e-10,  2.38889e-09,  6.23602e-09,  3.91300e-10,  3.91300e-10,  2.58307e-09,  1.69541e-10,
00:02:41,    161694,   619.1352,  8.88584e-09,  7.81525e-10,  2.71497e-09,  6.04969e-09,  1.95650e-10,  2.93475e-10,  2.79269e-09,  3.39081e-10,
00:02:42,    162257,   621.1186,  7.99652e-09,  8.79350e-10,  2.71497e-09,  6.23602e-09,  2.93475e-10,  3.91300e-10,  2.58307e-09,  3.39081e-10,
00:02:42,    162820,   623.4987,  8.21886e-09,  7.81525e-10,  2.38889e-09,  6.32919e-09,  1.95650e-10,  3.91300e-10,  2.79193e-09,  3.39081e-10,
00:02:43,    163383,   625.8787,  8.66352e-09,  8.79350e-10,  2.82367e-09,  6.14286e-09,  2.93475e-10,  3.91300e-10,  2.72282e-09,  1.69541e-10,
00:02:43,    163946,   628.1266,  8.88584e-09,  1.07500e-09,  2.38889e-09,  5.95652e-09,  2.93475e-10,  3.91300e-10,  2.79269e-09,  3.39081e-10,
00:02:44,    164509,   630.6389,  8.66352e-09,  7.81525e-10,  2.60628e-09,  6.14286e-09,  1.95650e-10,  3.91300e-10,  2.65294e-09,  1.69541e-10,
00:02:45,    165072,   632.7545,  7.99652e-09,  8.79350e-10,  2.71497e-09,  6.23602e-09,  1.95650e-10,  3.91300e-10,  2.58307e-09,  1.69541e-10,
00:02:45,    165635,   635.0023,  8.44118e-09,  8.79350e-10,  2.28019e-09,  6.32919e-09,  2.93475e-10,  3.91300e-10,  2.65294e-09,  3.39081e-10,
00:02:46,    166198,   637.1179,  8.66352e-09,  9.77175e-10,  2.49758e-09,  6.14286e-09,  1.95650e-10,  3.91300e-10,  2.72282e-09,  3.39081e-10,
00:02:46,    166761,   639.2336,  8.21886e-09,  7.81525e-10,  2.38889e-09,  6.32919e-09,  2.93475e-10,  4.89125e-10,  2.58307e-09,  3.39081e-10,
00:02:47,    167324,   641.6137,  7.77420e-09,  6.83700e-10,  2.38889e-09,  6.32919e-09,  2.93475e-10,  2.93475e-10,  2.23369e-09,  3.39081e-10,
00:02:47,    167887,   643.7293,  8.44118e-09,  7.81525e-10,  2.38889e-09,  6.32919e-09,  2.93475e-10,  3.91300e-10,  2.72282e-09,  3.39081e-10,
00:02:48,    168450,   646.2415,  8.44118e-09,  6.83700e-10,  2.49758e-09,  6.32919e-09,  2.93475e-10,  4.89125e-10,  2.44332e-09,  1.69541e-10,
00:02:49,    169013,   648.4894,  8.21886e-09,  7.81525e-10,  2.71497e-09,  6.23602e-09,  2.93475e-10,  4.89125e-10,  2.65294e-09,  3.39081e-10,
00:02:49,    169576,   650.6050,  8.88341e-09,  8.79350e-10,  2.38889e-09,  6.51552e-09,  2.93475e-10,  3.91300e-10,  2.37344e-09,  1.69541e-10,
00:02:50,    170139,   652.8529,  8.44118e-09,  7.81525e-10,  2.38889e-09,  6.14286e-09,  1.95650e-10,  2.93475e-10,  2.51319e-09,  3.39081e-10,
00:02:50,    170702,   654.9685,  8.88584e-09,  9.77175e-10,  2.71497e-09,  6.32919e-09,  2.93475e-10,  3.91300e-10,  2.37344e-09,  3.39081e-10,
00:02:51,    171265,   657.4808,  8.88584e-09,  7.81525e-10,  2.60628e-09,  6.51552e-09,  2.93475e-10,  3.91300e-10,  2.65294e-09,  3.39081e-10,
00:02:51,    171828,   659.4642,  8.44118e-09,  8.79350e-10,  2.49758e-09,  6.04969e-09,  1.95650e-10,  3.91300e-10,  2.65294e-09,  1.69541e-10,
00:02:52,    172391,   661.9765,  7.77420e-09,  8.79350e-10,  2.49758e-09,  6.60869e-09,  3.91300e-10,  3.91300e-10,  2.65294e-09,  3.39081e-10,
00:02:52,    172954,   664.0921,  8.66352e-09,  9.77175e-10,  2.60628e-09,  6.32919e-09,  3.91300e-10,  2.93475e-10,  2.51319e-09,  1.69541e-10,
00:02:53,    173517,   666.2077,  7.77420e-09,  8.79350e-10,  2.60628e-09,  6.32919e-09,  1.95650e-10,  4.89125e-10,  2.72282e-09,  5.08622e-10,
00:02:54,    174080,   668.8523,  7.55186e-09,  7.81525e-10,  2.28019e-09,  6.79502e-09,  2.93475e-10,  4.89125e-10,  2.51319e-09,  3.39081e-10,
00:02:54,    174643,   670.9679,  8.66352e-09,  7.81525e-10,  2.28019e-09,  6.23602e-09,  2.93475e-10,  3.91300e-10,  2.65294e-09,  1.69541e-10,
00:02:55,    175206,   673.0835,  8.66352e-09,  5.86950e-10,  2.28019e-09,  6.51552e-09,  1.95650e-10,  3.91300e-10,  2.51319e-09,  5.08622e-10,
00:02:55,    175769,   675.3313,  8.21886e-09,  1.07500e-09,  2.60628e-09,  6.70186e-09,  1.95650e-10,  3.91300e-10,  2.44332e-09,  5.08622e-10,
00:02:56,    176332,   677.7114,  7.77420e-09,  6.83700e-10,  2.38889e-09,  6.23602e-09,  2.93475e-10,  4.89125e-10,  2.58307e-09,  1.69541e-10,
00:02:56,    176895,   679.9593,  8.44118e-09,  5.85875e-10,  2.60628e-09,  6.70186e-09,  2.93475e-10,  3.91300e-10,  2.65294e-09,  1.69541e-10,
00:02:57,    177458,   682.2071,  8.21886e-09,  9.77175e-10,  2.28019e-09,  6.23602e-09,  2.93475e-10,  5.86950e-10,  2.58307e-09,  0.00000e+00,
00:02:58,    178021,   684.4549,  7.77420e-09,  6.83700e-10,  2.38889e-09,  6.51552e-09,  3.91300e-10,  3.91300e-10,  2.30357e-09,  3.39081e-10,
00:02:58,    178584,   686.7028,  7.55186e-09,  7.81525e-10,  2.60628e-09,  6.70186e-09,  9.78250e-11,  4.89125e-10,  2.23369e-09,  5.08622e-10,
00:02:59,    179147,   689.2151,  8.44118e-09,  7.81525e-10,  2.71497e-09,  6.32919e-09,  2.93475e-10,  4.89125e-10,  2.58307e-09,  3.39081e-10,
00:02:59,    179710,   691.1984,  7.77420e-09,  8.79350e-10,  2.60628e-09,  6.23602e-09,  3.91300e-10,  3.91300e-10,  2.58307e-09,  1.69541e-10,
00:03:00,    180273,   693.4463,  7.99652e-09,  7.81525e-10,  2.71497e-09,  6.23602e-09,  3.91300e-10,  4.89125e-10,  2.37344e-09,  1.69541e-10,
00:03:00,    180836,   695.5619,  8.21886e-09,  7.81525e-10,  2.49758e-09,  6.42235e-09,  2.93475e-10,  3.91300e-10,  2.58307e-09,  3.39081e-10,
00:03:01,    181399,   697.8098,  8.21886e-09,  8.79350e-10,  2.60628e-09,  6.42235e-09,  1.95650e-10,  2.93475e-10,  2.58307e-09,  3.39081e-10,
00:03:01,    181962,   700.3220,  8.44118e-09,  8.79350e-10,  2.60628e-09,  6.51552e-09,  3.91300e-10,  3.91300e-10,  2.44332e-09,  1.69541e-10,
00:03:02,    182525,   702.3054,  7.99652e-09,  8.79350e-10,  2.71497e-09,  6.42235e-09,  2.93475e-10,  2.93475e-10,  2.65294e-09,  1.69541e-10,
00:03:03,    183088,   704.8178,  8.66352e-09,  9.77175e-10,  2.49758e-09,  6.51552e-09,  2.93475e-10,  4.89125e-10,  2.51319e-09,  1.69541e-10,
00:03:03,    183651,   707.0656,  7.55186e-09,  7.81525e-10,  2.60628e-09,  6.70186e-09,  3.91300e-10,  3.91300e-10,  2.65294e-09,  3.39081e-10,
00:03:04,    184214,   709.1812,  7.77420e-09,  8.79350e-10,  2.60628e-09,  6.51552e-09,  3.91300e-10,  3.91300e-10,  2.58307e-09,  3.39081e-10,
00:03:04,    184777,   711.6935,  7.99652e-09,  8.79350e-10,  2.60628e-09,  6.32919e-09,  2.93475e-10,  4.89125e-10,  2.58307e-09,  1.69541e-10,
00:03:05,    185340,   713.6769,  7.77420e-09,  9.77175e-10,  2.49758e-09,  6.23602e-09,  2.93475e-10,  2.93475e-10,  2.51319e-09,  1.69541e-10,
00:03:05,    185903,   716.3214,  8.21886e-09,  8.79350e-10,  2.38889e-09,  6.42235e-09,  1.95650e-10,  3.91300e-10,  2.44332e-09,  0.00000e+00,
00:03:06,    186466,   718.3048,  8.21886e-09,  8.79350e-10,  2.82367e-09,  6.32919e-09,  3.91300e-10,  3.91300e-10,  2.72282e-09,  1.69541e-10,
00:03:07,    187029,   720.5527,  8.66352e-09,  8.79350e-10,  2.71497e-09,  6.32919e-09,  2.93475e-10,  4.89125e-10,  2.44332e-09,  1.69541e-10,
00:03:07,    187592,   722.6683,  8.66352e-09,  8.79350e-10,  2.60628e-09,  6.14286e-09,  3.91300e-10,  3.91300e-10,  2.58307e-09,  1.69541e-10,
00:03:08,    188155,   725.0484,  8.21886e-09,  8.79350e-10,  2.60628e-09,  6.23602e-09,  2.93475e-10,  4.89125e-10,  2.44332e-09,  1.69541e-10,
00:03:08,    188718,   727.5606,  8.44118e-09,  5.86950e-10,  2.49758e-09,  6.32919e-09,  2.93475e-10,  3.91300e-10,  2.51319e-09,  3.39081e-10,
00:03:09,    189281,   729.8085,  7.55186e-09,  8.79350e-10,  2.49758e-09,  6.04969e-09,  2.93475e-10,  3.91300e-10,  2.58307e-09,  5.08622e-10,
00:03:09,    189844,   731.9241,  8.21886e-09,  8.79350e-10,  2.49758e-09,  6.51552e-09,  1.95650e-10,  4.89125e-10,  2.44332e-09,  1.69541e-10,
00:03:10,    190407,   734.1720,  7.99652e-09,  9.77175e-10,  2.82367e-09,  6.32919e-09,  1.95650e-10,  3.91300e-10,  2.30357e-09,  1.69541e-10,
00:03:10,    190970,   736.2876,  8.44118e-09,  8.79350e-10,  2.71497e-09,  6.32919e-09,  2.93475e-10,  3.91300e-10,  2.58307e-09,  5.08622e-10,
00:03:11,    191533,   738.1388,  7.99652e-09,  8.79350e-10,  2.60628e-09,  6.32919e-09,  2.93475e-10,  4.89125e-10,  2.65294e-09,  3.39081e-10,
00:03:12,    192096,   740.5188,  7.77420e-09,  7.81525e-10,  2.71497e-09,  6.51552e-09,  1.95650e-10,  4.89125e-10,  2.58307e-09,  5.08622e-10,
00:03:12,    192659,   743.4278,  8.44118e-09,  8.79350e-10,  2.60628e-09,  6.32919e-09,  2.93475e-10,  3.91300e-10,  2.51319e-09,  3.39081e-10,
00:03:13,    193222,   745.5434,  8.21886e-09,  8.79350e-10,  2.60628e-09,  6.51552e-09,  3.91300e-10,  3.91300e-10,  2.51319e-09,  3.39081e-10,
00:03:13,    193785,   747.5268,  8.44118e-09,  8.79350e-10,  2.71497e-09,  6.23602e-09,  1.95650e-10,  3.91300e-10,  2.51319e-09,  3.39081e-10,
00:03:14,    194348,   749.9069,  7.55186e-09,  7.81525e-10,  2.49758e-09,  6.60869e-09,  1.95650e-10,  3.91300e-10,  2.51319e-09,  3.39081e-10,
00:03:14,    194911,   752.1547,  7.32955e-09,  7.81525e-10,  2.60628e-09,  6.32919e-09,  3.91300e-10,  3.91300e-10,  2.58307e-09,  1.69541e-10,
00:03:15,    195474,   754.4026,  8.44118e-09,  9.77175e-10,  2.38889e-09,  6.32919e-09,  2.93475e-10,  3.91300e-10,  2.65294e-09,  3.39081e-10,
00:03:16,    196037,   756.6504,  8.88341e-09,  8.79350e-10,  2.60628e-09,  6.42235e-09,  2.93475e-10,  3.91300e-10,  2.44332e-09,  1.69541e-10,
00:03:16,    196600,   758.7660,  7.32955e-09,  7.81525e-10,  2.49758e-09,  6.32919e-09,  2.93475e-10,  5.86950e-10,  2.51319e-09,  5.08622e-10,
00:03:17,    197163,   761.4105,  7.55186e-09,  8.79350e-10,  2.60628e-09,  6.32919e-09,  3.91300e-10,  3.91300e-10,  2.51319e-09,  3.39081e-10,
00:03:17,    197726,   763.5261,  7.55186e-09,  8.79350e-10,  2.71497e-09,  6.14286e-09,  1.95650e-10,  3.91300e-10,  2.72282e-09,  3.39081e-10,
00:03:18,    198289,   765.7740,  7.99652e-09,  9.77175e-10,  2.71497e-09,  6.51552e-09,  1.95650e-10,  4.89125e-10,  2.65294e-09,  3.39081e-10,
00:03:18,    198852,   767.8896,  8.88584e-09,  6.83700e-10,  2.60628e-09,  6.32919e-09,  3.91300e-10,  3.91300e-10,  2.51319e-09,  1.69541e-10,
00:03:19,    199415,   770.1375,  8.21886e-09,  6.84775e-10,  2.71497e-09,  6.23602e-09,  2.93475e-10,  3.91300e-10,  2.51319e-09,  1.69541e-10,
00:03:19,    199978,   772.5175,  8.44118e-09,  8.79350e-10,  2.71497e-09,  6.51552e-09,  3.91300e-10,  3.91300e-10,  2.58307e-09,  3.39081e-10,
00:03:20,    200541,   774.7654,  8.44118e-09,  8.79350e-10,  2.71497e-09,  6.32919e-09,  2.93475e-10,  4.89125e-10,  2.44332e-09,  1.69541e-10,
00:03:21,    201104,   776.8810,  8.44118e-09,  8.79350e-10,  2.49758e-09,  6.23602e-09,  2.93475e-10,  3.91300e-10,  2.51319e-09,  1.69541e-10,
00:03:21,    201667,   779.2611,  8.21886e-09,  7.81525e-10,  2.60628e-09,  6.32919e-09,  2.93475e-10,  3.91300e-10,  2.51319e-09,  1.69541e-10,
00:03:22,    202230,   781.3767,  8.44118e-09,  7.81525e-10,  2.71497e-09,  6.60869e-09,  2.93475e-10,  2.93475e-10,  2.65294e-09,  1.69541e-10,
00:03:22,    202793,   783.6245,  7.99652e-09,  1.07500e-09,  2.71497e-09,  6.51552e-09,  9.78250e-11,  2.93475e-10,  2.65294e-09,  3.39081e-10,
00:03:23,    203356,   785.8724,  7.32955e-09,  9.77175e-10,  2.60628e-09,  6.32919e-09,  2.93475e-10,  3.91300e-10,  2.65294e-09,  1.69541e-10,
00:03:23,    203919,   788.2525,  8.44118e-09,  5.86950e-10,  2.71497e-09,  6.14286e-09,  3.91300e-10,  3.91300e-10,  2.37344e-09,  3.39081e-10,
00:03:24,    204482,   790.6325,  8.21886e-09,  9.77175e-10,  2.71497e-09,  6.32919e-09,  2.93475e-10,  4.89125e-10,  2.37344e-09,  0.00000e+00,
00:03:25,    205045,   792.6159,  7.55186e-09,  6.84775e-10,  2.71497e-09,  6.04969e-09,  3.91300e-10,  2.93475e-10,  2.65294e-09,  3.39081e-10,
00:03:25,    205608,   795.1282,  7.55186e-09,  7.81525e-10,  2.71497e-09,  6.42235e-09,  2.93475e-10,  4.89125e-10,  2.58307e-09,  3.39081e-10,
00:03:26,    206171,   797.2439,  8.21886e-09,  8.79350e-10,  2.60628e-09,  6.70186e-09,  3.91300e-10,  5.86950e-10,  2.58307e-09,  3.39081e-10,
00:03:26,    206734,   799.6239,  8.66352e-09,  8.79350e-10,  2.82367e-09,  6.42235e-09,  3.91300e-10,  4.89125e-10,  2.44332e-09,  0.00000e+00,
00:03:27,    207297,   801.8717,  8.21886e-09,  7.81525e-10,  2.71497e-09,  6.60869e-09,  3.91300e-10,  3.91300e-10,  2.44332e-09,  1.69541e-10,
00:03:27,    207860,   803.8551,  8.44118e-09,  8.79350e-10,  2.71497e-09,  6.60869e-09,  1.95650e-10,  3.91300e-10,  2.51319e-09,  3.39081e-10,
00:03:28,    208423,   806.3675,  7.55186e-09,  8.79350e-10,  2.71497e-09,  6.42235e-09,  2.93475e-10,  4.89125e-10,  2.37344e-09,  3.39081e-10,
00:03:28,    208986,   808.4831,  8.66352e-09,  7.81525e-10,  2.82367e-09,  6.23602e-09,  2.93475e-10,  4.89125e-10,  2.58307e-09,  1.69541e-10,
00:03:29,    209549,   810.8631,  7.99652e-09,  7.81525e-10,  2.71497e-09,  6.88716e-09,  1.95650e-10,  4.89125e-10,  2.44332e-09,  3.39081e-10,
00:03:30,    210112,   812.9788,  8.88584e-09,  8.79350e-10,  2.82367e-09,  6.42235e-09,  2.93475e-10,  3.91300e-10,  2.37344e-09,  1.69541e-10,
00:03:30,    210675,   815.4911,  7.99652e-09,  8.79350e-10,  2.60628e-09,  6.23602e-09,  2.93475e-10,  3.91300e-10,  2.30357e-09,  1.69541e-10,
00:03:31,    211238,   817.7389,  7.77420e-09,  6.84775e-10,  3.04106e-09,  6.51552e-09,  9.78250e-11,  4.89125e-10,  2.72282e-09,  3.39081e-10,
00:03:31,    211801,   819.8545,  8.21886e-09,  9.77175e-10,  2.49758e-09,  6.70186e-09,  1.95650e-10,  2.93475e-10,  2.44332e-09,  3.39081e-10,
00:03:32,    212364,   821.9701,  8.21886e-09,  6.83700e-10,  2.60628e-09,  6.88716e-09,  2.93475e-10,  4.89125e-10,  2.51319e-09,  3.39081e-10,
00:03:32,    212927,   824.3502,  9.10573e-09,  7.81525e-10,  2.82367e-09,  6.79400e-09,  1.95650e-10,  3.91300e-10,  2.44332e-09,  1.69541e-10,
00:03:33,    213490,   826.5980,  8.44118e-09,  7.81525e-10,  2.71497e-09,  6.88716e-09,  2.93475e-10,  3.91300e-10,  2.65294e-09,  1.69541e-10,
00:03:34,    214053,   828.8459,  8.21886e-09,  1.07500e-09,  2.93236e-09,  6.51552e-09,  1.95650e-10,  4.89125e-10,  2.44332e-09,  3.39081e-10,
00:03:34,    214616,   831.2260,  8.88584e-09,  6.83700e-10,  2.60628e-09,  6.79502e-09,  2.93475e-10,  4.89125e-10,  2.44332e-09,  0.00000e+00,
00:03:35,    215179,   833.4738,  8.44118e-09,  7.81525e-10,  2.93236e-09,  6.70186e-09,  3.91300e-10,  5.86950e-10,  2.51319e-09,  1.69541e-10,
00:03:35,    215742,   835.5894,  7.55186e-09,  7.81525e-10,  2.82367e-09,  6.70083e-09,  1.95650e-10,  2.93475e-10,  2.51319e-09,  3.39081e-10,
00:03:36,    216305,   837.8372,  7.99652e-09,  8.79350e-10,  2.82367e-09,  7.07350e-09,  3.91300e-10,  5.86950e-10,  2.44332e-09,  1.69541e-10,
00:03:36,    216868,   840.2174,  8.66352e-09,  8.79350e-10,  2.71497e-09,  6.88716e-09,  3.91300e-10,  5.86950e-10,  2.37344e-09,  1.69541e-10,
00:03:37,    217431,   842.2007,  7.99652e-09,  7.81525e-10,  2.71497e-09,  6.88716e-09,  2.93475e-10,  4.89125e-10,  2.44332e-09,  3.39081e-10,
00:03:37,    217994,   844.7130,  7.77420e-09,  7.81525e-10,  2.60628e-09,  6.88716e-09,  2.93475e-10,  3.91300e-10,  2.58307e-09,  3.39081e-10,
00:03:38,    218557,   847.0931,  7.55186e-09,  1.07500e-09,  2.71497e-09,  6.79502e-09,  2.93475e-10,  4.89125e-10,  2.58307e-09,  3.39081e-10,
00:03:39,    219120,   849.3410,  7.77420e-09,  7.81525e-10,  2.82367e-09,  6.98033e-09,  4.89125e-10,  3.91300e-10,  2.72282e-09,  5.08622e-10,
00:03:39,    219683,   851.3244,  7.77420e-09,  1.07500e-09,  2.38889e-09,  6.70186e-09,  2.93475e-10,  3.91300e-10,  2.37344e-09,  3.39081e-10,
00:03:40,    220246,   853.3078,  8.66352e-09,  9.77175e-10,  2.93236e-09,  7.25983e-09,  3.91300e-10,  4.89125e-10,  2.65294e-09,  3.39081e-10,
00:03:40,    220809,   856.0845,  8.44118e-09,  6.84775e-10,  2.93236e-09,  6.98033e-09,  2.93475e-10,  2.93475e-10,  2.58307e-09,  3.39081e-10,
00:03:41,    221372,   858.3323,  7.77420e-09,  6.83700e-10,  2.71497e-09,  6.79400e-09,  2.93475e-10,  5.86950e-10,  2.58307e-09,  3.39081e-10,
00:03:41,    221935,   860.7124,  8.66352e-09,  7.81525e-10,  2.71497e-09,  6.98033e-09,  3.91300e-10,  3.91300e-10,  2.44332e-09,  1.69541e-10,
00:03:42,    222498,   862.5636,  9.10818e-09,  8.79350e-10,  2.60628e-09,  7.16667e-09,  2.93475e-10,  4.89125e-10,  2.37344e-09,  0.00000e+00,
00:03:43,    223061,   865.2081,  7.10720e-09,  7.81525e-10,  3.25724e-09,  7.63250e-09,  2.93475e-10,  4.89125e-10,  2.30357e-09,  3.39081e-10,
00:03:43,    223624,   867.3237,  7.77420e-09,  6.83700e-10,  3.25724e-09,  6.98033e-09,  2.93475e-10,  3.91300e-10,  2.72282e-09,  3.39081e-10,
00:03:44,    224187,   869.1749,  8.44118e-09,  8.79350e-10,  2.71497e-09,  6.98033e-09,  2.93475e-10,  3.91300e-10,  2.58307e-09,  5.08622e-10,
00:03:44,    224750,   871.8194,  7.77420e-09,  6.83700e-10,  2.93236e-09,  6.98033e-09,  2.93475e-10,  3.91300e-10,  2.86257e-09,  3.39081e-10,
00:03:45,    225313,   873.9350,  7.32955e-09,  8.79350e-10,  2.71497e-09,  6.88716e-09,  3.91300e-10,  3.91300e-10,  2.58307e-09,  3.39081e-10,
00:03:45,    225876,   876.3151,  7.77420e-09,  7.81525e-10,  2.82367e-09,  7.35300e-09,  2.93475e-10,  5.86950e-10,  2.44332e-09,  3.39081e-10,
00:03:46,    226439,   878.5630,  8.21886e-09,  8.79350e-10,  2.71497e-09,  7.25983e-09,  1.95650e-10,  5.86950e-10,  2.44332e-09,  3.39081e-10,
00:03:47,    227002,   880.9430,  7.55186e-09,  6.83700e-10,  2.82367e-09,  7.25983e-09,  2.93475e-10,  5.86950e-10,  2.44332e-09,  1.69541e-10,
00:03:47,    227565,   883.1908,  8.88341e-09,  6.83700e-10,  2.82367e-09,  7.53933e-09,  2.93475e-10,  3.91300e-10,  2.44332e-09,  5.08622e-10,
00:03:48,    228128,   885.3065,  8.66352e-09,  8.79350e-10,  3.25724e-09,  7.53933e-09,  3.91300e-10,  4.89125e-10,  2.65294e-09,  5.08622e-10,
00:03:48,    228691,   887.6866,  8.21886e-09,  9.77175e-10,  3.14974e-09,  7.25983e-09,  2.93475e-10,  3.91300e-10,  2.37344e-09,  5.08622e-10,
00:03:49,    229254,   889.9344,  7.77420e-09,  6.83700e-10,  2.60628e-09,  7.35300e-09,  1.95650e-10,  4.89125e-10,  2.58307e-09,  1.69541e-10,
00:03:49,    229817,   892.0500,  7.77420e-09,  8.79350e-10,  2.82367e-09,  7.25983e-09,  1.95650e-10,  3.91300e-10,  2.44332e-09,  3.39081e-10,
00:03:50,    230380,   894.2978,  8.66352e-09,  6.84775e-10,  2.82367e-09,  7.25983e-09,  2.93475e-10,  4.89125e-10,  2.58307e-09,  1.69541e-10,
00:03:50,    230943,   896.5457,  8.21886e-09,  7.81525e-10,  2.93236e-09,  7.25983e-09,  2.93475e-10,  3.91300e-10,  2.51319e-09,  3.39081e-10,
00:03:51,    231506,   898.7936,  7.99652e-09,  8.79350e-10,  2.93236e-09,  7.25983e-09,  1.95650e-10,  2.93475e-10,  2.72282e-09,  1.69541e-10,
00:03:52,    232069,   901.1736,  8.44118e-09,  9.77175e-10,  2.82367e-09,  7.16667e-09,  4.89125e-10,  4.89125e-10,  2.58307e-09,  3.39081e-10,
00:03:52,    232632,   903.2892,  7.77420e-09,  8.79350e-10,  3.04106e-09,  7.44617e-09,  3.91300e-10,  3.91300e-10,  2.51319e-09,  1.69541e-10,
00:03:53,    233195,   905.6693,  8.21886e-09,  9.77175e-10,  3.04106e-09,  7.25983e-09,  2.93475e-10,  3.91300e-10,  2.65294e-09,  3.39081e-10,
00:03:53,    233758,   907.9172,  8.21886e-09,  7.81525e-10,  2.93236e-09,  7.44617e-09,  2.93475e-10,  3.91300e-10,  2.51319e-09,  3.39081e-10,
00:03:54,    234321,   910.0328,  7.99652e-09,  8.79350e-10,  2.93236e-09,  6.88716e-09,  3.91300e-10,  4.89125e-10,  2.51319e-09,  3.39081e-10,
00:03:54,    234884,   912.4128,  8.21886e-09,  8.79350e-10,  2.82367e-09,  7.25983e-09,  2.93475e-10,  2.93475e-10,  2.51319e-09,  1.69541e-10,
00:03:55,    235447,   914.6607,  8.21886e-09,  7.81525e-10,  3.04106e-09,  6.98033e-09,  1.95650e-10,  3.91300e-10,  2.44332e-09,  3.39081e-10,
00:03:56,    236010,   917.0407,  7.10720e-09,  8.79350e-10,  3.14974e-09,  7.25983e-09,  3.91300e-10,  4.89125e-10,  2.51319e-09,  1.69541e-10,
00:03:56,    236573,   919.1563,  7.32955e-09,  7.82600e-10,  3.25724e-09,  7.53933e-09,  2.93475e-10,  5.86950e-10,  2.51319e-09,  3.39081e-10,
00:03:57,    237136,   921.4042,  8.21886e-09,  9.77175e-10,  3.14856e-09,  7.63250e-09,  2.93475e-10,  4.89125e-10,  2.51319e-09,  3.39081e-10,
00:03:57,    237699,   923.6521,  8.21886e-09,  6.83700e-10,  2.93236e-09,  7.53933e-09,  2.93475e-10,  4.89125e-10,  2.65294e-09,  3.39081e-10,
00:03:58,    238262,   926.0321,  8.44118e-09,  8.79350e-10,  3.25844e-09,  7.35300e-09,  3.91300e-10,  2.93475e-10,  2.51319e-09,  1.69541e-10,
00:03:58,    238825,   928.4122,  8.44118e-09,  9.77175e-10,  3.25724e-09,  6.79400e-09,  2.93475e-10,  3.91300e-10,  2.58307e-09,  5.08622e-10,
00:03:59,    239388,   930.3956,  7.99652e-09,  9.77175e-10,  3.36594e-09,  6.98033e-09,  2.93475e-10,  3.91300e-10,  2.51319e-09,  3.39081e-10,
00:03:59,    239951,   932.5112,  7.55186e-09,  7.81525e-10,  2.93236e-09,  7.25983e-09,  2.93475e-10,  5.86950e-10,  2.51319e-09,  3.39081e-10,
00:04:00,    240514,   935.0235,  8.21886e-09,  8.79350e-10,  3.04106e-09,  7.16667e-09,  3.91300e-10,  3.91300e-10,  2.58307e-09,  3.39081e-10,
00:04:01,    241077,   937.2713,  8.66352e-09,  9.77175e-10,  3.36594e-09,  7.16667e-09,  1.95650e-10,  3.91300e-10,  2.65294e-09,  3.39081e-10,
00:04:01,    241640,   939.5192,  8.21886e-09,  8.79350e-10,  3.04106e-09,  7.25983e-09,  1.95650e-10,  3.91300e-10,  2.65294e-09,  0.00000e+00,
00:04:02,    242203,   941.5026,  7.99652e-09,  9.77175e-10,  2.71497e-09,  7.53933e-09,  1.95650e-10,  4.89125e-10,  2.65294e-09,  5.08622e-10,
00:04:02,    242766,   944.0148,  8.21886e-09,  8.79350e-10,  3.14856e-09,  6.88716e-09,  3.91300e-10,  4.89125e-10,  2.51319e-09,  1.69541e-10,
00:04:03,    243329,   946.2627,  8.44118e-09,  9.77175e-10,  2.82367e-09,  6.70186e-09,  3.91300e-10,  4.89125e-10,  2.65294e-09,  3.39081e-10,
00:04:03,    243892,   948.6428,  8.21886e-09,  9.77175e-10,  2.93236e-09,  6.60869e-09,  2.93475e-10,  3.91300e-10,  2.58307e-09,  5.08622e-10,
00:04:04,    244455,   950.8906,  7.99652e-09,  7.81525e-10,  3.36594e-09,  6.98033e-09,  1.95650e-10,  4.89125e-10,  2.79193e-09,  5.08622e-10,
00:04:05,    245018,   953.2707,  7.77420e-09,  9.77175e-10,  3.25724e-09,  6.98033e-09,  2.93475e-10,  5.86950e-10,  2.58307e-09,  3.39081e-10,
00:04:05,    245581,   955.3863,  7.99652e-09,  7.81525e-10,  2.93236e-09,  6.79502e-09,  2.93475e-10,  4.89125e-10,  2.65294e-09,  5.08622e-10,
00:04:06,    246144,   957.5019,  7.99652e-09,  8.79350e-10,  3.14974e-09,  6.79502e-09,  2.93475e-10,  4.89125e-10,  2.72282e-09,  1.69541e-10,
00:04:06,    246707,   959.7498,  8.44118e-09,  1.07500e-09,  2.93236e-09,  6.79400e-09,  2.93475e-10,  3.91300e-10,  2.58307e-09,  1.69541e-10,
00:04:07,    247270,   961.9976,  7.99652e-09,  7.81525e-10,  3.25724e-09,  6.60869e-09,  3.91300e-10,  3.91300e-10,  2.51319e-09,  3.39081e-10,
00:04:07,    247833,   963.9810,  8.44118e-09,  7.81525e-10,  2.93236e-09,  6.60869e-09,  2.93475e-10,  3.91300e-10,  2.65294e-09,  3.39081e-10,
00:04:08,    248396,   965.9644,  7.77420e-09,  7.81525e-10,  3.47463e-09,  6.79502e-09,  3.91300e-10,  5.86950e-10,  2.72282e-09,  1.69541e-10,
00:04:08,    248959,   969.0056,  8.44118e-09,  7.81525e-10,  3.04106e-09,  6.60869e-09,  2.93475e-10,  3.91300e-10,  2.65294e-09,  3.39081e-10,
00:04:09,    249522,   971.5179,  7.77420e-09,  8.79350e-10,  3.47463e-09,  6.88716e-09,  3.91300e-10,  5.86950e-10,  2.58307e-09,  3.39081e-10,
00:04:10,    250085,   973.5013,  7.77420e-09,  6.83700e-10,  3.36594e-09,  6.51552e-09,  2.93475e-10,  3.91300e-10,  2.65294e-09,  3.39081e-10,
00:04:10,    250648,   975.6169,  7.99652e-09,  9.77175e-10,  3.14856e-09,  6.42235e-09,  2.93475e-10,  4.89125e-10,  2.65294e-09,  3.39081e-10,
00:04:11,    251211,   977.9970,  7.77420e-09,  9.77175e-10,  3.47463e-09,  6.70186e-09,  3.91300e-10,  3.91300e-10,  2.58307e-09,  1.69541e-10,
00:04:11,    251774,   979.9804,  8.44118e-09,  8.79350e-10,  3.58333e-09,  6.88716e-09,  2.93475e-10,  4.89125e-10,  2.72282e-09,  5.08622e-10,
00:04:12,    252337,   982.2282,  7.99652e-09,  7.81525e-10,  3.14856e-09,  6.88716e-09,  1.95650e-10,  5.86950e-10,  2.51319e-09,  3.39081e-10,
00:04:12,    252900,   984.4761,  8.21886e-09,  7.81525e-10,  3.25724e-09,  6.88716e-09,  3.91300e-10,  2.93475e-10,  2.58307e-09,  3.39081e-10,
00:04:13,    253463,   986.7239,  8.21886e-09,  9.77175e-10,  3.14856e-09,  6.70186e-09,  2.93475e-10,  4.89125e-10,  2.58307e-09,  5.08622e-10,
00:04:14,    254026,   988.8396,  7.99652e-09,  6.83700e-10,  3.14974e-09,  6.51552e-09,  3.91300e-10,  5.86950e-10,  2.44332e-09,  1.69541e-10,
00:04:14,    254589,   991.3518,  7.55186e-09,  9.77175e-10,  3.04106e-09,  6.70186e-09,  1.95650e-10,  4.89125e-10,  2.65294e-09,  3.39081e-10,
00:04:15,    255152,   993.5997,  7.99652e-09,  9.77175e-10,  3.25724e-09,  6.70186e-09,  3.91300e-10,  4.89125e-10,  2.58307e-09,  1.69541e-10,
00:04:15,    255715,   995.9798,  7.77420e-09,  6.83700e-10,  3.36594e-09,  6.70186e-09,  3.91300e-10,  4.89125e-10,  2.58307e-09,  3.39081e-10,
00:04:16,    256278,   998.0954,  8.66352e-09,  9.77175e-10,  3.47463e-09,  6.42235e-09,  3.91300e-10,  4.89125e-10,  2.72282e-09,  5.08622e-10,
00:04:16,    256841,  1000.3432,  8.66352e-09,  8.79350e-10,  3.25724e-09,  6.23602e-09,  3.91300e-10,  4.89125e-10,  2.51319e-09,  3.39081e-10,
00:04:17,    257404,  1002.5911,  8.21886e-09,  8.79350e-10,  3.14974e-09,  6.42235e-09,  1.95650e-10,  3.91300e-10,  2.44332e-09,  5.08622e-10,
00:04:17,    257967,  1004.9712,  7.99652e-09,  1.07500e-09,  3.14856e-09,  6.51552e-09,  3.91300e-10,  4.89125e-10,  2.72282e-09,  3.39081e-10,
00:04:18,    258530,  1006.9546,  7.32955e-09,  6.83700e-10,  3.25724e-09,  6.60869e-09,  2.93475e-10,  3.91300e-10,  2.65294e-09,  1.69541e-10,
00:04:19,    259093,  1009.4668,  7.99652e-09,  9.77175e-10,  3.36594e-09,  6.42235e-09,  4.89125e-10,  4.89125e-10,  2.72282e-09,  1.69541e-10,
00:04:19,    259656,  1011.4502,  8.66352e-09,  9.77175e-10,  3.47463e-09,  6.79502e-09,  2.93475e-10,  3.91300e-10,  2.58307e-09,  1.69541e-10,
00:04:20,    260219,  1013.9625,  7.77420e-09,  8.79350e-10,  3.36594e-09,  6.70186e-09,  2.93475e-10,  4.89125e-10,  2.65294e-09,  5.08622e-10,
00:04:20,    260782,  1016.2104,  7.77420e-09,  8.79350e-10,  3.47463e-09,  6.23602e-09,  1.95650e-10,  5.86950e-10,  2.72282e-09,  1.69541e-10,
00:04:21,    261345,  1018.1938,  7.99652e-09,  8.79350e-10,  3.36594e-09,  6.60869e-09,  2.93475e-10,  2.93475e-10,  2.44332e-09,  5.08622e-10,
00:04:21,    261908,  1020.8383,  7.55186e-09,  6.83700e-10,  2.93236e-09,  6.51552e-09,  3.91300e-10,  2.93475e-10,  2.44332e-09,  3.39081e-10,
00:04:22,    262471,  1023.0862,  7.55186e-09,  7.81525e-10,  3.25724e-09,  6.42235e-09,  1.95650e-10,  3.91300e-10,  2.51319e-09,  5.08622e-10,
00:04:23,    263034,  1025.2018,  8.66352e-09,  6.83700e-10,  3.58333e-09,  6.70186e-09,  1.95650e-10,  5.86950e-10,  2.72282e-09,  1.69541e-10,
00:04:23,    263597,  1027.3174,  8.21886e-09,  7.81525e-10,  3.47463e-09,  6.04969e-09,  3.91300e-10,  5.86950e-10,  2.65294e-09,  3.39081e-10,
00:04:24,    264160,  1029.5652,  7.99652e-09,  8.79350e-10,  3.58333e-09,  6.79502e-09,  2.93475e-10,  3.91300e-10,  2.51319e-09,  5.08622e-10,
00:04:24,    264723,  1032.0775,  8.88341e-09,  7.81525e-10,  3.58333e-09,  6.60869e-09,  3.91300e-10,  3.91300e-10,  2.65294e-09,  1.69541e-10,
00:04:25,    265286,  1034.0609,  7.55186e-09,  8.79350e-10,  3.47463e-09,  6.60869e-09,  2.93475e-10,  5.86950e-10,  2.51319e-09,  5.08622e-10,
00:04:25,    265849,  1036.4410,  7.77420e-09,  9.77175e-10,  3.25724e-09,  6.14286e-09,  3.91300e-10,  4.89125e-10,  2.65294e-09,  5.08622e-10,
00:04:26,    266412,  1038.8210,  7.55186e-09,  8.79350e-10,  3.69202e-09,  6.32919e-09,  4.89125e-10,  4.89125e-10,  2.72282e-09,  1.69541e-10,
00:04:26,    266975,  1040.9366,  8.66352e-09,  8.79350e-10,  3.36594e-09,  6.23602e-09,  1.95650e-10,  4.89125e-10,  2.58307e-09,  1.69541e-10,
00:04:27,    267538,  1043.4490,  8.21886e-09,  7.81525e-10,  3.58333e-09,  6.32919e-09,  2.93475e-10,  4.89125e-10,  2.65294e-09,  3.39081e-10,
00:04:28,    268101,  1045.5646,  7.99652e-09,  9.77175e-10,  3.69202e-09,  6.51552e-09,  3.91300e-10,  3.91300e-10,  2.72282e-09,  1.69541e-10,
00:04:28,    268664,  1047.6802,  8.66352e-09,  8.79350e-10,  3.69202e-09,  6.51552e-09,  2.93475e-10,  5.86950e-10,  2.86180e-09,  3.39081e-10,
00:04:29,    269227,  1050.1925,  7.55186e-09,  8.79350e-10,  3.36594e-09,  6.60869e-09,  2.93475e-10,  5.86950e-10,  2.72282e-09,  5.08622e-10,
00:04:29,    269790,  1052.3081,  7.77420e-09,  9.77175e-10,  3.58333e-09,  6.51552e-09,  1.95650e-10,  3.91300e-10,  2.86257e-09,  6.78163e-10,
00:04:30,    270353,  1054.6882,  8.21886e-09,  9.77175e-10,  3.36594e-09,  6.79502e-09,  2.93475e-10,  4.89125e-10,  2.51319e-09,  3.39081e-10,
00:04:30,    270916,  1056.8038,  7.99652e-09,  8.79350e-10,  3.80072e-09,  6.70186e-09,  1.95650e-10,  4.89125e-10,  2.72282e-09,  3.39081e-10,
00:04:31,    271479,  1058.9194,  7.99652e-09,  9.77175e-10,  3.47463e-09,  6.42235e-09,  2.93475e-10,  6.84775e-10,  2.51319e-09,  1.69541e-10,
00:04:32,    272042,  1061.2995,  8.21886e-09,  5.86950e-10,  3.90941e-09,  6.70186e-09,  2.93475e-10,  2.93475e-10,  2.58307e-09,  3.39081e-10,
00:04:32,    272605,  1063.8117,  8.66352e-09,  8.79350e-10,  3.69202e-09,  6.51552e-09,  3.91300e-10,  5.86950e-10,  2.79269e-09,  5.08622e-10,
00:04:33,    273168,  1065.7951,  7.55186e-09,  7.81525e-10,  3.69202e-09,  6.51552e-09,  9.78250e-11,  4.89125e-10,  2.86257e-09,  3.39081e-10,
00:04:33,    273731,  1068.1752,  8.44118e-09,  8.79350e-10,  3.58333e-09,  6.23602e-09,  3.91300e-10,  4.89125e-10,  2.86180e-09,  3.39081e-10,
00:04:34,    274294,  1070.2908,  8.44118e-09,  7.81525e-10,  3.36594e-09,  6.70186e-09,  2.93475e-10,  4.89125e-10,  2.65294e-09,  3.39081e-10,
00:04:34,    274857,  1072.2742,  7.55186e-09,  6.84775e-10,  3.69202e-09,  6.42235e-09,  1.95650e-10,  3.91300e-10,  2.72282e-09,  5.08622e-10,
00:04:35,    275420,  1074.7866,  8.21886e-09,  1.07500e-09,  3.58333e-09,  6.60869e-09,  1.95650e-10,  4.89125e-10,  2.58307e-09,  1.69541e-10,
00:04:35,    275983,  1077.0344,  8.44118e-09,  8.79350e-10,  3.80072e-09,  6.51552e-09,  4.89125e-10,  4.89125e-10,  2.72282e-09,  3.39081e-10,
00:04:36,    276546,  1079.4145,  7.77420e-09,  8.79350e-10,  3.58333e-09,  6.60869e-09,  2.93475e-10,  4.89125e-10,  2.65294e-09,  1.69541e-10,
00:04:37,    277109,  1081.7945,  8.21886e-09,  7.81525e-10,  3.69202e-09,  6.60869e-09,  2.93475e-10,  4.89125e-10,  2.86257e-09,  3.39081e-10,
00:04:37,    277672,  1084.0423,  8.21886e-09,  9.77175e-10,  3.47463e-09,  6.60869e-09,  2.93475e-10,  3.91300e-10,  2.72282e-09,  3.39081e-10,
00:04:38,    278235,  1086.1580,  8.44118e-09,  8.79350e-10,  3.80072e-09,  6.60869e-09,  3.91300e-10,  6.84775e-10,  2.86180e-09,  3.39081e-10,
00:04:38,    278798,  1088.4058,  8.44118e-09,  1.07500e-09,  4.01811e-09,  6.79400e-09,  3.91300e-10,  6.84775e-10,  2.72282e-09,  1.69541e-10,
00:04:39,    279361,  1090.5214,  7.77420e-09,  8.79350e-10,  3.80072e-09,  6.51552e-09,  3.91300e-10,  5.86950e-10,  2.51319e-09,  3.39081e-10,
00:04:39,    279924,  1092.9016,  7.99652e-09,  9.77175e-10,  3.69202e-09,  6.70186e-09,  1.95650e-10,  3.91300e-10,  2.72282e-09,  5.08622e-10,
00:04:40,    280487,  1095.2816,  7.77420e-09,  8.79350e-10,  3.69202e-09,  6.60869e-09,  1.95650e-10,  5.86950e-10,  2.65294e-09,  3.39081e-10,
00:04:41,    281050,  1097.5295,  8.21886e-09,  7.81525e-10,  3.69202e-09,  6.79502e-09,  4.89125e-10,  5.86950e-10,  2.58307e-09,  0.00000e+00,
00:04:41,    281613,  1099.6451,  7.99652e-09,  1.07500e-09,  3.90941e-09,  6.60869e-09,  2.93475e-10,  5.86950e-10,  2.79193e-09,  0.00000e+00,
00:04:42,    282176,  1102.0251,  8.21886e-09,  9.77175e-10,  4.01811e-09,  6.60869e-09,  2.93475e-10,  3.91300e-10,  2.72282e-09,  3.39081e-10,
00:04:42,    282739,  1104.0085,  7.99652e-09,  9.77175e-10,  3.47463e-09,  7.16667e-09,  3.91300e-10,  3.91300e-10,  2.51319e-09,  3.39081e-10,
00:04:43,    283302,  1106.2564,  7.55186e-09,  9.77175e-10,  3.90941e-09,  6.51552e-09,  2.93475e-10,  6.84775e-10,  2.86180e-09,  3.39081e-10,
00:04:43,    283865,  1108.6364,  9.32807e-09,  8.79350e-10,  3.80072e-09,  6.60869e-09,  2.93475e-10,  4.89125e-10,  2.79269e-09,  3.39081e-10,
00:04:44,    284428,  1111.0166,  7.77420e-09,  8.79350e-10,  3.58333e-09,  6.51552e-09,  3.91300e-10,  4.89125e-10,  2.72282e-09,  1.69541e-10,
00:04:44,    284991,  1113.1322,  8.66107e-09,  7.81525e-10,  3.58333e-09,  6.51552e-09,  3.91300e-10,  5.86950e-10,  2.65294e-09,  3.39081e-10,
00:04:45,    285554,  1115.3800,  8.66352e-09,  9.77175e-10,  3.58333e-09,  6.42235e-09,  2.93475e-10,  6.84775e-10,  2.79269e-09,  5.08622e-10,
00:04:46,    286117,  1117.6278,  8.21886e-09,  7.81525e-10,  3.80072e-09,  6.98033e-09,  1.95650e-10,  4.89125e-10,  2.79193e-09,  1.69541e-10,
00:04:46,    286680,  1119.7435,  9.10573e-09,  9.77175e-10,  3.80072e-09,  7.07350e-09,  3.91300e-10,  4.89125e-10,  2.79269e-09,  3.39081e-10,
00:04:47,    287243,  1122.2557,  8.21886e-09,  8.79350e-10,  3.90941e-09,  6.51552e-09,  4.89125e-10,  5.86950e-10,  2.86180e-09,  3.39081e-10,
00:04:47,    287806,  1124.5036,  8.21886e-09,  8.79350e-10,  3.80072e-09,  6.98033e-09,  2.93475e-10,  4.89125e-10,  2.72282e-09,  5.08622e-10,
00:04:48,    288369,  1126.7514,  7.77420e-09,  8.79350e-10,  3.80072e-09,  6.98033e-09,  3.91300e-10,  4.89125e-10,  2.86180e-09,  5.08622e-10,
00:04:48,    288932,  1129.1316,  8.44118e-09,  9.77175e-10,  3.80072e-09,  6.98033e-09,  3.91300e-10,  5.86950e-10,  2.79193e-09,  5.08622e-10,
00:04:49,    289495,  1131.3794,  7.99652e-09,  8.79350e-10,  3.90941e-09,  6.88716e-09,  1.95650e-10,  4.89125e-10,  3.00155e-09,  5.08622e-10,
00:04:50,    290058,  1133.4950,  8.66352e-09,  7.81525e-10,  3.47463e-09,  7.25983e-09,  2.93475e-10,  4.89125e-10,  2.65294e-09,  3.39081e-10,
00:04:50,    290621,  1135.6106,  8.88584e-09,  8.79350e-10,  3.90941e-09,  7.25983e-09,  2.93475e-10,  5.86950e-10,  2.79269e-09,  5.08622e-10,
00:04:51,    291184,  1138.1229,  8.44118e-09,  7.81525e-10,  4.01811e-09,  6.60869e-09,  2.93475e-10,  5.86950e-10,  2.79193e-09,  3.39081e-10,
00:04:51,    291747,  1140.1063,  7.99652e-09,  1.07500e-09,  4.23550e-09,  6.79502e-09,  4.89125e-10,  4.89125e-10,  2.86180e-09,  3.39081e-10,
00:04:52,    292310,  1142.3541,  8.21886e-09,  8.79350e-10,  3.58333e-09,  7.07350e-09,  2.93475e-10,  3.91300e-10,  2.86257e-09,  3.39081e-10,
00:04:52,    292873,  1144.6020,  7.99652e-09,  7.81525e-10,  3.69202e-09,  7.07350e-09,  2.93475e-10,  4.89125e-10,  2.86180e-09,  3.39081e-10,
00:04:53,    293436,  1146.9820,  7.77420e-09,  1.07500e-09,  3.58333e-09,  6.98033e-09,  2.93475e-10,  5.86950e-10,  2.86180e-09,  3.39081e-10,
00:04:53,    293999,  1149.2298,  8.21886e-09,  8.79350e-10,  4.01811e-09,  7.16667e-09,  2.93475e-10,  4.89125e-10,  2.86180e-09,  3.39081e-10,
00:04:54,    294562,  1151.4778,  8.66352e-09,  9.77175e-10,  3.80072e-09,  7.25983e-09,  3.91300e-10,  6.84775e-10,  2.79269e-09,  3.39081e-10,
00:04:55,    295125,  1153.8578,  7.99652e-09,  9.77175e-10,  3.58333e-09,  7.44617e-09,  1.95650e-10,  4.89125e-10,  2.79269e-09,  1.69541e-10,
00:04:55,    295688,  1155.9735,  8.66352e-09,  8.79350e-10,  3.80072e-09,  7.16667e-09,  3.91300e-10,  5.86950e-10,  2.79269e-09,  5.08622e-10,
00:04:56,    296251,  1158.0891,  8.44118e-09,  1.17282e-09,  3.90941e-09,  7.16667e-09,  4.89125e-10,  5.86950e-10,  2.86180e-09,  5.08622e-10,
00:04:56,    296814,  1160.3369,  7.55186e-09,  8.79350e-10,  4.01811e-09,  7.63250e-09,  4.89125e-10,  4.89125e-10,  2.86180e-09,  5.08622e-10,
00:04:57,    297377,  1162.7170,  8.44118e-09,  9.77175e-10,  4.01811e-09,  7.35300e-09,  2.93475e-10,  4.89125e-10,  2.86257e-09,  3.39081e-10,
00:04:57,    297940,  1164.8326,  8.21886e-09,  9.77175e-10,  4.23550e-09,  7.35300e-09,  2.93475e-10,  4.89125e-10,  2.79193e-09,  3.39081e-10,
00:04:58,    298503,  1167.4771,  7.99652e-09,  1.17282e-09,  4.01811e-09,  7.44617e-09,  2.93475e-10,  4.89125e-10,  2.72282e-09,  1.69541e-10,
00:04:59,    299066,  1169.5927,  7.32955e-09,  9.77175e-10,  4.23550e-09,  7.25983e-09,  4.89125e-10,  5.86950e-10,  2.86180e-09,  5.08622e-10,
00:04:59,    299629,  1171.9728,  8.21886e-09,  8.79350e-10,  4.12680e-09,  7.63250e-09,  3.91300e-10,  4.89125e-10,  2.65294e-09,  3.39081e-10,
00:05:00,    300192,  1174.0884,  7.77420e-09,  9.77175e-10,  4.12680e-09,  8.09731e-09,  3.91300e-10,  6.84775e-10,  2.79269e-09,  3.39081e-10,
00:05:00,    300755,  1176.0718,  8.21886e-09,  1.36847e-09,  4.45169e-09,  7.72567e-09,  3.91300e-10,  5.86950e-10,  2.86180e-09,  3.39081e-10,
00:05:01,    301318,  1178.4519,  8.21886e-09,  8.79350e-10,  4.12680e-09,  7.91097e-09,  2.93475e-10,  5.86950e-10,  2.72282e-09,  5.08622e-10,
00:05:01,    301881,  1180.8319,  7.77420e-09,  9.77175e-10,  3.80072e-09,  8.09731e-09,  4.89125e-10,  4.89125e-10,  3.00155e-09,  1.69541e-10,
00:05:02,    302444,  1182.9476,  7.77420e-09,  7.81525e-10,  3.90941e-09,  8.09731e-09,  2.93475e-10,  5.86950e-10,  2.86180e-09,  3.39081e-10,
00:05:03,    303007,  1185.4598,  7.77420e-09,  9.77175e-10,  4.01811e-09,  8.19048e-09,  2.93475e-10,  4.89125e-10,  2.86180e-09,  3.39081e-10,
00:05:03,    303570,  1187.8399,  9.32807e-09,  1.07500e-09,  4.01811e-09,  8.46998e-09,  2.93475e-10,  6.84775e-10,  2.93168e-09,  0.00000e+00,
00:05:04,    304133,  1189.8233,  8.21886e-09,  9.77175e-10,  4.45169e-09,  8.65631e-09,  1.95650e-10,  5.86950e-10,  3.07143e-09,  3.39081e-10,
00:05:04,    304696,  1191.9389,  7.77420e-09,  9.77175e-10,  4.34419e-09,  9.02795e-09,  4.89125e-10,  7.81525e-10,  3.07143e-09,  1.69541e-10,
00:05:05,    305259,  1194.5834,  7.99652e-09,  8.79350e-10,  4.12680e-09,  8.93479e-09,  1.95650e-10,  3.91300e-10,  3.00155e-09,  3.39081e-10,
00:05:05,    305822,  1196.6990,  7.99652e-09,  9.77175e-10,  4.34300e-09,  8.84162e-09,  2.93475e-10,  3.91300e-10,  2.86180e-09,  3.39081e-10,
00:05:06,    306385,  1198.8146,  8.44118e-09,  9.77175e-10,  4.45169e-09,  9.40062e-09,  3.91300e-10,  4.89125e-10,  3.07143e-09,  0.00000e+00,
00:05:06,    306948,  1201.1948,  8.21886e-09,  9.77175e-10,  4.23550e-09,  8.74948e-09,  3.91300e-10,  5.86950e-10,  2.86180e-09,  1.69541e-10,
