Fri, Oct 20, 2017	10:25 AM
 x = amu	 y = amps
0.000	157.777
0.060	155.141
0.120	154.555
0.180	155.574
0.240	155.790
0.300	155.688
0.360	155.969
0.420	155.306
0.480	154.746
0.540	155.230
0.600	155.446
0.660	154.657
0.720	154.695
0.780	154.058
0.840	154.746
0.900	154.249
0.960	155.103
1.020	154.988
1.080	155.090
1.140	155.077
1.200	154.797
1.260	155.268
1.320	154.555
1.380	154.861
1.440	154.364
1.500	155.370
1.560	153.956
1.620	154.962
1.680	155.829
1.740	154.237
1.800	155.510
1.860	154.224
1.920	154.377
1.980	154.682
2.040	154.479
2.100	154.606
2.160	153.702
2.220	154.402
2.280	154.835
2.340	154.886
2.400	154.924
2.460	154.950
2.520	153.472
2.580	153.842
2.640	154.644
2.700	155.663
0.000	106.844
0.060	2623.503
0.120	2095.029
0.180	3018.091
0.240	3152.078
0.300	3034.801
0.360	2973.360
0.420	3077.787
0.480	3097.286
0.540	3052.517
0.600	2966.712
0.660	3099.426
0.720	2989.281
0.780	2947.021
0.840	3073.316
0.900	3034.011
0.960	3210.984
1.020	3076.640
1.080	2020.801
1.140	1343.617
1.200	1034.618
1.260	858.256
1.320	533.553
1.380	135.794
1.440	136.609
1.500	147.257
1.560	170.030
1.620	194.904
1.680	295.369
1.740	849.761
1.800	2691.885
1.860	4325.334
1.920	4100.842
1.980	4404.148
2.040	4160.729
2.100	4452.253
2.160	3816.717
2.220	2240.467
2.280	332.496
2.340	110.614
2.400	105.112
2.460	103.112
2.520	103.151
2.580	103.877
2.640	103.813
2.700	105.902
2.760	106.768
2.820	106.959
2.880	107.264
2.940	107.901
3.000	107.112
3.060	108.131
3.120	107.010
3.180	106.246
3.240	105.787
3.300	107.812
3.360	110.589
3.420	120.994
3.480	150.505
3.540	201.769
3.600	893.689
3.660	1062.384
3.720	1099.599
3.780	1147.157
3.840	1167.880
3.900	1214.189
3.960	995.046
4.020	1036.388
4.080	877.005
4.140	565.293
4.200	148.620
4.260	105.507
4.320	103.545
4.380	102.870
4.440	102.170
4.500	102.437
4.560	101.788
4.620	101.750
4.680	103.112
4.740	102.769
4.800	103.112
4.860	103.520
4.920	103.367
4.980	103.393
5.040	102.998
5.100	101.533
5.160	102.437
5.220	102.068
5.280	102.667
5.340	103.444
5.400	104.182
5.460	104.068
5.520	109.774
5.580	112.537
5.640	113.225
5.700	112.639
5.760	114.359
5.820	112.143
5.880	111.251
5.940	110.563
6.000	110.780
6.060	110.882
6.120	108.500
6.180	103.838
6.240	102.374
6.300	102.794
6.360	103.036
6.420	103.100
6.480	104.246
6.540	106.602
6.600	106.093
6.660	106.831
6.720	106.093
6.780	106.449
6.840	106.411
6.900	105.150
6.960	106.220
7.020	104.768
7.080	103.775
7.140	103.609
7.200	103.393
7.260	103.291
7.320	101.520
7.380	104.080
7.440	104.794
7.500	107.990
7.560	106.615
7.620	107.647
7.680	109.239
7.740	109.468
7.800	107.494
7.860	108.500
7.920	105.863
7.980	108.997
8.040	106.589
8.100	106.997
8.160	103.202
8.220	105.125
8.280	103.915
8.340	104.654
8.400	104.310
8.460	104.131
8.520	103.520
8.580	102.845
8.640	102.539
8.700	102.412
8.760	102.756
8.820	103.125
8.880	103.686
8.940	103.011
9.000	102.297
9.060	103.902
9.120	103.011
9.180	103.482
9.240	102.552
9.300	103.749
9.360	103.049
9.420	102.730
9.480	103.354
9.540	102.756
9.600	102.896
9.660	102.934
9.720	103.800
9.780	102.743
9.840	102.616
9.900	102.819
9.960	102.590
10.020	103.469
10.080	102.628
10.140	102.527
10.200	103.342
10.260	102.412
10.320	103.393
10.380	103.176
10.440	103.380
10.500	102.960
10.560	102.476
10.620	102.909
10.680	102.883
10.740	103.367
10.800	103.660
10.860	104.361
10.920	103.902
10.980	104.717
11.040	106.118
11.100	105.825
11.160	109.659
11.220	116.269
11.280	124.892
11.340	167.189
11.400	471.107
11.460	635.445
11.520	789.543
11.580	829.969
11.640	884.010
11.700	905.496
11.760	892.428
11.820	859.543
11.880	762.427
11.940	760.504
12.000	615.691
12.060	484.085
12.120	380.780
12.180	110.385
12.240	107.863
12.300	110.117
12.360	127.414
12.420	157.166
12.480	277.551
12.540	316.499
12.600	325.580
12.660	338.176
12.720	339.106
12.780	330.229
12.840	314.920
12.900	303.036
12.960	301.839
13.020	258.230
13.080	268.686
13.140	167.915
13.200	115.887
13.260	120.014
13.320	135.922
13.380	164.948
13.440	458.217
13.500	723.250
13.560	781.367
13.620	843.711
13.680	869.592
13.740	865.325
13.800	838.044
13.860	829.676
13.920	736.967
13.980	746.927
14.040	668.012
14.100	599.414
14.160	445.468
14.220	115.913
14.280	120.549
14.340	132.521
14.400	195.197
14.460	691.829
14.520	933.478
14.580	1157.869
14.640	1259.149
14.700	1268.052
14.760	1282.215
14.820	1211.693
14.880	1201.517
14.940	1060.600
15.000	1053.366
15.060	917.226
15.120	734.102
15.180	585.480
15.240	127.261
15.300	133.693
15.360	188.740
15.420	555.116
15.480	1065.797
15.540	1646.337
15.600	1923.992
15.660	1969.091
15.720	2027.335
15.780	2049.064
15.840	1907.485
15.900	1733.429
15.960	1658.386
16.020	1612.063
16.080	1381.495
16.140	1256.449
16.200	432.986
16.260	148.798
16.320	151.167
16.380	287.498
16.440	634.923
16.500	2073.505
16.560	2527.903
16.620	2698.622
16.680	2784.721
16.740	2902.991
16.800	2686.077
16.860	2576.391
16.920	2488.280
16.980	2234.060
17.040	2064.398
17.100	1947.478
17.160	1237.522
17.220	167.342
17.280	178.066
17.340	331.069
17.400	667.948
17.460	3409.826
17.520	5323.197
17.580	5567.215
17.640	5816.620
17.700	6294.797
17.760	6130.102
17.820	5520.064
17.880	5692.618
17.940	5075.180
18.000	5096.959
18.060	4465.868
18.120	3774.865
18.180	1341.363
18.240	144.315
18.300	111.073
18.360	109.748
18.420	111.850
18.480	131.438
18.540	138.138
18.600	144.086
18.660	140.838
18.720	150.785
18.780	145.754
18.840	143.716
18.900	140.125
18.960	137.144
19.020	138.571
19.080	136.367
19.140	128.738
19.200	124.395
19.260	107.863
19.320	107.379
19.380	112.448
19.440	155.383
19.500	197.286
19.560	207.908
19.620	211.818
19.680	224.262
19.740	218.072
19.800	207.577
19.860	217.065
19.920	202.711
19.980	200.037
20.040	201.196
20.100	181.735
20.160	177.608
20.220	134.584
20.280	103.915
20.340	104.424
20.400	104.806
20.460	104.730
20.520	105.380
20.580	105.532
20.640	105.774
20.700	105.889
20.760	105.150
20.820	104.539
20.880	105.481
20.940	103.953
21.000	106.246
21.060	105.609
21.120	105.532
21.180	104.004
21.240	104.386
21.300	103.915
21.360	104.271
21.420	104.246
21.480	106.182
21.540	108.882
21.600	107.698
21.660	110.843
21.720	112.385
21.780	110.818
21.840	112.830
21.900	110.538
21.960	111.862
22.020	109.965
22.080	111.175
22.140	108.666
22.200	107.799
22.260	105.863
22.320	102.539
22.380	103.889
22.440	103.660
22.500	103.978
22.560	103.125
22.620	104.080
22.680	104.717
22.740	102.985
22.800	103.558
22.860	103.023
22.920	102.972
22.980	104.450
23.040	103.902
23.100	103.354
23.160	105.188
23.220	104.704
23.280	104.462
23.340	104.220
23.400	105.800
23.460	111.391
23.520	127.808
23.580	183.607
23.640	200.050
23.700	205.131
23.760	212.480
23.820	215.346
23.880	208.379
23.940	199.082
24.000	208.417
24.060	190.217
24.120	199.464
24.180	183.505
24.240	167.890
24.300	133.998
24.360	109.226
24.420	107.927
24.480	109.659
24.540	127.923
24.600	227.127
24.660	265.999
24.720	284.123
24.780	300.667
24.840	313.378
24.900	302.731
24.960	282.633
25.020	286.110
25.080	267.884
25.140	268.482
25.200	266.419
25.260	253.976
25.320	213.690
25.380	140.991
25.440	121.058
25.500	130.559
25.560	225.548
25.620	415.805
25.680	648.436
25.740	744.495
25.800	740.763
25.860	810.508
25.920	777.151
25.980	731.873
26.040	737.286
26.100	713.660
26.160	651.773
26.220	617.945
26.280	559.625
26.340	457.555
26.400	131.706
26.460	125.019
26.520	167.381
26.580	245.710
26.640	875.247
26.700	1326.881
26.760	1407.376
26.820	1539.274
26.880	1618.189
26.940	1625.398
27.000	1457.277
27.060	1450.782
27.120	1426.837
27.180	1378.209
27.240	1409.465
27.300	1234.988
27.360	946.456
27.420	669.209
27.480	343.003
27.540	1016.800
27.600	2644.072
27.660	10759.980
27.720	13344.702
27.780	15540.517
27.840	16081.153
27.900	17131.758
27.960	16224.617
28.020	14790.938
28.080	15485.992
28.140	13693.872
28.200	13668.373
28.260	13147.554
28.320	12340.624
28.380	9651.628
28.440	3261.752
28.500	149.550
28.560	167.623
28.620	429.675
28.680	845.558
28.740	1768.021
28.800	1957.590
28.860	2059.648
28.920	2237.869
28.980	2114.771
29.040	1997.812
29.100	1986.362
29.160	1969.906
29.220	1831.741
29.280	1624.023
29.340	1632.123
29.400	944.762
29.460	167.011
29.520	122.548
29.580	170.488
29.640	297.089
29.700	790.333
29.760	1014.533
29.820	1080.125
29.880	1116.259
29.940	1223.856
30.000	1129.963
30.060	1056.627
30.120	1031.498
30.180	958.212
30.240	986.347
30.300	829.931
30.360	711.953
30.420	351.562
30.480	141.704
30.540	124.166
30.600	198.394
30.660	341.080
30.720	652.983
30.780	741.247
30.840	773.253
30.900	849.023
30.960	858.104
31.020	751.003
31.080	782.589
31.140	751.347
31.200	719.187
31.260	755.257
31.320	651.531
31.380	471.323
31.440	338.074
31.500	115.671
31.560	146.646
31.620	225.497
31.680	501.419
31.740	601.643
31.800	645.978
31.860	698.019
31.920	716.895
31.980	683.181
32.040	637.114
32.100	637.839
32.160	600.254
32.220	612.214
32.280	543.386
32.340	492.351
32.400	366.388
32.460	129.057
32.520	106.207
32.580	105.940
32.640	110.780
32.700	113.658
32.760	114.804
32.820	117.696
32.880	119.109
32.940	118.753
33.000	117.033
33.060	117.657
33.120	116.498
33.180	114.804
33.240	116.791
33.300	113.913
33.360	113.951
33.420	109.799
33.480	105.176
33.540	104.794
33.600	106.411
33.660	110.143
33.720	110.232
33.780	110.856
33.840	110.894
33.900	112.041
33.960	110.232
34.020	110.818
34.080	111.251
34.140	109.264
34.200	110.334
34.260	109.825
34.320	110.614
34.380	108.258
34.440	105.711
34.500	104.233
34.560	104.093
34.620	104.386
34.680	105.303
34.740	105.061
34.800	105.239
34.860	105.596
34.920	106.564
34.980	105.532
35.040	104.717
35.100	105.010
35.160	105.571
35.220	105.698
35.280	105.303
35.340	105.456
35.400	105.354
35.460	104.526
35.520	107.659
35.580	116.422
35.640	139.793
35.700	205.488
35.760	252.778
35.820	251.900
35.880	263.770
35.940	265.986
36.000	257.516
36.060	249.467
36.120	250.995
36.180	235.011
36.240	239.341
36.300	213.958
36.360	204.176
36.420	173.825
36.480	108.997
36.540	112.728
36.600	127.414
36.660	244.232
36.720	372.781
36.780	419.537
36.840	442.526
36.900	449.455
36.960	481.258
37.020	435.623
37.080	436.947
37.140	436.756
37.200	426.313
37.260	439.991
37.320	381.722
37.380	367.712
37.440	236.157
37.500	114.384
37.560	114.715
37.620	144.837
37.680	340.660
37.740	423.867
37.800	522.103
37.860	537.706
37.920	570.082
37.980	577.405
38.040	550.722
38.100	532.407
38.160	514.411
38.220	503.954
38.280	494.796
38.340	471.489
38.400	384.320
38.460	185.084
38.520	120.307
38.580	137.093
38.640	298.031
38.700	538.304
38.760	864.153
38.820	1025.817
38.880	1058.155
38.940	1127.339
39.000	1189.035
39.060	1096.899
39.120	1080.227
39.180	1102.351
39.240	1017.004
39.300	906.528
39.360	937.872
39.420	591.492
39.480	429.357
39.540	132.954
39.600	224.440
39.660	413.742
39.720	663.414
39.780	809.298
39.840	850.729
39.900	890.110
39.960	922.092
40.020	862.829
40.080	856.652
40.140	834.809
40.200	825.396
40.260	714.042
40.320	774.718
40.380	564.427
40.440	451.594
40.500	157.573
40.560	120.982
40.620	125.580
40.680	166.272
40.740	300.706
40.800	338.291
40.860	392.217
40.920	407.641
40.980	419.626
41.040	422.479
41.100	403.769
41.160	399.884
41.220	378.780
41.280	390.523
41.340	345.143
41.400	318.511
41.460	268.533
41.520	143.423
41.580	113.875
41.640	120.638
41.700	199.655
41.760	252.944
41.820	314.410
41.880	337.234
41.940	346.531
42.000	357.510
42.060	356.682
42.120	344.124
42.180	342.023
42.240	330.993
42.300	331.643
42.360	308.972
42.420	282.416
42.480	172.475
42.540	132.674
42.600	110.933
42.660	127.898
42.720	165.024
42.780	270.699
42.840	336.533
42.900	359.714
42.960	370.934
43.020	399.846
43.080	379.901
43.140	372.514
43.200	380.283
43.260	352.734
43.320	359.981
43.380	323.033
43.440	300.375
43.500	201.833
43.560	161.738
43.620	173.876
43.680	293.102
43.740	1269.618
43.800	2012.968
43.860	2283.529
43.920	2398.017
43.980	2638.201
44.040	2718.491
44.100	2374.760
44.160	2429.132
44.220	2352.115
44.280	2478.626
44.340	2238.187
44.400	2186.222
44.460	1195.811
44.520	736.738
44.580	111.506
44.640	108.793
44.700	119.504
44.760	174.742
44.820	198.954
44.880	235.877
44.940	237.991
45.000	243.774
45.060	262.827
45.120	253.785
45.180	252.422
45.240	243.277
45.300	236.743
45.360	234.451
45.420	219.613
45.480	194.012
45.540	139.615
45.600	118.205
45.660	105.430
45.720	106.946
45.780	111.149
45.840	119.861
45.900	126.497
45.960	130.598
46.020	130.445
46.080	134.138
46.140	131.540
46.200	131.769
46.260	134.037
46.320	130.878
46.380	129.260
46.440	128.649
46.500	127.019
46.560	113.531
46.620	110.207
46.680	105.341
46.740	105.991
46.800	111.289
46.860	116.613
46.920	120.268
46.980	121.033
47.040	124.306
47.100	123.707
47.160	121.033
47.220	121.071
47.280	121.784
47.340	122.179
47.400	122.306
47.460	121.364
47.520	115.021
47.580	111.442
47.640	108.971
47.700	108.041
47.760	119.950
47.820	157.943
47.880	176.347
47.940	196.623
48.000	207.118
48.060	208.965
48.120	219.358
48.180	212.684
48.240	209.755
48.300	210.442
48.360	204.596
48.420	195.324
48.480	192.994
48.540	173.558
48.600	135.323
48.660	109.735
48.720	107.761
48.780	115.276
48.840	139.653
48.900	220.555
48.960	285.626
49.020	302.221
49.080	319.823
49.140	348.276
49.200	339.908
49.260	323.478
49.320	334.394
49.380	303.903
49.440	315.493
49.500	277.818
49.560	270.520
49.620	181.416
49.680	150.301
49.740	113.263
49.800	120.791
49.860	202.699
49.920	499.802
49.980	623.689
50.040	758.161
50.100	845.036
50.160	901.599
50.220	899.574
50.280	873.604
50.340	880.443
50.400	811.106
50.460	850.182
50.520	738.929
50.580	655.250
50.640	447.060
50.700	231.267
50.760	147.270
50.820	125.872
50.880	238.514
50.940	389.593
51.000	689.397
51.060	863.861
51.120	913.762
51.180	1034.160
51.240	1081.768
51.300	1038.719
51.360	1057.939
51.420	999.249
51.480	1065.899
51.540	865.746
51.600	954.187
51.660	530.038
51.720	257.746
51.780	185.313
51.840	119.657
51.900	133.603
51.960	313.811
52.020	607.234
52.080	716.678
52.140	838.133
52.200	962.861
52.260	997.861
52.320	966.809
52.380	968.694
52.440	960.861
52.500	970.465
52.560	998.676
52.620	842.107
52.680	660.625
52.740	437.763
52.800	232.413
52.860	148.174
52.920	169.584
52.980	551.410
53.040	895.842
53.100	1455.723
53.160	1789.189
53.220	1878.306
53.280	2130.131
53.340	2176.186
53.400	2059.533
53.460	2124.170
53.520	2023.374
53.580	2136.155
53.640	1768.238
53.700	1624.379
53.760	770.324
53.820	346.340
53.880	168.183
53.940	112.588
54.000	122.969
54.060	177.697
54.120	228.452
54.180	251.683
54.240	281.945
54.300	304.374
54.360	304.960
54.420	298.464
54.480	301.712
54.540	290.389
54.600	302.323
54.660	278.200
54.720	263.490
54.780	183.046
54.840	153.485
54.900	116.256
54.960	110.156
55.020	127.503
55.080	211.181
55.140	261.210
55.200	346.175
55.260	380.805
55.320	403.451
55.380	424.147
55.440	414.073
55.500	427.102
55.560	397.350
55.620	412.264
55.680	362.337
55.740	345.130
55.800	260.688
55.860	171.749
55.920	142.481
55.980	106.882
56.040	107.201
56.100	111.518
56.160	123.542
56.220	132.037
56.280	138.660
56.340	139.157
56.400	146.556
56.460	147.563
56.520	145.805
56.580	147.423
56.640	145.130
56.700	144.009
56.760	144.264
56.820	132.839
56.880	117.326
56.940	115.441
57.000	106.895
57.060	105.494
57.120	105.991
57.180	115.403
57.240	120.294
57.300	127.808
57.360	132.432
57.420	131.298
57.480	133.629
57.540	135.055
57.600	135.692
57.660	131.476
57.720	132.559
57.780	132.266
57.840	122.803
57.900	115.874
57.960	109.430
58.020	108.041
58.080	106.029
58.140	106.666
58.200	108.997
58.260	113.747
58.320	115.645
58.380	116.384
58.440	116.193
58.500	117.441
58.560	117.033
58.620	116.231
58.680	116.651
58.740	117.288
58.800	114.932
58.860	114.690
58.920	108.411
58.980	104.794
59.040	105.813
59.100	104.654
59.160	105.825
59.220	107.481
59.280	107.748
59.340	110.665
59.400	110.143
59.460	111.276
59.520	111.926
59.580	110.461
59.640	110.525
59.700	110.130
59.760	109.532
59.820	110.856
59.880	107.354
59.940	106.653
60.000	106.946
60.060	107.596
60.120	108.373
60.180	116.804
60.240	161.789
60.300	170.144
60.360	188.332
60.420	205.806
60.480	212.226
60.540	210.315
60.600	208.392
60.660	202.610
60.720	216.467
60.780	193.758
60.840	193.962
60.900	146.416
60.960	137.488
61.020	116.244
61.080	107.799
61.140	111.850
61.200	149.078
61.260	176.462
61.320	214.302
61.380	247.773
61.440	255.364
61.500	265.107
61.560	270.189
61.620	264.840
61.680	257.860
61.740	266.789
61.800	237.189
61.860	222.173
61.920	177.824
61.980	142.544
62.040	108.640
62.100	110.894
62.160	121.415
62.220	145.588
62.280	225.943
62.340	282.034
62.400	302.056
62.460	337.323
62.520	363.840
62.580	363.815
62.640	370.718
62.700	355.358
62.760	378.500
62.820	334.954
62.880	326.166
62.940	205.221
63.000	155.816
63.060	125.872
63.120	112.996
63.180	119.428
63.240	187.797
63.300	366.910
63.360	428.898
63.420	538.648
63.480	617.359
63.540	655.365
63.600	670.063
63.660	690.645
63.720	627.230
63.780	696.911
63.840	585.454
63.900	559.256
63.960	319.505
64.020	257.924
64.080	167.495
64.140	108.283
64.200	116.677
64.260	155.587
64.320	207.500
64.380	280.200
64.440	325.988
64.500	354.046
64.560	376.055
64.620	386.868
64.680	380.423
64.740	377.035
64.800	370.336
64.860	360.134
64.920	310.818
64.980	239.622
65.040	171.380
65.100	120.701
65.160	108.283
65.220	117.008
65.280	135.616
65.340	277.806
65.400	423.077
65.460	472.660
65.520	561.918
65.580	639.572
65.640	669.184
65.700	691.345
65.760	675.718
65.820	648.041
65.880	596.026
65.940	644.895
66.000	357.217
66.060	236.425
66.120	193.554
66.180	106.819
66.240	107.417
66.300	119.835
66.360	168.183
66.420	186.320
66.480	232.311
66.540	267.897
66.600	278.366
66.660	294.146
66.720	296.031
66.780	284.772
66.840	297.394
66.900	286.072
66.960	270.011
67.020	181.938
67.080	158.732
67.140	127.923
67.200	106.488
67.260	107.061
67.320	118.434
67.380	136.902
67.440	182.206
67.500	211.296
67.560	220.619
67.620	241.519
67.680	252.091
67.740	253.173
67.800	247.123
67.860	248.639
67.920	238.896
67.980	221.778
68.040	179.913
68.100	143.385
68.160	119.186
68.220	105.380
68.280	106.564
68.340	109.506
68.400	116.779
68.460	122.956
68.520	126.000
68.580	131.515
68.640	134.482
68.700	137.055
68.760	136.826
68.820	137.042
68.880	135.552
68.940	132.355
69.000	130.203
69.060	115.887
69.120	109.837
69.180	108.946
69.240	105.863
69.300	108.602
69.360	125.490
69.420	150.874
69.480	160.923
69.540	178.601
69.600	192.255
69.660	194.191
69.720	203.603
69.780	192.408
69.840	198.929
69.900	194.165
69.960	184.282
70.020	146.022
70.080	129.311
70.140	118.536
70.200	105.571
70.260	106.169
70.320	105.800
70.380	107.914
70.440	108.602
70.500	112.894
70.560	114.868
70.620	116.855
70.680	117.301
70.740	116.460
70.800	118.727
70.860	116.358
70.920	118.893
70.980	117.556
71.040	113.442
71.100	110.856
71.160	108.449
71.220	105.443
71.280	105.532
71.340	105.099
71.400	105.838
71.460	107.787
71.520	110.117
71.580	111.289
71.640	113.225
71.700	111.888
71.760	110.856
71.820	113.811
71.880	112.907
71.940	112.461
72.000	111.913
72.060	110.168
72.120	107.201
72.180	106.309
72.240	106.055
72.300	105.405
72.360	106.462
72.420	107.647
72.480	110.054
72.540	111.302
72.600	113.569
72.660	113.200
72.720	113.556
72.780	114.066
72.840	113.493
72.900	112.525
72.960	112.576
73.020	113.531
73.080	109.391
73.140	108.232
73.200	107.557
73.260	105.456
73.320	105.876
73.380	107.978
73.440	113.442
73.500	116.830
73.560	122.217
73.620	128.331
73.680	126.777
73.740	128.089
73.800	128.407
73.860	130.088
73.920	128.560
73.980	129.910
74.040	120.052
74.100	112.767
74.160	110.843
74.220	105.851
74.280	106.195
74.340	107.761
74.400	121.071
74.460	130.903
74.520	147.410
74.580	162.350
74.640	165.878
74.700	178.996
74.760	180.767
74.820	183.620
74.880	185.454
74.940	175.736
75.000	176.080
75.060	139.462
75.120	131.043
75.180	121.886
75.240	107.379
75.300	106.449
75.360	108.092
75.420	111.748
75.480	116.511
75.540	126.305
75.600	129.693
75.660	135.425
75.720	138.800
75.780	139.602
75.840	137.310
75.900	141.233
75.960	136.775
76.020	135.488
76.080	120.842
76.140	114.613
76.200	110.092
76.260	106.360
76.320	105.583
76.380	107.010
76.440	108.500
76.500	118.383
76.560	123.860
76.620	130.203
76.680	137.246
76.740	139.641
76.800	142.977
76.860	138.673
76.920	140.723
76.980	138.240
77.040	141.602
77.100	124.994
77.160	117.148
77.220	115.263
77.280	107.150
77.340	109.646
77.400	114.384
77.460	156.211
77.520	260.013
77.580	305.482
77.640	395.452
77.700	416.416
77.760	482.952
77.820	526.676
77.880	530.255
77.940	514.869
78.000	489.982
78.060	526.141
78.120	315.060
78.180	261.796
78.240	203.323
78.300	108.156
78.360	106.144
78.420	107.468
78.480	117.403
78.540	130.661
78.600	149.855
78.660	160.516
78.720	180.550
