0000000409,scans,0000000146,DataLength
"header",0000000028,"lines"
"Date",5/9/2016,"Time",12:30:32 AM
"ID","HAL RC RGA 301 #14852","Version",3
"Scans",9
"Scan ID","Mode","Input","Scanned","Start","Stop","Increment","Dwell","Settle","RS","RelSEM"
"Scan 1","RGA","Temperature","none",0.40,0.40,0.01,10.000,10.000,1.000000,1.000000,
"Scan 2","RGA","SEM","mass",2.00,2.00,0.01,10.000,10.000,0.440000,1.000000,
"Scan 3","RGA","SEM","mass",14.00,14.00,0.01,10.000,10.000,1.000000,1.000000,
"Scan 4","RGA","SEM","mass",18.00,18.00,0.01,10.000,10.000,0.900000,1.000000,
"Scan 5","RGA","SEM","mass",28.00,28.00,0.01,10.000,10.000,1.050000,1.000000,
"Scan 6","RGA","SEM","mass",29.00,29.00,0.01,10.000,10.000,1.000000,1.000000,
"Scan 7","RGA","SEM","mass",43.00,43.00,0.01,10.000,10.000,1.000000,1.000000,
"Scan 8","RGA","SEM","mass",44.00,44.00,0.01,10.000,10.000,1.400000,1.000000,
"Scan 9","RGA","SEM","mass",60.00,60.00,0.01,10.000,10.000,0.577000,1.000000,
"Environment",
"Global","RGA"
"F1",1,"( 1 = on, 0 = off )"
"F2",0,"( 1 = on, 0 = off )"
"cage",3.3,"V"
"delta-m",0,"%"
"electron-energy",70.0,"V"
"emission",1000.000,"uA"
"focus",-90,"V"
"mass",5.50,"amu"
"mode-change-delay",1000,"ms"
"multiplier",1100,"V"
"resolution",0,"%"
"Data",9
"Time","ms","Temperature","Hydrogen","Ketene","Water","Carbon monoxide","Acetaldehyde","Acetic acid","Carbon dioxide","Acetic acid",
00:00:01,      1241,   170.4918,  0.00000e+00,  0.00000e+00,  1.19444e-10,  1.02381e-10, -2.15000e-10, -1.07500e-10,  3.83929e-10,  0.00000e+00,
00:00:01,      1906,   170.6241,  3.63545e-09,  1.13348e-08,  1.25966e-08,  1.07858e-08,  4.17530e-09,  1.86942e-09,  8.07171e-09,  6.68847e-10,
00:00:02,      2571,   170.4918,  1.00879e-08,  2.89175e-08,  1.40944e-08,  4.05429e-08,  3.06590e-09,  1.29107e-09,  9.06071e-08,  1.64697e-10,
00:00:03,      3236,   170.3596,  9.22057e-09,  2.17150e-08,  1.03917e-08,  3.18405e-08,  2.50475e-09,  1.02017e-09,  6.59589e-08,  1.10481e-10,
00:00:03,      3901,   170.4918,  7.32466e-09,  1.62325e-08,  8.48056e-09,  2.68238e-08,  1.87265e-09,  8.56775e-10,  5.06018e-08,  1.32279e-10,
00:00:04,      4566,   170.7563,  8.05273e-09,  1.29000e-08,  7.09978e-09,  2.23190e-08,  1.54262e-09,  3.09062e-10,  4.03125e-08,  9.52036e-11,
00:00:05,      5231,   170.6241,  7.07789e-09,  1.09650e-08,  6.10241e-09,  1.99643e-08,  1.19110e-09,  2.58645e-10,  3.34786e-08,  1.32279e-10,
00:00:05,      5896,   170.6241,  6.79693e-09,  9.03000e-09,  5.78230e-09,  1.86333e-08,  1.11692e-09,  2.33275e-10,  2.89482e-08,  1.09736e-10,
00:00:06,      6561,   170.6241,  6.80182e-09,  8.17000e-09,  5.04772e-09,  1.70976e-08,  1.13412e-09,  2.29942e-10,  2.48786e-08,  1.03401e-10,
00:00:07,      7226,   170.4918,  6.82136e-09,  7.52070e-09,  5.00711e-09,  1.50500e-08,  1.01265e-09,  2.31232e-10,  2.26518e-08,  9.59489e-11,
00:00:07,      7891,   170.6241,  6.76516e-09,  6.25865e-09,  4.79808e-09,  1.40262e-08,  9.05150e-10,  2.05647e-10,  1.97339e-08,  1.05264e-10,
00:00:08,      8556,   170.4918,  7.39061e-09,  6.16835e-09,  4.54367e-09,  1.39238e-08,  8.82575e-10,  1.85760e-10,  1.76607e-08,  1.10295e-10,
00:00:09,      9221,   170.4918,  5.82698e-09,  5.45777e-09,  4.18533e-09,  1.34119e-08,  3.00892e-10,  1.68237e-10,  1.65857e-08,  9.27816e-11,
00:00:09,      9926,   170.6241,  6.85800e-09,  4.46340e-09,  4.21639e-09,  1.26952e-08,  2.98205e-10,  1.59207e-10,  1.56643e-08,  9.78120e-11,
00:00:10,     10631,   170.4918,  6.64789e-09,  4.28817e-09,  3.90344e-09,  1.17738e-08,  2.65095e-10,  1.71785e-10,  1.34375e-08,  1.03215e-10,
00:00:11,     11336,   170.4918,  6.64789e-09,  4.14627e-09,  3.94406e-09,  1.18762e-08,  2.50690e-10,  1.96295e-10,  1.29768e-08,  1.21101e-10,
00:00:12,     12041,   170.6241,  7.20982e-09,  4.07747e-09,  3.67530e-09,  1.06476e-08,  2.65095e-10,  1.83287e-10,  1.22089e-08,  1.00420e-10,
00:00:12,     12726,   170.6241,  7.89880e-09,  3.65715e-09,  3.89628e-09,  1.07500e-08,  2.28652e-10,  1.53940e-10,  1.15946e-08,  1.00793e-10,
00:00:13,     13431,   170.4918,  5.78057e-09,  3.66145e-09,  3.79713e-09,  1.09548e-08,  2.36607e-10,  1.39320e-10,  1.01357e-08,  1.16070e-10,
00:00:14,     14136,   170.4918,  6.59414e-09,  3.41850e-09,  3.63708e-09,  1.01357e-08,  2.23492e-10,  1.50285e-10,  1.00589e-08,  8.21620e-11,
00:00:14,     14841,   170.3596,  7.60318e-09,  2.95625e-09,  3.83058e-09,  9.82857e-09,  2.10377e-10,  1.56520e-10,  9.98214e-09,  1.11226e-10,
00:00:15,     15546,   170.4918,  6.81402e-09,  2.81005e-09,  3.60961e-09,  9.41905e-09,  2.10055e-10,  1.74687e-10,  9.06071e-09,  9.46447e-11,
00:00:16,     16251,   170.3596,  6.71630e-09,  2.94765e-09,  3.63947e-09,  9.41905e-09,  2.08227e-10,  1.48457e-10,  8.90714e-09,  7.80633e-11,
00:00:16,     16956,   170.3596,  6.58682e-09,  2.76812e-09,  3.63111e-09,  8.70238e-09,  2.00165e-10,  1.72215e-10,  8.44643e-09,  7.91811e-11,
00:00:17,     17661,   170.4918,  7.05102e-09,  2.73910e-09,  3.22500e-09,  9.11190e-09,  1.70387e-10,  1.54047e-10,  8.13929e-09,  1.04705e-10,
00:00:18,     18366,   170.4918,  6.47443e-09,  2.30265e-09,  3.55228e-09,  9.00952e-09,  1.63615e-10,  1.54692e-10,  7.75536e-09,  9.16638e-11,
00:00:19,     19071,   170.4918,  6.57948e-09,  2.57140e-09,  3.21663e-09,  8.70238e-09,  1.74365e-10,  1.41900e-10,  7.52500e-09,  9.98614e-11,
00:00:19,     19776,   170.6241,  6.56482e-09,  2.25212e-09,  3.31458e-09,  8.49762e-09,  1.81997e-10,  1.53295e-10,  7.37143e-09,  6.61395e-11,
00:00:20,     20481,   170.7563,  6.47686e-09,  2.44347e-09,  3.79952e-09,  7.98470e-09,  1.70495e-10,  1.66195e-10,  6.98750e-09,  8.64471e-11,
00:00:21,     21186,   170.6241,  6.09084e-09,  2.09302e-09,  3.43163e-09,  8.34711e-09,  1.61787e-10,  1.71570e-10,  6.75714e-09,  7.04246e-11,
00:00:21,     21871,   170.6241,  6.19345e-09,  2.08872e-09,  3.28711e-09,  8.69931e-09,  1.40932e-10,  1.40825e-10,  6.45000e-09,  9.46447e-11,
00:00:22,     22576,   170.6241,  6.22766e-09,  2.02745e-09,  3.17483e-09,  8.28262e-09,  1.73397e-10,  1.25130e-10,  6.14286e-09,  6.33449e-11,
00:00:23,     23261,   170.6241,  6.55505e-09,  1.88662e-09,  3.20350e-09,  8.20789e-09,  1.55875e-10,  1.55230e-10,  6.18816e-09,  8.64471e-11,
00:00:23,     23966,   170.4918,  6.16170e-09,  1.74902e-09,  3.14497e-09,  7.70110e-09,  1.35342e-10,  1.39965e-10,  6.15284e-09,  8.83102e-11,
00:00:24,     24671,   170.4918,  6.00045e-09,  1.77697e-09,  3.16647e-09,  7.46971e-09,  1.32440e-10,  1.49317e-10,  5.92939e-09,  9.98614e-11,
00:00:25,     25376,   170.4918,  7.36618e-09,  1.80170e-09,  3.35878e-09,  8.15465e-09,  1.61680e-10,  1.59852e-10,  5.90943e-09,  8.58882e-11,
00:00:26,     26081,   170.7563,  6.35470e-09,  1.68345e-09,  3.16886e-09,  7.52602e-09,  1.38890e-10,  1.53940e-10,  5.57541e-09,  1.18679e-10,
00:00:26,     26786,   170.7563,  6.60148e-09,  1.79310e-09,  3.38744e-09,  7.53216e-09,  1.33837e-10,  1.29322e-10,  5.36732e-09,  1.00607e-10,
00:00:27,     27491,   170.4918,  6.37670e-09,  1.71892e-09,  3.46389e-09,  7.41750e-09,  1.30182e-10,  1.30397e-10,  5.37269e-09,  7.65728e-11,
00:00:28,     28196,   170.7563,  6.68698e-09,  1.58885e-09,  3.30383e-09,  7.20762e-09,  1.16315e-10,  1.66947e-10,  5.36809e-09,  9.78120e-11,
00:00:28,     28901,   170.6241,  6.34982e-09,  1.59745e-09,  3.16169e-09,  7.46562e-09,  1.44802e-10,  1.55767e-10,  5.15155e-09,  8.42114e-11,
00:00:29,     29606,   170.6241,  6.38159e-09,  1.56627e-09,  3.08763e-09,  6.90764e-09,  1.55875e-10,  1.58132e-10,  4.95191e-09,  9.14775e-11,
00:00:30,     30311,   170.6241,  6.38648e-09,  1.53080e-09,  3.43163e-09,  7.16154e-09,  1.41900e-10,  1.44265e-10,  4.86821e-09,  7.88085e-11,
00:00:31,     31016,   170.6241,  6.34250e-09,  1.53940e-09,  3.31339e-09,  7.04892e-09,  1.60605e-10,  1.60712e-10,  5.05173e-09,  9.18501e-11,
00:00:31,     31721,   170.6241,  5.95648e-09,  1.48780e-09,  3.27636e-09,  6.80833e-09,  1.50715e-10,  1.35987e-10,  4.97801e-09,  8.96144e-11,
00:00:32,     32426,   170.6241,  6.81402e-09,  1.52757e-09,  2.85830e-09,  6.89843e-09,  1.09112e-10,  1.30720e-10,  4.77914e-09,  1.10854e-10,
00:00:33,     33131,   170.4918,  6.66255e-09,  1.47490e-09,  3.23933e-09,  7.17792e-09,  1.19540e-10,  1.49747e-10,  4.71387e-09,  1.00793e-10,
00:00:33,     33836,   170.2274,  6.01023e-09,  1.32547e-09,  3.02313e-09,  6.79297e-09,  1.28462e-10,  1.26312e-10,  4.74382e-09,  8.21620e-11,
00:00:34,     34541,   170.2274,  6.25698e-09,  1.65765e-09,  3.35878e-09,  7.00081e-09,  1.30505e-10,  1.45662e-10,  4.74305e-09,  1.17747e-10,
00:00:35,     35246,   170.4918,  5.71459e-09,  1.15885e-09,  2.82247e-09,  6.77762e-09,  1.42545e-10,  1.58777e-10,  4.62096e-09,  1.05078e-10,
00:00:35,     35951,   170.4918,  6.05420e-09,  1.27172e-09,  3.11391e-09,  7.04892e-09,  1.30182e-10,  1.45662e-10,  4.49196e-09,  1.03401e-10,
00:00:36,     36656,   170.3596,  5.94914e-09,  1.22442e-09,  3.08286e-09,  6.61176e-09,  1.28892e-10,  1.48565e-10,  4.49657e-09,  8.01127e-11,
00:00:37,     37361,   170.7563,  5.96380e-09,  1.19540e-09,  3.01478e-09,  6.22373e-09,  1.28140e-10,  1.13735e-10,  4.51884e-09,  1.03401e-10,
00:00:38,     38066,   170.4918,  5.88561e-09,  1.13735e-09,  3.03389e-09,  6.71311e-09,  1.01050e-10,  1.20077e-10,  4.49119e-09,  1.09177e-10,
00:00:38,     38731,   170.4918,  6.36693e-09,  1.25345e-09,  2.74722e-09,  6.64554e-09,  1.03845e-10,  1.06640e-10,  4.21323e-09,  1.01724e-10,
00:00:39,     39396,   170.4918,  6.07375e-09,  1.31795e-09,  3.10794e-09,  6.20530e-09,  1.32440e-10,  1.36847e-10,  4.05429e-09,  8.73787e-11,
00:00:40,     40101,   170.4918,  6.29118e-09,  1.19862e-09,  2.78186e-09,  6.25035e-09,  1.25882e-10,  1.47920e-10,  4.35221e-09,  1.04333e-10,
00:00:40,     40806,   170.4918,  5.92470e-09,  1.23087e-09,  3.08286e-09,  6.29950e-09,  1.00082e-10,  1.28140e-10,  4.14566e-09,  9.01733e-11,
00:00:41,     41471,   170.7563,  6.20568e-09,  1.25345e-09,  2.76274e-09,  6.57388e-09,  1.25775e-10,  1.53080e-10,  4.00284e-09,  8.17894e-11,
00:00:42,     42176,   170.3596,  5.99068e-09,  1.26205e-09,  3.13900e-09,  6.43259e-09,  1.11370e-10,  1.58347e-10,  3.90301e-09,  1.05264e-10,
00:00:42,     42881,   170.3596,  6.52084e-09,  1.21475e-09,  3.04344e-09,  6.25957e-09,  1.14380e-10,  1.22657e-10,  3.89457e-09,  1.23895e-10,
00:00:43,     43546,   170.4918,  6.71630e-09,  1.22550e-09,  2.80097e-09,  6.31997e-09,  1.09112e-10,  1.27925e-10,  4.31075e-09,  1.00420e-10,
00:00:44,     44211,   170.4918,  6.98016e-09,  1.19325e-09,  2.85591e-09,  6.37526e-09,  1.31365e-10,  1.48350e-10,  3.90762e-09,  9.76256e-11,
00:00:44,     44916,   170.3596,  6.40357e-09,  1.05672e-09,  3.34802e-09,  6.36810e-09,  1.02662e-10,  1.23840e-10,  4.04354e-09,  1.15511e-10,
00:00:45,     45581,   170.4918,  6.06398e-09,  1.26527e-09,  2.94669e-09,  6.29643e-09,  1.25882e-10,  1.34052e-10,  4.07348e-09,  8.94281e-11,
00:00:46,     46246,   170.4918,  6.07618e-09,  1.04705e-09,  2.91683e-09,  6.16129e-09,  1.18465e-10,  1.12015e-10,  3.84005e-09,  7.30329e-11,
00:00:46,     46911,   170.6241,  6.33516e-09,  1.18680e-09,  2.92878e-09,  6.17357e-09,  9.89000e-11,  1.36740e-10,  3.83468e-09,  9.91161e-11,
00:00:47,     47576,   170.6241,  6.40114e-09,  1.03200e-09,  2.89056e-09,  6.08143e-09,  1.08467e-10,  1.43297e-10,  3.99209e-09,  9.46447e-11,
00:00:48,     48241,   170.4918,  5.88318e-09,  1.11907e-09,  3.03150e-09,  6.25854e-09,  1.14702e-10,  1.48135e-10,  3.78323e-09,  9.72530e-11,
00:00:48,     48946,   170.4918,  6.60148e-09,  1.16315e-09,  2.97774e-09,  7.51067e-09,  1.38245e-10,  1.40180e-10,  3.74868e-09,  1.23150e-10,
00:00:49,     49651,   170.2274,  6.10307e-09,  1.09220e-09,  3.15452e-09,  7.04381e-09,  1.18142e-10,  1.71140e-10,  3.97980e-09,  1.09549e-10,
00:00:50,     50356,   170.3596,  6.51841e-09,  1.16637e-09,  3.06972e-09,  6.31383e-09,  1.21260e-10,  1.35880e-10,  4.14950e-09,  9.44584e-11,
00:00:51,     51001,   170.4918,  6.31561e-09,  9.70725e-10,  3.00163e-09,  6.41007e-09,  1.07930e-10,  1.36417e-10,  3.84389e-09,  9.16638e-11,
00:00:51,     51666,   170.2274,  5.76834e-09,  1.08790e-09,  2.69467e-09,  6.11726e-09,  1.10832e-10,  1.42330e-10,  3.73179e-09,  9.98614e-11,
00:00:52,     52331,   170.3596,  6.25698e-09,  9.68575e-10,  2.88219e-09,  5.96983e-09,  9.35250e-11,  1.19647e-10,  3.80704e-09,  9.89298e-11,
00:00:52,     52996,   170.3596,  5.93693e-09,  1.00297e-09,  3.05061e-09,  5.93911e-09,  9.59975e-11,  1.17282e-10,  3.77018e-09,  1.17188e-10,
00:00:53,     53661,   170.3596,  6.32050e-09,  1.13520e-09,  2.81411e-09,  6.10088e-09,  1.11262e-10,  1.25022e-10,  3.57207e-09,  1.05078e-10,
00:00:54,     54306,   170.2274,  6.88489e-09,  9.67500e-10,  2.97536e-09,  5.94424e-09,  1.07500e-10,  1.28677e-10,  3.66114e-09,  7.41508e-11,
00:00:54,     54951,   170.3596,  6.45000e-09,  1.13950e-09,  3.31339e-09,  5.81933e-09,  1.18465e-10,  1.50070e-10,  3.58436e-09,  8.40251e-11,
00:00:55,     55656,   170.3596,  6.29852e-09,  9.50300e-10,  2.69586e-09,  5.50810e-09,  9.94375e-11,  1.32870e-10,  3.67036e-09,  1.09736e-10,
00:00:56,     56321,   170.4918,  6.07864e-09,  9.07300e-10,  2.99806e-09,  5.43233e-09,  9.96525e-11,  1.40180e-10,  3.66191e-09,  8.84965e-11,
00:00:57,     57006,   170.4918,  6.11039e-09,  1.17497e-09,  3.05897e-09,  5.79886e-09,  1.14165e-10,  1.17282e-10,  3.78093e-09,  1.01538e-10,
00:00:57,     57671,   170.3596,  6.24477e-09,  1.00405e-09,  2.92997e-09,  5.59205e-09,  1.21475e-10,  1.58347e-10,  3.70875e-09,  1.08804e-10,
00:00:58,     58336,   170.4918,  6.55261e-09,  9.87925e-10,  2.79261e-09,  5.55621e-09,  9.67500e-11,  1.69957e-10,  3.71105e-09,  8.32799e-11,
00:00:59,     59001,   170.6241,  6.36448e-09,  1.00835e-09,  3.12228e-09,  6.05481e-09,  1.09972e-10,  1.22227e-10,  3.48914e-09,  8.27210e-11,
00:00:59,     59666,   170.8885,  5.80743e-09,  1.05135e-09,  2.99208e-09,  5.98724e-09,  1.08897e-10,  1.30935e-10,  3.64962e-09,  9.50173e-11,
00:01:00,     60331,   170.7563,  6.36693e-09,  1.06102e-09,  2.84397e-09,  5.77019e-09,  9.57825e-11,  1.33085e-10,  3.60509e-09,  7.89948e-11,
00:01:00,     60996,   170.6241,  6.25943e-09,  1.02770e-09,  3.16647e-09,  5.88076e-09,  1.18250e-10,  1.42115e-10,  3.55825e-09,  9.11049e-11,
00:01:01,     61661,   170.6241,  6.13970e-09,  9.80400e-10,  2.91206e-09,  5.72514e-09,  1.12122e-10,  1.43297e-10,  3.66882e-09,  8.86828e-11,
00:01:02,     62326,   170.6241,  6.45243e-09,  1.05887e-09,  3.21902e-09,  5.58590e-09,  1.12875e-10,  1.17067e-10,  3.57437e-09,  7.73180e-11,
00:01:02,     62991,   170.4918,  6.19834e-09,  1.07285e-09,  2.94669e-09,  5.35043e-09,  9.08375e-11,  1.46200e-10,  3.27491e-09,  8.47704e-11,
00:01:03,     63636,   170.6241,  6.43534e-09,  1.06210e-09,  2.85591e-09,  5.46919e-09,  1.00835e-10,  1.37170e-10,  3.37780e-09,  9.42721e-11,
00:01:04,     64301,   170.6241,  6.26432e-09,  9.93300e-10,  2.98133e-09,  5.72310e-09,  1.03952e-10,  1.11047e-10,  3.70721e-09,  1.03588e-10,
00:01:04,     64966,   170.7563,  5.24550e-09,  1.00512e-09,  2.89652e-09,  5.15590e-09,  1.22442e-10,  1.39535e-10,  3.42157e-09,  9.79983e-11,
00:01:05,     65671,   170.7563,  6.61368e-09,  9.37400e-10,  3.07569e-09,  5.60330e-09,  1.01910e-10,  1.33192e-10,  3.28643e-09,  1.09922e-10,
00:01:06,     66336,   170.4918,  6.49152e-09,  1.11047e-09,  3.07569e-09,  5.85516e-09,  1.51790e-10,  4.10865e-10,  3.39239e-09,  3.00329e-10,
00:01:07,     67041,   170.7563,  6.29364e-09,  1.46630e-09,  4.23311e-09,  6.83700e-09,  2.69395e-10,  1.02952e-09,  4.19404e-09,  7.37782e-10,
00:01:07,     67746,   171.4174,  7.09255e-09,  2.10162e-09,  6.67694e-09,  7.68062e-09,  2.98420e-10,  3.10890e-09,  4.63325e-09,  9.40485e-10,
00:01:08,     68391,   172.0786,  6.98993e-09,  2.17042e-09,  7.70894e-09,  7.58233e-09,  3.76895e-10,  4.15810e-09,  5.45332e-09,  1.16331e-09,
00:01:09,     69056,   173.7975,  7.33932e-09,  2.80360e-09,  9.29039e-09,  7.37962e-09,  5.09442e-10,  6.75207e-09,  6.26034e-09,  1.76284e-09,
00:01:09,     69721,   176.7065,  6.20323e-09,  3.89257e-09,  1.13340e-08,  7.46562e-09,  8.03992e-10,  1.12273e-08,  7.81679e-09,  9.99731e-09,
00:01:10,     70386,   180.1443,  6.20568e-09,  5.73190e-09,  1.04669e-08,  8.53960e-09,  1.00577e-09,  1.66625e-08,  9.59821e-09,  1.43458e-08,
00:01:11,     71051,   184.9045,  6.41580e-09,  6.79722e-09,  9.27606e-09,  9.04127e-09,  1.07295e-09,  1.87050e-08,  1.15946e-08,  1.61399e-08,
00:01:11,     71716,   190.1935,  5.74148e-09,  7.65293e-09,  7.91917e-09,  9.83467e-09,  3.35292e-09,  1.96725e-08,  1.24393e-08,  1.60989e-08,
00:01:12,     72381,   195.6148,  6.40357e-09,  7.89050e-09,  6.66022e-09,  1.02155e-08,  3.35937e-09,  1.99950e-08,  1.39750e-08,  1.69354e-08,
00:01:13,     73046,   200.5072,  6.63568e-09,  8.64193e-09,  6.58497e-09,  1.05452e-08,  3.56577e-09,  2.09625e-08,  1.52804e-08,  1.92997e-08,
00:01:13,     73711,   205.0029,  6.63080e-09,  9.74918e-09,  6.28874e-09,  1.11595e-08,  4.27742e-09,  2.32200e-08,  1.65089e-08,  1.99350e-08,
00:01:14,     74376,   208.8374,  6.24966e-09,  1.01050e-08,  6.35922e-09,  1.16714e-08,  4.28387e-09,  2.47250e-08,  1.81214e-08,  2.14255e-08,
00:01:15,     75041,   211.7464,  6.31561e-09,  1.11542e-08,  6.26486e-09,  1.18762e-08,  4.71065e-09,  2.61225e-08,  1.95036e-08,  2.27296e-08,
00:01:15,     75706,   214.7876,  6.77250e-09,  1.13950e-08,  6.91941e-09,  1.23881e-08,  4.68055e-09,  2.66600e-08,  2.08089e-08,  2.36612e-08,
00:01:16,     76371,   217.0354,  6.71875e-09,  1.19325e-08,  6.34967e-09,  1.26952e-08,  4.52897e-09,  2.64450e-08,  2.17304e-08,  2.40338e-08,
00:01:17,     77036,   219.1511,  6.28630e-09,  1.32225e-08,  6.98391e-09,  1.29000e-08,  4.63325e-09,  2.61225e-08,  2.20375e-08,  2.40338e-08,
00:01:17,     77701,   220.7378,  7.28557e-09,  1.30075e-08,  6.68889e-09,  1.35143e-08,  4.60100e-09,  2.60150e-08,  2.30357e-08,  2.27296e-08,
00:01:18,     78366,   222.7212,  6.78470e-09,  1.21475e-08,  6.57661e-09,  1.35143e-08,  4.38815e-09,  2.45100e-08,  2.31125e-08,  2.17981e-08,
00:01:19,     79031,   224.7046,  6.79448e-09,  1.19325e-08,  6.92061e-09,  1.32071e-08,  4.29892e-09,  2.38650e-08,  2.34964e-08,  2.04939e-08,
00:01:19,     79676,   226.4235,  6.91664e-09,  1.22550e-08,  6.87880e-09,  1.35143e-08,  4.51070e-09,  2.23600e-08,  2.34196e-08,  1.91898e-08,
00:01:20,     80341,   228.5391,  6.18368e-09,  1.16100e-08,  7.06156e-09,  1.37190e-08,  4.18497e-09,  2.04250e-08,  2.26518e-08,  1.69541e-08,
00:01:21,     81006,   230.7870,  6.68698e-09,  1.06425e-08,  6.90747e-09,  1.30024e-08,  3.30347e-09,  1.63400e-08,  2.18839e-08,  1.36005e-08,
00:01:21,     81671,   233.5637,  6.35716e-09,  9.24500e-09,  6.44402e-09,  1.25929e-08,  2.79285e-09,  1.19325e-08,  2.04250e-08,  1.00979e-08,
00:01:22,     82336,   236.0760,  6.51107e-09,  7.95500e-09,  5.57806e-09,  1.17738e-08,  2.10915e-09,  8.38500e-09,  1.88125e-08,  6.27114e-09,
00:01:23,     83001,   239.1172,  7.21470e-09,  7.32935e-09,  5.18269e-09,  1.12619e-08,  1.68022e-09,  6.07267e-09,  1.73536e-08,  4.92412e-09,
00:01:23,     83666,   242.1584,  7.12186e-09,  6.28660e-09,  5.57208e-09,  1.10571e-08,  1.51790e-09,  4.66442e-09,  1.58179e-08,  3.57340e-09,
00:01:24,     84331,   245.1996,  6.40845e-09,  5.65235e-09,  4.79689e-09,  1.03405e-08,  1.48457e-09,  4.04845e-09,  1.46661e-08,  3.25295e-09,
00:01:24,     84996,   248.3730,  6.72364e-09,  5.44057e-09,  4.80524e-09,  9.82857e-09,  1.29967e-09,  3.79260e-09,  1.32839e-08,  2.95671e-09,
00:01:25,     85661,   251.2820,  6.46709e-09,  4.78697e-09,  4.70491e-09,  9.72619e-09,  1.19540e-09,  3.28735e-09,  1.25929e-08,  2.65676e-09,
00:01:26,     86326,   254.1910,  6.58682e-09,  4.51930e-09,  4.46124e-09,  9.62381e-09,  1.01695e-09,  3.27552e-09,  1.15179e-08,  2.43877e-09,
00:01:26,     86991,   256.9678,  7.48345e-09,  4.32150e-09,  4.55322e-09,  9.11190e-09,  1.02662e-09,  2.64772e-09,  1.16714e-08,  2.03262e-09,
00:01:27,     87656,   259.8767,  7.31243e-09,  3.79797e-09,  4.85302e-09,  8.70238e-09,  1.11585e-09,  2.67460e-09,  1.09036e-08,  1.95809e-09,
00:01:28,     88321,   262.5213,  6.88732e-09,  3.99792e-09,  3.96317e-09,  8.80476e-09,  1.00620e-09,  2.53055e-09,  1.03661e-08,  2.05125e-09,
00:01:28,     88986,   265.1658,  6.97527e-09,  3.91192e-09,  4.38958e-09,  8.19048e-09,  1.07715e-09,  2.39725e-09,  9.82857e-09,  1.65069e-09,
00:01:29,     89651,   267.6781,  7.71800e-09,  3.84957e-09,  3.95600e-09,  8.69112e-09,  8.75050e-10,  2.30587e-09,  9.44464e-09,  2.04567e-09,
00:01:30,     90316,   270.3226,  6.82136e-09,  3.31530e-09,  4.23789e-09,  8.82933e-09,  3.48407e-10,  2.28867e-09,  9.29107e-09,  1.91153e-09,
00:01:30,     90981,   272.5704,  7.45659e-09,  3.07342e-09,  4.06947e-09,  8.29081e-09,  3.71197e-10,  2.37037e-09,  8.90714e-09,  1.44389e-09,
00:01:31,     91646,   275.2150,  7.62516e-09,  3.30240e-09,  4.18652e-09,  8.30821e-09,  2.89390e-10,  2.45745e-09,  8.60000e-09,  6.87291e-10,
00:01:32,     92311,   277.7273,  7.66914e-09,  3.32927e-09,  4.49947e-09,  8.22427e-09,  3.15512e-10,  2.04787e-09,  8.36964e-09,  6.61953e-10,
00:01:32,     92976,   280.5040,  8.94448e-09,  3.07880e-09,  4.04678e-09,  8.32460e-09,  3.50557e-10,  2.11667e-09,  8.06250e-09,  5.85567e-10,
00:01:33,     93641,   283.0163,  9.68720e-09,  3.17447e-09,  3.85686e-09,  7.67243e-09,  2.68750e-10,  1.97262e-09,  7.75536e-09,  6.15936e-10,
00:01:34,     94306,   285.3964,  9.65057e-09,  3.07772e-09,  4.36211e-09,  7.77992e-09,  2.72620e-10,  2.15215e-09,  7.75536e-09,  5.62092e-10,
00:01:34,     94971,   287.9087,  9.70186e-09,  2.72620e-09,  3.80430e-09,  7.67754e-09,  2.85950e-10,  1.81460e-09,  7.52500e-09,  5.93392e-10,
00:01:35,     95616,   291.0821,  9.62614e-09,  2.86057e-09,  3.99661e-09,  7.63045e-09,  2.70792e-10,  1.72322e-09,  7.67857e-09,  5.97863e-10,
00:01:36,     96281,   293.8588,  9.61636e-09,  2.54452e-09,  3.87239e-09,  7.89971e-09,  2.74340e-10,  1.92640e-09,  7.67857e-09,  5.11231e-10,
00:01:36,     96946,   296.5034,  1.01319e-08,  2.58107e-09,  3.59528e-09,  7.45231e-09,  2.46067e-10,  1.75870e-09,  6.91071e-09,  4.55523e-10,
00:01:37,     97611,   299.1479,  1.03493e-08,  2.48217e-09,  4.07902e-09,  7.47381e-09,  2.55312e-10,  1.73397e-09,  6.68036e-09,  4.18076e-10,
00:01:38,     98276,   301.6602,  1.13925e-08,  2.56710e-09,  3.60124e-09,  7.50862e-09,  2.64020e-10,  1.46522e-09,  6.45000e-09,  4.24596e-10,
00:01:38,     98941,   304.5692,  1.18152e-08,  2.44347e-09,  3.97511e-09,  7.41648e-09,  2.52517e-10,  1.63400e-09,  6.83393e-09,  4.00191e-10,
00:01:39,     99606,   307.0815,  1.10505e-08,  2.12097e-09,  3.86283e-09,  6.91890e-09,  2.68857e-10,  1.37062e-09,  6.37321e-09,  4.13790e-10,
00:01:40,    100271,   309.9904,  1.08453e-08,  2.12850e-09,  3.73144e-09,  6.97214e-09,  2.30802e-10,  1.48565e-09,  6.46382e-09,  3.42620e-10,
00:01:40,    100916,   312.3705,  1.20937e-08,  2.25212e-09,  3.89150e-09,  7.29976e-09,  2.40155e-10,  1.34482e-09,  6.16974e-09,  3.61624e-10,
00:01:41,    101561,   315.0150,  1.24309e-08,  2.37467e-09,  3.81624e-09,  6.92914e-09,  2.32522e-10,  1.20185e-09,  6.28031e-09,  3.08527e-10,
00:01:42,    102226,   317.6596,  1.14854e-08,  2.18332e-09,  4.00497e-09,  7.26290e-09,  2.30802e-10,  1.27280e-09,  6.18049e-09,  3.18400e-10,
00:01:42,    102891,   320.4363,  1.19863e-08,  2.28437e-09,  3.78758e-09,  6.85952e-09,  2.14892e-10,  1.08575e-09,  6.20889e-09,  3.51563e-10,
00:01:43,    103556,   322.9486,  1.30099e-08,  2.13065e-09,  3.82700e-09,  6.82881e-09,  2.01240e-10,  1.28355e-09,  6.22118e-09,  3.54544e-10,
00:01:44,    104201,   325.3287,  1.34815e-08,  2.17150e-09,  3.91300e-09,  6.88000e-09,  1.92532e-10,  1.09972e-09,  5.91941e-09,  3.41875e-10,
00:01:44,    104866,   328.2377,  1.28169e-08,  1.85760e-09,  3.70278e-09,  6.81140e-09,  2.05325e-10,  1.17067e-09,  5.85261e-09,  3.02938e-10,
00:01:45,    105531,   331.0144,  1.19203e-08,  2.30910e-09,  4.01333e-09,  6.73973e-09,  2.10162e-10,  1.18572e-09,  5.72054e-09,  2.62135e-10,
00:01:46,    106196,   333.5267,  1.32030e-08,  1.77805e-09,  3.54869e-09,  6.69981e-09,  1.86835e-10,  1.20185e-09,  5.95243e-09,  3.26598e-10,
00:01:46,    106861,   336.0390,  1.31932e-08,  1.86082e-09,  3.70994e-09,  6.60050e-09,  2.02637e-10,  1.18465e-09,  5.85184e-09,  2.75922e-10,
00:01:47,    107526,   338.6835,  1.20766e-08,  1.96832e-09,  3.74936e-09,  6.80935e-09,  2.01777e-10,  1.21367e-09,  5.86720e-09,  2.64185e-10,
00:01:48,    108191,   341.5925,  1.33960e-08,  1.75547e-09,  3.55824e-09,  6.33840e-09,  1.71247e-10,  1.21582e-09,  6.16896e-09,  2.85237e-10,
00:01:48,    108856,   344.2370,  1.24798e-08,  1.75977e-09,  3.83774e-09,  6.69571e-09,  2.06507e-10,  9.79325e-10,  6.33482e-09,  2.78345e-10,
00:01:49,    109521,   347.0138,  1.31370e-08,  1.71462e-09,  3.58333e-09,  6.83495e-09,  1.72645e-10,  1.23947e-09,  6.35709e-09,  2.68842e-10,
00:01:50,    110186,   349.6583,  1.32005e-08,  1.49210e-09,  3.56422e-09,  6.92811e-09,  1.89307e-10,  1.08897e-09,  6.19968e-09,  2.41456e-10,
00:01:50,    110851,   352.1706,  1.33349e-08,  1.66840e-09,  3.73144e-09,  6.54829e-09,  1.93930e-10,  9.95450e-10,  6.57516e-09,  2.60272e-10,
00:01:51,    111516,   354.8151,  1.20033e-08,  1.73290e-09,  3.27874e-09,  6.50630e-09,  1.83610e-10,  9.08375e-10,  6.57593e-09,  1.85936e-10,
00:01:52,    112181,   357.7241,  1.35083e-08,  1.50715e-09,  3.47822e-09,  6.77864e-09,  1.80600e-10,  9.23425e-10,  7.06966e-09,  2.55615e-10,
00:01:52,    112826,   360.2364,  1.38308e-08,  1.63292e-09,  3.72786e-09,  6.45000e-09,  2.00272e-10,  1.01910e-09,  7.41443e-09,  2.56546e-10,
00:01:53,    113491,   362.7487,  1.30710e-08,  1.60175e-09,  3.46269e-09,  6.51450e-09,  1.73505e-10,  9.39550e-10,  6.66500e-09,  2.31395e-10,
00:01:54,    114136,   365.9221,  1.23649e-08,  1.66732e-09,  3.42686e-09,  6.65373e-09,  1.64797e-10,  7.19175e-10,  7.11574e-09,  1.90780e-10,
00:01:54,    114801,   368.1699,  1.35255e-08,  1.59745e-09,  3.51763e-09,  6.63224e-09,  1.58455e-10,  3.06375e-10,  7.22400e-09,  2.54870e-10,
00:01:55,    115486,   370.6822,  1.31467e-08,  1.40932e-09,  3.35041e-09,  6.72335e-09,  1.53187e-10,  3.42602e-10,  7.08271e-09,  1.78296e-10,
00:01:56,    116191,   373.7234,  1.32103e-08,  1.44587e-09,  3.53078e-09,  6.10497e-09,  1.78020e-10,  2.99495e-10,  6.64734e-09,  2.25619e-10,
00:01:56,    116876,   376.3680,  1.34204e-08,  1.58240e-09,  3.31458e-09,  6.86259e-09,  1.31042e-10,  3.16587e-10,  6.79938e-09,  2.10714e-10,
00:01:57,    117581,   379.2769,  1.19227e-08,  1.41470e-09,  3.32772e-09,  7.25881e-09,  1.86297e-10,  3.42387e-10,  6.31256e-09,  2.17049e-10,
00:01:58,    118286,   382.0537,  1.25262e-08,  1.45017e-09,  3.33369e-09,  6.78069e-09,  1.44802e-10,  3.14975e-10,  6.36784e-09,  2.03634e-10,
00:01:58,    118991,   384.8304,  1.24065e-08,  1.37062e-09,  3.41133e-09,  7.49224e-09,  1.91565e-10,  3.26047e-10,  6.20582e-09,  1.79042e-10,
00:01:59,    119696,   388.0039,  1.15074e-08,  1.55015e-09,  3.60483e-09,  7.10933e-09,  1.44587e-10,  3.04547e-10,  5.94782e-09,  2.08666e-10,
00:02:00,    120401,   390.5162,  1.16344e-08,  1.51360e-09,  3.43163e-09,  7.31921e-09,  1.67807e-10,  2.79822e-10,  5.88639e-09,  2.12577e-10,
00:02:01,    121106,   393.4252,  1.20278e-08,  1.31365e-09,  3.61917e-09,  7.53933e-09,  1.56735e-10,  2.79392e-10,  5.91404e-09,  2.04567e-10,
00:02:01,    121811,   396.3341,  1.06840e-08,  1.45232e-09,  3.45911e-09,  7.92736e-09,  1.57702e-10,  2.98527e-10,  6.01539e-09,  2.23756e-10,
00:02:02,    122516,   398.9787,  1.05692e-08,  1.33515e-09,  3.55347e-09,  7.73488e-09,  1.61250e-10,  3.03795e-10,  5.45332e-09,  2.57851e-10,
00:02:03,    123221,   402.0199,  1.05130e-08,  1.38352e-09,  3.64067e-09,  8.56724e-09,  1.94037e-10,  3.29272e-10,  5.66064e-09,  2.04567e-10,
00:02:03,    123926,   404.9288,  1.05155e-08,  1.30827e-09,  3.20828e-09,  8.42903e-09,  1.63507e-10,  2.88315e-10,  5.31894e-09,  1.90220e-10,
00:02:04,    124631,   407.8378,  1.04226e-08,  1.51790e-09,  3.70397e-09,  8.45052e-09,  1.53510e-10,  2.80575e-10,  5.70825e-09,  2.03449e-10,
00:02:05,    125336,   410.4823,  1.05179e-08,  1.26097e-09,  3.12586e-09,  9.27776e-09,  1.75332e-10,  3.04117e-10,  5.66832e-09,  2.05497e-10,
00:02:06,    126041,   413.1268,  1.10823e-08,  1.39642e-09,  4.07186e-09,  9.50095e-09,  1.81352e-10,  3.08310e-10,  5.35426e-09,  1.83700e-10,
00:02:06,    126746,   415.7713,  1.10847e-08,  1.32440e-09,  3.50569e-09,  1.00968e-08,  1.58885e-10,  2.95947e-10,  5.25598e-09,  2.07175e-10,
00:02:07,    127451,   418.8126,  1.07427e-08,  1.36632e-09,  3.62036e-09,  1.01244e-08,  1.69205e-10,  3.10675e-10,  5.21605e-09,  2.17608e-10,
00:02:08,    128136,   421.7216,  1.07769e-08,  1.30182e-09,  3.49494e-09,  1.01357e-08,  1.76300e-10,  2.73910e-10,  5.32969e-09,  2.45927e-10,
00:02:08,    128841,   424.3661,  9.86068e-09,  1.40072e-09,  3.44000e-09,  9.72619e-09,  1.79955e-10,  2.96270e-10,  5.60382e-09,  2.21147e-10,
00:02:09,    129546,   427.0106,  1.01661e-08,  1.17282e-09,  3.28591e-09,  1.00333e-08,  1.72215e-10,  3.06160e-10,  5.37346e-09,  1.90780e-10,
00:02:10,    130251,   429.9196,  1.10994e-08,  1.23410e-09,  3.32772e-09,  1.06476e-08,  1.48995e-10,  2.98742e-10,  5.38882e-09,  2.18726e-10,
00:02:10,    130936,   432.6963,  1.08795e-08,  1.28032e-09,  3.49972e-09,  1.06476e-08,  1.32010e-10,  3.32605e-10,  5.20684e-09,  1.93946e-10,
00:02:11,    131641,   435.4731,  9.71652e-09,  1.16100e-09,  3.33608e-09,  1.11595e-08,  1.61465e-10,  3.11965e-10,  5.29898e-09,  2.28972e-10,
00:02:12,    132346,   438.1176,  9.85580e-09,  1.41362e-09,  3.28950e-09,  1.09548e-08,  1.71140e-10,  3.14115e-10,  5.31587e-09,  1.88730e-10,
00:02:13,    133051,   441.4232,  9.87289e-09,  1.21905e-09,  3.57258e-09,  1.09548e-08,  1.68345e-10,  3.03257e-10,  5.53549e-09,  1.95437e-10,
00:02:13,    133756,   444.0678,  1.03811e-08,  1.20615e-09,  3.66574e-09,  1.19786e-08,  1.92962e-10,  3.07342e-10,  5.20069e-09,  1.86494e-10,
00:02:14,    134441,   446.8445,  1.04250e-08,  1.24485e-09,  3.26561e-09,  1.16714e-08,  1.68130e-10,  3.26370e-10,  5.05557e-09,  1.90780e-10,
00:02:15,    135146,   449.7535,  1.03689e-08,  1.19862e-09,  3.30383e-09,  1.18762e-08,  1.85760e-10,  2.91862e-10,  5.27748e-09,  2.20029e-10,
00:02:15,    135831,   452.1336,  1.05130e-08,  1.18895e-09,  3.75533e-09,  1.23881e-08,  1.65012e-10,  3.12502e-10,  5.40264e-09,  1.85376e-10,
00:02:16,    136516,   455.0425,  1.04568e-08,  1.38997e-09,  3.58930e-09,  1.17738e-08,  1.86620e-10,  3.43892e-10,  5.28439e-09,  1.82768e-10,
00:02:17,    137221,   457.9515,  1.00732e-08,  1.19325e-09,  3.35161e-09,  1.21833e-08,  2.23815e-10,  2.87240e-10,  5.12929e-09,  2.09224e-10,
00:02:17,    137926,   460.7283,  9.34273e-09,  1.21045e-09,  3.52719e-09,  1.23881e-08,  2.09840e-10,  3.13040e-10,  5.38268e-09,  2.06615e-10,
00:02:18,    138631,   463.5050,  9.81425e-09,  1.16530e-09,  3.60961e-09,  1.22857e-08,  1.89845e-10,  3.13470e-10,  4.91966e-09,  1.86681e-10,
00:02:19,    139336,   466.6784,  9.72875e-09,  1.18680e-09,  3.11391e-09,  1.23881e-08,  1.88662e-10,  3.24435e-10,  5.16000e-09,  1.93388e-10,
00:02:20,    140041,   469.3230,  1.05936e-08,  1.30827e-09,  3.20230e-09,  1.26952e-08,  1.75870e-10,  2.93690e-10,  5.28516e-09,  1.90593e-10,
00:02:20,    140746,   472.0997,  9.53084e-09,  1.15240e-09,  3.54869e-09,  1.15690e-08,  1.96080e-10,  2.86917e-10,  4.86591e-09,  2.30650e-10,
00:02:21,    141451,   475.0087,  8.56823e-09,  1.44480e-09,  3.54511e-09,  1.14667e-08,  1.81352e-10,  3.05300e-10,  5.10011e-09,  1.89289e-10,
00:02:22,    142156,   477.5210,  9.84602e-09,  1.34590e-09,  3.36356e-09,  1.11595e-08,  1.92210e-10,  3.13362e-10,  5.08782e-09,  1.70845e-10,
00:02:22,    142861,   480.4300,  9.20102e-09,  1.38137e-09,  3.39819e-09,  1.10571e-08,  1.91887e-10,  3.52922e-10,  4.86975e-09,  2.05870e-10,
00:02:23,    143566,   483.6034,  9.66034e-09,  1.27925e-09,  3.28352e-09,  1.08524e-08,  1.79740e-10,  3.19597e-10,  4.97648e-09,  2.18354e-10,
00:02:24,    144271,   486.1157,  9.34516e-09,  1.34912e-09,  3.66456e-09,  1.04429e-08,  1.73182e-10,  3.21532e-10,  5.25368e-09,  2.38847e-10,
00:02:24,    144976,   489.1569,  9.45755e-09,  1.28785e-09,  3.44358e-09,  1.05452e-08,  1.85652e-10,  3.19167e-10,  5.24830e-09,  2.38847e-10,
00:02:25,    145681,   491.8014,  9.44534e-09,  1.33192e-09,  3.33847e-09,  1.04429e-08,  1.73182e-10,  3.36475e-10,  5.09934e-09,  2.34003e-10,
00:02:26,    146386,   494.4459,  8.98114e-09,  1.13305e-09,  3.57378e-09,  1.02381e-08,  1.65872e-10,  3.02182e-10,  4.98032e-09,  2.32326e-10,
00:02:27,    147091,   497.6194,  9.26455e-09,  1.42545e-09,  3.31100e-09,  9.41905e-09,  1.81782e-10,  3.43785e-10,  5.04251e-09,  2.33071e-10,
00:02:27,    147796,   500.5283,  8.33614e-09,  1.38245e-09,  3.56302e-09,  9.82857e-09,  1.70817e-10,  3.62597e-10,  4.89432e-09,  2.15000e-10,
00:02:28,    148481,   503.4373,  9.18391e-09,  1.36632e-09,  3.27874e-09,  9.31667e-09,  1.47382e-10,  3.70552e-10,  5.45562e-09,  2.28787e-10,
00:02:29,    149186,   505.8174,  8.06739e-09,  1.29107e-09,  3.39341e-09,  9.00952e-09,  1.48242e-10,  3.48407e-10,  5.15155e-09,  2.02889e-10,
00:02:29,    149891,   508.7264,  8.39477e-09,  1.35020e-09,  3.35878e-09,  9.21429e-09,  1.98445e-10,  3.61845e-10,  5.09934e-09,  2.01771e-10,
00:02:30,    150596,   511.6353,  9.43068e-09,  1.40072e-09,  3.11152e-09,  8.80476e-09,  1.85867e-10,  3.63887e-10,  4.87205e-09,  1.93761e-10,
00:02:31,    151301,   514.0154,  8.85898e-09,  1.21582e-09,  3.20230e-09,  8.90714e-09,  1.98122e-10,  3.56685e-10,  5.04405e-09,  1.94133e-10,
00:02:31,    151986,   517.5855,  7.93300e-09,  1.33192e-09,  3.20589e-09,  8.39524e-09,  1.59100e-10,  3.67112e-10,  4.96419e-09,  2.11459e-10,
00:02:32,    152691,   520.0978,  8.74902e-09,  1.18357e-09,  3.67889e-09,  8.21914e-09,  1.73935e-10,  3.54105e-10,  5.24676e-09,  2.65861e-10,
00:02:33,    153376,   522.8745,  8.62443e-09,  1.36955e-09,  3.32294e-09,  8.20071e-09,  1.61465e-10,  3.44860e-10,  5.02101e-09,  2.37357e-10,
00:02:34,    154081,   525.7835,  8.83209e-09,  1.32010e-09,  3.53674e-09,  8.05329e-09,  1.84255e-10,  3.47332e-10,  5.14157e-09,  2.06988e-10,
00:02:34,    154786,   528.4281,  8.66107e-09,  1.19755e-09,  3.26680e-09,  7.92429e-09,  1.83502e-10,  3.72057e-10,  5.23448e-09,  1.93761e-10,
00:02:35,    155491,   531.3371,  8.69773e-09,  1.45877e-09,  3.63230e-09,  7.97446e-09,  1.68882e-10,  3.99362e-10,  5.09626e-09,  2.24128e-10,
00:02:36,    156196,   534.2460,  8.00141e-09,  1.33300e-09,  3.52958e-09,  8.17819e-09,  1.55230e-10,  3.42387e-10,  4.85900e-09,  2.18539e-10,
00:02:36,    156881,   537.0227,  7.84750e-09,  1.18250e-09,  3.35400e-09,  7.84648e-09,  1.54477e-10,  3.49697e-10,  4.96266e-09,  2.20775e-10,
00:02:37,    157566,   539.5351,  8.72459e-09,  1.42007e-09,  3.48300e-09,  8.05533e-09,  1.55337e-10,  3.83667e-10,  4.79066e-09,  2.30090e-10,
00:02:38,    158271,   542.3118,  8.41432e-09,  1.31795e-09,  3.15811e-09,  7.80860e-09,  1.77482e-10,  3.49160e-10,  4.88971e-09,  2.23943e-10,
00:02:38,    158956,   545.2208,  7.98920e-09,  1.35342e-09,  3.50330e-09,  7.90074e-09,  1.96725e-10,  3.82485e-10,  4.98954e-09,  2.22080e-10,
00:02:39,    159661,   547.8653,  8.38989e-09,  1.40717e-09,  3.33728e-09,  7.80348e-09,  1.72967e-10,  3.67972e-10,  5.22296e-09,  2.40338e-10,
00:02:40,    160366,   550.7743,  7.88659e-09,  1.26635e-09,  3.41491e-09,  7.26290e-09,  1.48565e-10,  3.33572e-10,  5.08168e-09,  2.02889e-10,
00:02:41,    161071,   553.6833,  8.39232e-09,  1.43942e-09,  3.61917e-09,  8.01233e-09,  1.57057e-10,  3.77110e-10,  5.09319e-09,  2.01399e-10,
00:02:41,    161756,   556.3278,  7.59830e-09,  1.30505e-09,  3.51047e-09,  7.93350e-09,  1.60712e-10,  3.18952e-10,  5.10701e-09,  1.78856e-10,
00:02:42,    162461,   559.3690,  8.26284e-09,  1.44265e-09,  3.55347e-09,  8.24371e-09,  1.64905e-10,  3.27015e-10,  5.07476e-09,  2.37542e-10,
00:02:43,    163166,   562.0135,  8.81011e-09,  1.25452e-09,  3.31697e-09,  7.67754e-09,  1.29430e-10,  3.65285e-10,  4.85669e-09,  2.16863e-10,
00:02:43,    163871,   564.7902,  8.32636e-09,  1.41040e-09,  3.21306e-09,  7.66526e-09,  1.80922e-10,  3.27875e-10,  4.83136e-09,  2.28414e-10,
00:02:44,    164556,   567.6992,  7.73266e-09,  1.50392e-09,  3.39461e-09,  7.47586e-09,  1.57702e-10,  3.65715e-10,  5.03561e-09,  2.44622e-10,
00:02:45,    165241,   570.0793,  8.23107e-09,  1.38245e-09,  3.27278e-09,  7.39600e-09,  1.64582e-10,  3.55717e-10,  4.86975e-09,  2.24315e-10,
00:02:45,    165946,   573.2527,  7.81084e-09,  1.45770e-09,  3.64306e-09,  7.38371e-09,  1.72860e-10,  3.52815e-10,  4.89969e-09,  1.87984e-10,
00:02:46,    166651,   576.2939,  8.25795e-09,  1.38890e-09,  3.49972e-09,  7.14516e-09,  1.68345e-10,  3.29917e-10,  4.86130e-09,  1.89289e-10,
00:02:47,    167336,   578.9384,  7.74977e-09,  1.19970e-09,  3.58213e-09,  7.65092e-09,  1.51897e-10,  3.44645e-10,  4.41901e-09,  1.93201e-10,
00:02:48,    168041,   581.7152,  7.28311e-09,  1.26312e-09,  3.37430e-09,  7.61612e-09,  1.52327e-10,  2.90357e-10,  4.57412e-09,  2.06988e-10,
00:02:48,    168746,   584.3597,  7.81330e-09,  1.38245e-09,  3.28711e-09,  7.67652e-09,  1.42007e-10,  3.21855e-10,  4.69929e-09,  2.29345e-10,
00:02:49,    169451,   587.1365,  7.54698e-09,  1.30720e-09,  3.34444e-09,  7.43490e-09,  1.82857e-10,  3.25725e-10,  4.43821e-09,  1.95997e-10,
00:02:50,    170156,   589.9132,  7.20982e-09,  1.39212e-09,  3.77206e-09,  7.03664e-09,  1.93715e-10,  3.10030e-10,  4.66089e-09,  2.09038e-10,
00:02:50,    170841,   592.5578,  6.82380e-09,  1.34590e-09,  3.12108e-09,  7.53933e-09,  1.32332e-10,  3.22930e-10,  4.85593e-09,  2.47976e-10,
00:02:51,    171526,   595.4667,  7.65693e-09,  1.28785e-09,  3.55586e-09,  7.36733e-09,  1.94790e-10,  3.02182e-10,  4.52651e-09,  2.08478e-10,
00:02:52,    172231,   598.3757,  7.82061e-09,  1.17927e-09,  3.27278e-09,  7.53729e-09,  1.55552e-10,  3.33035e-10,  4.31996e-09,  1.99536e-10,
00:02:52,    172936,   601.0202,  7.25868e-09,  1.15025e-09,  2.99089e-09,  6.79707e-09,  1.60605e-10,  3.33357e-10,  4.54725e-09,  2.05125e-10,
00:02:53,    173641,   603.9292,  8.17732e-09,  1.18895e-09,  3.42447e-09,  6.64964e-09,  1.70387e-10,  3.00570e-10,  4.41594e-09,  2.15745e-10,
00:02:54,    174346,   606.8382,  7.61784e-09,  1.26635e-09,  3.38147e-09,  7.52910e-09,  1.50500e-10,  3.37442e-10,  4.38216e-09,  2.29159e-10,
00:02:55,    175051,   609.7472,  7.20982e-09,  1.31687e-09,  2.99567e-09,  6.89638e-09,  1.46845e-10,  3.03150e-10,  4.43284e-09,  2.23383e-10,
00:02:55,    175736,   612.5239,  7.12675e-09,  1.17712e-09,  3.72786e-09,  7.10626e-09,  1.37385e-10,  3.10567e-10,  4.26775e-09,  1.99350e-10,
00:02:56,    176441,   615.5651,  6.74561e-09,  1.48135e-09,  3.56302e-09,  7.13492e-09,  1.80707e-10,  3.12932e-10,  4.12262e-09,  1.77738e-10,
00:02:57,    177146,   618.2096,  6.85557e-09,  1.04812e-09,  3.04106e-09,  7.11752e-09,  1.73075e-10,  3.25187e-10,  4.10726e-09,  1.77179e-10,
00:02:57,    177851,   620.9864,  7.32466e-09,  1.36740e-09,  3.45194e-09,  6.92811e-09,  1.83395e-10,  3.19167e-10,  4.02126e-09,  2.06615e-10,
00:02:58,    178556,   624.0276,  7.14875e-09,  1.29322e-09,  3.20828e-09,  6.93119e-09,  1.63937e-10,  3.36045e-10,  4.08807e-09,  1.82582e-10,
00:02:59,    179261,   626.6721,  6.96307e-09,  1.31580e-09,  3.48897e-09,  7.06940e-09,  1.53617e-10,  2.88745e-10,  4.08269e-09,  1.89289e-10,
00:02:59,    179966,   629.7133,  7.42239e-09,  1.13520e-09,  3.60483e-09,  7.21990e-09,  1.28355e-10,  2.86487e-10,  3.94525e-09,  1.83886e-10,
00:03:00,    180671,   632.3578,  7.16584e-09,  1.23195e-09,  3.49017e-09,  6.77659e-09,  1.62970e-10,  2.79392e-10,  3.98057e-09,  1.71404e-10,
00:03:01,    181376,   635.2668,  6.42068e-09,  1.10510e-09,  3.39819e-09,  6.79911e-09,  1.77052e-10,  2.70362e-10,  3.94371e-09,  1.96369e-10,
00:03:02,    182061,   637.7791,  6.64789e-09,  1.19110e-09,  3.60602e-09,  6.89843e-09,  1.34590e-10,  2.95302e-10,  4.09651e-09,  1.92643e-10,
00:03:02,    182766,   640.8203,  6.89466e-09,  1.26527e-09,  3.50211e-09,  6.89024e-09,  1.37170e-10,  2.92292e-10,  3.71259e-09,  1.91153e-10,
00:03:03,    183471,   643.4648,  6.46955e-09,  1.26097e-09,  3.79474e-09,  7.25369e-09,  1.31795e-10,  2.87885e-10,  3.88382e-09,  1.81464e-10,
00:03:04,    184176,   646.3738,  6.42311e-09,  1.19540e-09,  3.56422e-09,  6.96600e-09,  1.55122e-10,  3.16372e-10,  3.95216e-09,  2.12392e-10,
00:03:04,    184881,   649.0183,  7.18295e-09,  1.41147e-09,  3.60363e-09,  7.02538e-09,  1.68775e-10,  2.76060e-10,  3.54673e-09,  2.03821e-10,
00:03:05,    185586,   651.9273,  7.20250e-09,  1.14702e-09,  3.31697e-09,  7.12264e-09,  1.64367e-10,  2.83262e-10,  3.70030e-09,  2.04007e-10,
00:03:06,    186291,   654.7041,  7.32955e-09,  1.11047e-09,  3.56780e-09,  7.04892e-09,  1.44480e-10,  2.91217e-10,  3.85848e-09,  2.03262e-10,
00:03:06,    186996,   657.8775,  7.05102e-09,  9.73950e-10,  3.32533e-09,  6.99876e-09,  1.07607e-10,  2.78855e-10,  3.90916e-09,  1.72522e-10,
00:03:07,    187701,   660.3898,  7.75955e-09,  1.16315e-09,  3.48300e-09,  7.29259e-09,  1.25345e-10,  2.81865e-10,  3.71719e-09,  2.20589e-10,
00:03:08,    188406,   663.2987,  6.84823e-09,  1.12230e-09,  3.56183e-09,  6.83700e-09,  1.38782e-10,  2.71760e-10,  3.61737e-09,  1.55009e-10,
00:03:09,    189111,   666.0755,  7.53232e-09,  1.23302e-09,  3.52361e-09,  6.93630e-09,  1.63292e-10,  3.04225e-10,  3.89611e-09,  1.82768e-10,
00:03:09,    189816,   668.8523,  6.68209e-09,  1.32547e-09,  3.65380e-09,  6.84416e-09,  1.56305e-10,  2.96915e-10,  3.96444e-09,  1.95251e-10,
00:03:10,    190521,   671.7612,  7.45902e-09,  1.21797e-09,  3.62036e-09,  7.02435e-09,  1.40287e-10,  2.79607e-10,  4.01589e-09,  2.04752e-10,
00:03:11,    191226,   674.4057,  6.71875e-09,  1.06640e-09,  3.39700e-09,  7.40624e-09,  1.38352e-10,  2.74985e-10,  3.63580e-09,  2.01586e-10,
00:03:11,    191931,   677.0503,  6.92152e-09,  1.20400e-09,  3.56422e-09,  7.35710e-09,  1.39750e-10,  2.91325e-10,  3.90379e-09,  1.94506e-10,
00:03:12,    192636,   680.2237,  6.48420e-09,  1.20615e-09,  3.62513e-09,  7.29976e-09,  1.64690e-10,  2.68857e-10,  3.72026e-09,  2.02516e-10,
00:03:13,    193341,   683.0005,  7.44193e-09,  1.22657e-09,  3.55467e-09,  7.45538e-09,  1.47597e-10,  3.02612e-10,  3.94448e-09,  2.12019e-10,
00:03:14,    194046,   685.7772,  7.28068e-09,  1.17067e-09,  3.48658e-09,  7.19943e-09,  1.52112e-10,  2.84445e-10,  3.64271e-09,  1.66187e-10,
00:03:14,    194751,   688.6862,  6.81648e-09,  1.29860e-09,  3.65858e-09,  7.72259e-09,  1.62325e-10,  2.66922e-10,  3.60125e-09,  2.17608e-10,
00:03:15,    195436,   691.5951,  5.79766e-09,  1.19540e-09,  3.27517e-09,  7.41135e-09,  1.54907e-10,  2.73050e-10,  3.60893e-09,  2.07360e-10,
00:03:16,    196141,   694.1074,  7.08523e-09,  1.25667e-09,  3.40536e-09,  7.48814e-09,  1.66087e-10,  3.07342e-10,  3.64579e-09,  2.15000e-10,
00:03:16,    196846,   697.1486,  6.86289e-09,  1.24592e-09,  3.35280e-09,  7.32638e-09,  1.67807e-10,  2.66492e-10,  3.69723e-09,  1.93761e-10,
00:03:17,    197551,   699.9254,  7.03391e-09,  1.28247e-09,  3.31817e-09,  7.19329e-09,  1.47060e-10,  2.92185e-10,  3.74561e-09,  1.86681e-10,
00:03:18,    198236,   702.5699,  8.00386e-09,  1.06425e-09,  3.37430e-09,  7.44105e-09,  1.61357e-10,  2.72190e-10,  3.71336e-09,  2.14068e-10,
00:03:18,    198941,   705.3466,  6.01755e-09,  1.07607e-09,  3.30741e-09,  7.43081e-09,  1.44480e-10,  2.37575e-10,  3.70030e-09,  1.49233e-10,
00:03:19,    199646,   708.3878,  7.02170e-09,  1.04060e-09,  3.77444e-09,  7.34789e-09,  1.38675e-10,  2.58967e-10,  3.80473e-09,  1.91711e-10,
00:03:20,    200351,   711.1646,  7.51766e-09,  1.23517e-09,  3.58811e-09,  7.59871e-09,  1.73075e-10,  2.79607e-10,  3.79859e-09,  1.88917e-10,
00:03:21,    201056,   714.0736,  7.33932e-09,  1.02125e-09,  3.36594e-09,  7.81167e-09,  1.38997e-10,  2.96162e-10,  3.66959e-09,  1.57803e-10,
00:03:21,    201761,   716.7181,  6.30830e-09,  1.11800e-09,  3.55706e-09,  7.54650e-09,  1.61142e-10,  2.65632e-10,  3.74714e-09,  1.92456e-10,
00:03:22,    202466,   719.4948,  6.64057e-09,  1.01695e-09,  3.96674e-09,  8.01746e-09,  1.47060e-10,  2.54237e-10,  3.75866e-09,  1.75503e-10,
00:03:23,    203151,   722.2716,  6.92641e-09,  1.16207e-09,  3.41252e-09,  8.02871e-09,  1.37815e-10,  2.34457e-10,  3.59204e-09,  1.58362e-10,
00:03:23,    203856,   725.0484,  6.94595e-09,  1.12337e-09,  3.62513e-09,  7.48610e-09,  1.57380e-10,  2.60902e-10,  3.64579e-09,  1.98232e-10,
00:03:24,    204561,   727.8251,  7.40039e-09,  1.31472e-09,  3.55347e-09,  7.60076e-09,  1.32117e-10,  2.77135e-10,  3.61507e-09,  1.98232e-10,
00:03:25,    205246,   730.6018,  6.15925e-09,  1.23517e-09,  3.69083e-09,  7.92736e-09,  1.46200e-10,  2.57677e-10,  3.51525e-09,  2.05497e-10,
00:03:25,    205951,   733.3786,  6.51352e-09,  1.31365e-09,  3.61319e-09,  7.44514e-09,  1.55552e-10,  2.71975e-10,  3.56669e-09,  1.78484e-10,
00:03:26,    206656,   736.4198,  6.19591e-09,  9.86850e-10,  3.57974e-09,  8.35941e-09,  1.84255e-10,  2.74447e-10,  3.43462e-09,  1.96182e-10,
00:03:27,    207361,   738.7999,  6.28630e-09,  1.10725e-09,  3.66574e-09,  7.69803e-09,  1.24700e-10,  2.30265e-10,  3.73716e-09,  1.72335e-10,
00:03:28,    208066,   742.2378,  7.17807e-09,  1.14165e-09,  3.79594e-09,  7.83829e-09,  1.40395e-10,  2.41767e-10,  3.74637e-09,  1.88357e-10,
00:03:28,    208771,   745.1468,  7.16584e-09,  1.02232e-09,  3.46986e-09,  8.11471e-09,  1.46737e-10,  2.69717e-10,  3.46073e-09,  1.67678e-10,
00:03:29,    209456,   747.6590,  6.85557e-09,  9.26650e-10,  3.63589e-09,  7.66526e-09,  1.59100e-10,  2.42950e-10,  3.53444e-09,  2.12764e-10,
00:03:30,    210161,   750.4358,  6.70409e-09,  1.12122e-09,  3.67411e-09,  8.01848e-09,  1.39320e-10,  2.69717e-10,  3.58973e-09,  1.70659e-10,
00:03:30,    210866,   753.3448,  6.51107e-09,  1.19540e-09,  3.66694e-09,  7.74000e-09,  1.62755e-10,  2.53055e-10,  3.62966e-09,  1.98977e-10,
00:03:31,    211571,   756.1215,  6.92398e-09,  1.05242e-09,  3.68844e-09,  7.45129e-09,  1.62862e-10,  2.79500e-10,  3.67573e-09,  1.70845e-10,
00:03:32,    212276,   758.7660,  6.99727e-09,  1.01265e-09,  3.54511e-09,  8.07274e-09,  1.40072e-10,  2.55420e-10,  3.40544e-09,  1.81277e-10,
00:03:32,    212981,   761.6750,  6.33027e-09,  1.14057e-09,  3.79117e-09,  8.40241e-09,  1.42652e-10,  2.79177e-10,  3.48991e-09,  1.66746e-10,
00:03:33,    213666,   764.4517,  7.33198e-09,  1.12015e-09,  3.43641e-09,  7.77584e-09,  1.60175e-10,  2.64987e-10,  3.55134e-09,  1.36005e-10,
00:03:34,    214331,   767.3607,  6.68209e-09,  1.05995e-09,  3.64663e-09,  7.85159e-09,  1.22872e-10,  2.64557e-10,  3.47916e-09,  1.52400e-10,
00:03:35,    215016,   770.0053,  6.22277e-09,  1.11047e-09,  3.84133e-09,  7.88435e-09,  1.43405e-10,  2.32845e-10,  3.40468e-09,  2.07548e-10,
00:03:35,    215721,   772.9142,  6.30341e-09,  1.14810e-09,  3.55228e-09,  7.85773e-09,  1.40502e-10,  2.49185e-10,  3.76404e-09,  1.70845e-10,
00:03:36,    216426,   775.6910,  6.49641e-09,  1.14595e-09,  3.93330e-09,  7.78607e-09,  1.46845e-10,  2.60795e-10,  3.44768e-09,  1.93201e-10,
00:03:37,    217131,   778.2033,  6.62102e-09,  1.05672e-09,  3.65978e-09,  8.00005e-09,  1.02555e-10,  2.39510e-10,  3.59894e-09,  1.54077e-10,
00:03:37,    217796,   780.9800,  6.56970e-09,  1.19110e-09,  3.83297e-09,  7.63250e-09,  1.63185e-10,  2.30265e-10,  3.35323e-09,  1.75315e-10,
00:03:38,    218501,   784.0212,  6.23255e-09,  1.06102e-09,  3.81386e-09,  7.13697e-09,  1.37492e-10,  2.41982e-10,  3.77094e-09,  1.44575e-10,
00:03:39,    219186,   786.5335,  6.97039e-09,  1.14595e-09,  3.79356e-09,  7.86286e-09,  1.62862e-10,  2.41767e-10,  3.60969e-09,  1.64697e-10,
00:03:39,    219891,   789.5747,  7.10477e-09,  9.44925e-10,  4.01811e-09,  7.75843e-09,  1.36095e-10,  2.39725e-10,  3.29180e-09,  1.78111e-10,
00:03:40,    220596,   792.2193,  6.72852e-09,  1.05350e-09,  3.73263e-09,  7.65912e-09,  1.34590e-10,  2.35532e-10,  3.56669e-09,  1.57617e-10,
00:03:41,    221301,   794.9960,  6.60148e-09,  1.29645e-09,  3.69083e-09,  7.73590e-09,  1.46845e-10,  2.32845e-10,  3.64886e-09,  1.75688e-10,
00:03:42,    222006,   798.1694,  6.50375e-09,  9.81475e-10,  3.89030e-09,  7.59871e-09,  1.39320e-10,  2.32415e-10,  3.36705e-09,  1.44389e-10,
00:03:42,    222691,   800.5495,  7.22448e-09,  1.05995e-09,  3.62274e-09,  7.23014e-09,  1.46630e-10,  2.32737e-10,  3.58896e-09,  1.76061e-10,
00:03:43,    223396,   803.4585,  7.22205e-09,  1.07930e-09,  3.80311e-09,  7.70314e-09,  1.47597e-10,  2.18010e-10,  3.54904e-09,  1.62647e-10,
00:03:44,    224101,   806.4997,  6.33516e-09,  9.77175e-10,  3.58094e-09,  7.55981e-09,  1.49102e-10,  2.51765e-10,  3.49836e-09,  1.52959e-10,
00:03:44,    224806,   809.2765,  6.96307e-09,  9.69650e-10,  3.58811e-09,  7.60997e-09,  1.47490e-10,  2.51980e-10,  3.49605e-09,  1.71776e-10,
00:03:45,    225511,   812.0532,  6.63811e-09,  1.03415e-09,  3.76489e-09,  7.54957e-09,  1.58132e-10,  2.49292e-10,  3.16971e-09,  1.86121e-10,
00:03:46,    226196,   814.6977,  6.49398e-09,  7.97650e-10,  3.80430e-09,  7.57311e-09,  1.36202e-10,  2.21987e-10,  3.28873e-09,  1.60225e-10,
00:03:46,    226901,   817.4745,  6.82625e-09,  3.86677e-10,  3.59767e-09,  8.00414e-09,  1.38890e-10,  2.29942e-10,  3.34479e-09,  1.63951e-10,
00:03:47,    227606,   820.2512,  6.10307e-09,  3.71520e-10,  3.63111e-09,  7.45948e-09,  1.32762e-10,  2.14570e-10,  3.58819e-09,  2.05497e-10,
00:03:48,    228291,   823.0279,  7.03148e-09,  3.85280e-10,  3.97989e-09,  7.51784e-09,  1.62325e-10,  2.72297e-10,  3.33787e-09,  1.66001e-10,
00:03:48,    228996,   825.8047,  6.31318e-09,  3.74315e-10,  4.18056e-09,  7.79529e-09,  1.25882e-10,  2.41445e-10,  3.47532e-09,  1.57431e-10,
00:03:49,    229701,   828.5814,  6.75539e-09,  3.98072e-10,  3.74100e-09,  7.86184e-09,  1.37062e-10,  2.24782e-10,  3.53829e-09,  1.51282e-10,
00:03:50,    230406,   831.6226,  6.65277e-09,  3.17985e-10,  3.49017e-09,  7.77378e-09,  1.35342e-10,  2.21665e-10,  3.14898e-09,  1.52400e-10,
00:03:51,    231111,   834.6638,  6.43534e-09,  3.63672e-10,  3.95719e-09,  7.75638e-09,  1.25130e-10,  2.30157e-10,  3.13286e-09,  1.78296e-10,
00:03:51,    231816,   837.3084,  6.66989e-09,  3.87860e-10,  3.78758e-09,  7.68369e-09,  1.36525e-10,  2.40047e-10,  3.39316e-09,  1.34887e-10,
00:03:52,    232521,   840.0851,  6.81648e-09,  3.76357e-10,  3.63469e-09,  7.85773e-09,  1.60390e-10,  2.23385e-10,  3.42541e-09,  1.52959e-10,
00:03:53,    233226,   842.8618,  6.45732e-09,  3.98180e-10,  3.93928e-09,  8.01438e-09,  1.36847e-10,  2.34135e-10,  3.59587e-09,  1.49606e-10,
00:03:53,    233931,   845.9030,  6.06886e-09,  3.50450e-10,  4.03602e-09,  7.42671e-09,  1.46522e-10,  2.37037e-10,  3.28336e-09,  1.49978e-10,
00:03:54,    234636,   848.4154,  7.00705e-09,  3.97750e-10,  3.85686e-09,  7.88129e-09,  1.11692e-10,  2.44240e-10,  3.20043e-09,  1.71031e-10,
00:03:55,    235341,   851.3244,  7.03880e-09,  4.09682e-10,  3.96913e-09,  8.06557e-09,  1.24807e-10,  2.14355e-10,  3.16204e-09,  1.80905e-10,
00:03:56,    236046,   854.1011,  6.50375e-09,  3.78507e-10,  3.97152e-09,  7.48711e-09,  1.39427e-10,  2.27685e-10,  3.58512e-09,  1.41967e-10,
00:03:56,    236751,   857.1423,  7.03148e-09,  3.70552e-10,  3.76250e-09,  8.07376e-09,  1.29860e-10,  2.34672e-10,  3.35554e-09,  1.54636e-10,
00:03:57,    237456,   859.9190,  5.99800e-09,  3.58512e-10,  3.97511e-09,  7.91097e-09,  1.30505e-10,  2.04465e-10,  3.37934e-09,  1.47184e-10,
00:03:58,    238161,   862.5636,  6.45977e-09,  3.90762e-10,  3.89747e-09,  7.74102e-09,  1.35557e-10,  2.27362e-10,  3.54904e-09,  1.85936e-10,
00:03:58,    238866,   865.6048,  6.19591e-09,  3.71090e-10,  4.02408e-09,  8.22427e-09,  1.39965e-10,  2.65310e-10,  3.14975e-09,  1.66746e-10,
00:03:59,    239571,   868.3815,  6.68455e-09,  3.70982e-10,  3.92613e-09,  8.35941e-09,  1.37170e-10,  2.09195e-10,  3.13286e-09,  1.49233e-10,
00:04:00,    240276,   871.2905,  6.71141e-09,  3.55825e-10,  4.11247e-09,  7.98571e-09,  1.13735e-10,  2.40800e-10,  3.41466e-09,  1.75688e-10,
00:04:00,    240981,   874.0672,  7.24402e-09,  3.45290e-10,  4.00258e-09,  7.80962e-09,  1.32547e-10,  2.60902e-10,  3.17125e-09,  1.17374e-10,
00:04:01,    241666,   876.8440,  6.87511e-09,  3.86677e-10,  3.92852e-09,  8.26317e-09,  1.49855e-10,  2.41445e-10,  3.10061e-09,  1.84073e-10,
00:04:02,    242371,   879.3563,  6.35470e-09,  3.42065e-10,  4.17219e-09,  8.24167e-09,  1.57165e-10,  2.03390e-10,  3.40544e-09,  1.84818e-10,
00:04:03,    243076,   882.6620,  6.95330e-09,  3.65177e-10,  3.67769e-09,  7.92326e-09,  1.18787e-10,  2.06077e-10,  3.40084e-09,  1.27062e-10,
00:04:03,    243781,   885.3065,  6.72607e-09,  4.01190e-10,  3.87717e-09,  7.80450e-09,  1.42760e-10,  2.27040e-10,  3.42618e-09,  1.80347e-10,
00:04:04,    244486,   888.0832,  6.35716e-09,  3.44860e-10,  3.84133e-09,  7.70416e-09,  1.37922e-10,  2.44347e-10,  3.19121e-09,  1.97487e-10,
00:04:05,    245191,   890.8600,  5.99311e-09,  3.58405e-10,  3.92136e-09,  8.13211e-09,  1.17390e-10,  2.03605e-10,  3.35093e-09,  1.37496e-10,
00:04:05,    245896,   893.7690,  7.06811e-09,  3.31960e-10,  4.02767e-09,  7.93862e-09,  1.30827e-10,  2.24245e-10,  3.38471e-09,  1.58549e-10,
00:04:06,    246601,   896.5457,  6.46220e-09,  3.80550e-10,  4.08261e-09,  8.00619e-09,  1.26527e-10,  2.21557e-10,  3.33480e-09,  1.19237e-10,
00:04:07,    247306,   899.4547,  6.70409e-09,  3.67650e-10,  3.88194e-09,  8.19764e-09,  1.15992e-10,  2.12742e-10,  3.30946e-09,  1.59107e-10,
00:04:07,    247971,   902.2314,  6.85800e-09,  3.68295e-10,  4.10650e-09,  7.85773e-09,  1.51360e-10,  2.22310e-10,  3.42157e-09,  1.36005e-10,
00:04:08,    248676,   904.8760,  6.62102e-09,  3.33680e-10,  4.08141e-09,  8.33279e-09,  1.44802e-10,  2.46712e-10,  3.58436e-09,  1.87612e-10,
00:04:09,    249381,   907.5205,  6.86045e-09,  3.59265e-10,  4.04917e-09,  7.83727e-09,  1.54047e-10,  2.03820e-10,  3.12211e-09,  1.43644e-10,
00:04:10,    250086,   910.4294,  6.68209e-09,  3.61415e-10,  4.00974e-09,  7.75024e-09,  1.27495e-10,  1.94575e-10,  3.29718e-09,  1.46438e-10,
00:04:10,    250751,   913.0740,  6.95084e-09,  3.69585e-10,  4.35733e-09,  7.98264e-09,  1.38675e-10,  2.27792e-10,  3.27798e-09,  1.45507e-10,
00:04:11,    251456,   915.8507,  6.68209e-09,  3.74315e-10,  4.17339e-09,  7.87105e-09,  1.17067e-10,  1.90490e-10,  3.28873e-09,  1.49233e-10,
00:04:12,    252121,   918.6275,  6.63811e-09,  3.71090e-10,  4.06589e-09,  7.54138e-09,  1.60067e-10,  2.19622e-10,  3.32098e-09,  1.69727e-10,
00:04:12,    252826,   921.4042,  6.12261e-09,  3.66897e-10,  3.96197e-09,  7.64786e-09,  1.52757e-10,  2.39187e-10,  3.22884e-09,  1.27808e-10,
00:04:13,    253531,   924.3132,  7.00948e-09,  3.70982e-10,  3.57856e-09,  7.58848e-09,  1.49210e-10,  2.33275e-10,  3.25801e-09,  1.63206e-10,
00:04:14,    254236,   926.9577,  6.08352e-09,  3.31960e-10,  4.29880e-09,  7.60486e-09,  1.26742e-10,  1.99950e-10,  3.28566e-09,  1.62461e-10,
00:04:14,    254921,   929.8666,  6.77982e-09,  3.15512e-10,  4.02408e-09,  7.49326e-09,  1.28355e-10,  1.96080e-10,  3.14668e-09,  1.63765e-10,
00:04:15,    255626,   932.9078,  6.20811e-09,  3.59587e-10,  4.26178e-09,  7.54855e-09,  1.38460e-10,  2.26717e-10,  3.18737e-09,  1.77366e-10,
00:04:16,    256331,   935.6846,  6.41091e-09,  3.32390e-10,  4.21639e-09,  7.88129e-09,  1.58132e-10,  2.40262e-10,  3.45919e-09,  1.17933e-10,
00:04:17,    257036,   938.3291,  6.22523e-09,  3.85925e-10,  4.26178e-09,  7.73590e-09,  1.11262e-10,  1.84470e-10,  3.50296e-09,  1.53146e-10,
00:04:17,    257681,   940.9736,  6.60880e-09,  3.35937e-10,  4.03244e-09,  7.28543e-09,  1.20400e-10,  1.95327e-10,  3.30639e-09,  1.35446e-10,
00:04:18,    258346,   943.6182,  6.16902e-09,  3.50020e-10,  4.02647e-09,  7.70416e-09,  1.17712e-10,  2.20912e-10,  3.35169e-09,  1.68423e-10,
00:04:19,    259011,   946.3949,  6.35959e-09,  3.79582e-10,  3.94406e-09,  7.36938e-09,  1.47275e-10,  2.35317e-10,  3.14437e-09,  1.22218e-10,
00:04:19,    259716,   949.1717,  6.57705e-09,  3.70015e-10,  4.22117e-09,  7.39600e-09,  1.25022e-10,  2.41122e-10,  3.22116e-09,  1.40104e-10,
00:04:20,    260421,   951.9484,  6.64789e-09,  3.58942e-10,  4.20922e-09,  7.66833e-09,  1.36202e-10,  2.15430e-10,  3.22346e-09,  1.43271e-10,
00:04:21,    261126,   954.7252,  6.42311e-09,  3.44967e-10,  4.24624e-09,  7.43286e-09,  1.30075e-10,  1.95112e-10,  3.62044e-09,  1.42340e-10,
00:04:21,    261831,   957.7664,  6.22523e-09,  3.59265e-10,  4.08739e-09,  7.09090e-09,  1.28140e-10,  2.41767e-10,  3.38241e-09,  1.36005e-10,
00:04:22,    262536,   960.2787,  6.08841e-09,  3.33035e-10,  4.39913e-09,  7.44310e-09,  1.21690e-10,  2.38972e-10,  3.30255e-09,  1.40663e-10,
00:04:23,    263241,   963.3199,  7.01193e-09,  3.37872e-10,  4.59622e-09,  7.56903e-09,  1.42545e-10,  2.20912e-10,  3.29334e-09,  1.53518e-10,
00:04:23,    263946,   964.7744,  6.28630e-09,  3.66682e-10,  4.47439e-09,  6.97419e-09,  1.27172e-10,  2.37575e-10,  3.04148e-09,  1.60598e-10,
00:04:24,    264651,   968.7412,  6.49398e-09,  3.33572e-10,  4.24983e-09,  7.47176e-09,  1.37277e-10,  2.40585e-10,  3.09830e-09,  1.53332e-10,
00:04:25,    265356,   971.5179,  6.62345e-09,  3.58835e-10,  4.00736e-09,  7.45538e-09,  1.62325e-10,  2.36177e-10,  3.09676e-09,  1.43085e-10,
00:04:26,    266061,   974.4269,  6.59902e-09,  3.66897e-10,  4.20563e-09,  7.44514e-09,  1.41362e-10,  2.48540e-10,  3.03841e-09,  1.20728e-10,
00:04:26,    266766,   977.3359,  6.55750e-09,  3.42925e-10,  4.58428e-09,  7.38679e-09,  1.42867e-10,  2.37467e-10,  3.24266e-09,  1.61343e-10,
00:04:27,    267471,   980.1126,  6.93130e-09,  3.39055e-10,  4.37644e-09,  6.99262e-09,  1.49747e-10,  2.16935e-10,  3.31100e-09,  1.63393e-10,
00:04:28,    268176,   982.8894,  7.01436e-09,  3.91300e-10,  4.44452e-09,  7.18611e-09,  1.25560e-10,  2.28115e-10,  3.16511e-09,  1.58735e-10,
00:04:28,    268881,   985.5339,  6.96550e-09,  3.52922e-10,  4.50663e-09,  7.18816e-09,  1.38030e-10,  2.07367e-10,  3.08448e-09,  1.17002e-10,
00:04:29,    269566,   988.1784,  6.67477e-09,  3.53030e-10,  4.84944e-09,  6.89843e-09,  1.25022e-10,  2.31555e-10,  3.36629e-09,  1.49978e-10,
00:04:30,    270271,   991.0874,  7.03636e-09,  3.35507e-10,  4.14113e-09,  6.97316e-09,  1.24162e-10,  2.44025e-10,  3.20811e-09,  1.28367e-10,
00:04:30,    270976,   993.9964,  6.83114e-09,  3.10352e-10,  4.41228e-09,  7.00490e-09,  1.19647e-10,  2.19085e-10,  3.24804e-09,  1.75688e-10,
00:04:31,    271681,   996.9054,  6.81891e-09,  3.96890e-10,  4.31672e-09,  6.93426e-09,  1.32225e-10,  1.94575e-10,  3.15743e-09,  1.60039e-10,
00:04:32,    272386,   999.8143,  6.58193e-09,  3.44967e-10,  4.51261e-09,  6.92710e-09,  1.28677e-10,  1.86942e-10,  3.38701e-09,  1.47743e-10,
00:04:33,    273091,  1002.5911,  6.88977e-09,  3.63350e-10,  4.33106e-09,  7.17588e-09,  1.24377e-10,  2.07152e-10,  3.24112e-09,  1.43458e-10,
00:04:33,    273796,  1005.3678,  6.56727e-09,  3.32282e-10,  4.67624e-09,  7.01105e-09,  1.17820e-10,  2.16612e-10,  3.51755e-09,  1.53705e-10,
00:04:34,    274501,  1008.1446,  6.82625e-09,  3.74745e-10,  4.43378e-09,  7.25983e-09,  1.32117e-10,  2.23385e-10,  3.40237e-09,  1.40849e-10,
00:04:35,    275206,  1010.9213,  6.98993e-09,  3.45505e-10,  4.87452e-09,  6.84314e-09,  1.20830e-10,  2.27577e-10,  3.06759e-09,  1.61902e-10,
00:04:35,    275871,  1013.5658,  6.17636e-09,  3.75605e-10,  4.56756e-09,  7.24754e-09,  1.23732e-10,  2.42197e-10,  3.34786e-09,  1.59480e-10,
00:04:36,    276576,  1016.6070,  7.26357e-09,  3.25940e-10,  4.84944e-09,  6.92197e-09,  1.17927e-10,  2.23277e-10,  3.32559e-09,  1.37868e-10,
00:04:37,    277281,  1019.5160,  6.28875e-09,  3.50987e-10,  4.84347e-09,  6.95064e-09,  1.41255e-10,  2.20052e-10,  3.36782e-09,  1.42899e-10,
00:04:37,    277986,  1022.2928,  6.47932e-09,  3.55180e-10,  4.67744e-09,  6.75510e-09,  1.20722e-10,  1.85975e-10,  3.38241e-09,  1.60225e-10,
00:04:38,    278651,  1025.2018,  6.67232e-09,  3.40775e-10,  4.70969e-09,  6.82164e-09,  1.29645e-10,  1.94575e-10,  3.06836e-09,  1.38241e-10,
00:04:39,    279356,  1027.9785,  6.68943e-09,  3.77862e-10,  4.71328e-09,  6.79502e-09,  1.45877e-10,  2.21557e-10,  3.19121e-09,  1.35819e-10,
00:04:40,    280041,  1030.4908,  6.32784e-09,  3.83775e-10,  4.42900e-09,  6.44692e-09,  1.34482e-10,  2.47680e-10,  3.25801e-09,  1.30789e-10,
00:04:40,    280746,  1033.3998,  6.63811e-09,  3.59050e-10,  4.41347e-09,  6.74997e-09,  1.22550e-10,  1.81352e-10,  3.30409e-09,  1.44948e-10,
00:04:41,    281451,  1036.0443,  6.76027e-09,  3.64102e-10,  4.78017e-09,  6.59640e-09,  1.40072e-10,  1.95112e-10,  3.04071e-09,  1.51841e-10,
00:04:42,    282156,  1039.0855,  6.46220e-09,  3.57437e-10,  4.85900e-09,  6.81652e-09,  1.22765e-10,  2.05325e-10,  3.41773e-09,  1.62647e-10,
00:04:42,    282861,  1041.9945,  6.53795e-09,  3.39915e-10,  4.75389e-09,  6.47150e-09,  1.24055e-10,  2.24567e-10,  3.36321e-09,  1.51841e-10,
