0000000413,scans,0000000146,DataLength
"header",0000000028,"lines"
"Date",5/9/2016,"Time",1:07:37 AM
"ID","HAL RC RGA 301 #14852","Version",3
"Scans",9
"Scan ID","Mode","Input","Scanned","Start","Stop","Increment","Dwell","Settle","RS","RelSEM"
"Scan 1","RGA","Temperature","none",0.40,0.40,0.01,10.000,10.000,1.000000,1.000000,
"Scan 2","RGA","SEM","mass",2.00,2.00,0.01,10.000,10.000,0.440000,1.000000,
"Scan 3","RGA","SEM","mass",14.00,14.00,0.01,10.000,10.000,1.000000,1.000000,
"Scan 4","RGA","SEM","mass",18.00,18.00,0.01,10.000,10.000,0.900000,1.000000,
"Scan 5","RGA","SEM","mass",28.00,28.00,0.01,10.000,10.000,1.050000,1.000000,
"Scan 6","RGA","SEM","mass",29.00,29.00,0.01,10.000,10.000,1.000000,1.000000,
"Scan 7","RGA","SEM","mass",43.00,43.00,0.01,10.000,10.000,1.000000,1.000000,
"Scan 8","RGA","SEM","mass",44.00,44.00,0.01,10.000,10.000,1.400000,1.000000,
"Scan 9","RGA","SEM","mass",60.00,60.00,0.01,10.000,10.000,0.577000,1.000000,
"Environment",
"Global","RGA"
"F1",1,"( 1 = on, 0 = off )"
"F2",0,"( 1 = on, 0 = off )"
"cage",3.3,"V"
"delta-m",0,"%"
"electron-energy",70.0,"V"
"emission",1000.000,"uA"
"focus",-90,"V"
"mass",5.50,"amu"
"mode-change-delay",1000,"ms"
"multiplier",1100,"V"
"resolution",0,"%"
"Data",9
"Time","ms","Temperature","Hydrogen","Ketene","Water","Carbon monoxide","Acetaldehyde","Acetic acid","Carbon dioxide","Acetic acid",
00:00:01,      1241,   170.6241,  0.00000e+00,  0.00000e+00,  0.00000e+00, -1.02381e-10,  0.00000e+00,  0.00000e+00,  7.67857e-11,  1.86308e-10,
00:00:01,      1906,   170.6241,  2.25994e-09,  1.12703e-08,  1.25464e-08,  1.07673e-08,  6.14040e-09,  3.09600e-09,  8.10007e-09,  8.29073e-10,
00:00:02,      2571,   170.4918,  1.21133e-08,  4.65475e-08,  1.55278e-08,  5.66167e-08,  3.75390e-09,  1.90060e-09,  1.40825e-07,  2.75177e-10,
00:00:03,      3236,   170.7563,  1.14023e-08,  3.25725e-08,  1.15861e-08,  4.21810e-08,  2.86165e-09,  1.65550e-09,  1.00973e-07,  2.90081e-10,
00:00:03,      3901,   170.4918,  1.04031e-08,  2.47250e-08,  9.55556e-09,  3.48095e-08,  2.40907e-09,  1.27925e-09,  7.60943e-08,  2.22638e-10,
00:00:04,      4546,   170.4918,  9.65057e-09,  1.98875e-08,  8.12819e-09,  2.99976e-08,  2.12957e-09,  1.10080e-09,  6.11982e-08,  2.21893e-10,
00:00:05,      5211,   170.6241,  8.37277e-09,  1.65550e-08,  6.83102e-09,  2.56976e-08,  1.69742e-09,  8.67525e-10,  5.07554e-08,  2.19284e-10,
00:00:05,      5876,   170.4918,  8.46073e-09,  1.38675e-08,  6.03791e-09,  2.36500e-08,  1.48780e-09,  3.91515e-10,  4.26161e-08,  2.32698e-10,
00:00:06,      6541,   170.4918,  8.04050e-09,  1.17175e-08,  5.83008e-09,  2.10905e-08,  1.31687e-09,  3.79582e-10,  3.65500e-08,  1.97860e-10,
00:00:07,      7206,   170.6241,  8.30436e-09,  1.05350e-08,  5.05250e-09,  1.91452e-08,  1.19325e-09,  3.66575e-10,  3.21732e-08,  1.95251e-10,
00:00:07,      7871,   170.6241,  7.62273e-09,  9.13750e-09,  5.09072e-09,  1.85310e-08,  1.20722e-09,  3.37335e-10,  2.90250e-08,  1.88544e-10,
00:00:08,      8536,   170.4918,  7.61295e-09,  8.27750e-09,  4.53889e-09,  1.69952e-08,  1.00727e-09,  3.25295e-10,  2.53393e-08,  1.62088e-10,
00:00:09,      9201,   170.4918,  7.93057e-09,  7.63572e-09,  4.26178e-09,  1.57667e-08,  1.04812e-09,  3.14222e-10,  2.34196e-08,  1.99163e-10,
00:00:09,      9866,   170.2274,  7.74243e-09,  6.76605e-09,  4.60339e-09,  1.41286e-08,  1.00620e-09,  3.08740e-10,  2.11929e-08,  2.03449e-10,
00:00:10,     10531,   170.2274,  8.38011e-09,  6.54030e-09,  3.92613e-09,  1.43333e-08,  8.25600e-10,  3.30777e-10,  2.00411e-08,  1.90035e-10,
00:00:11,     11196,   170.3596,  7.41261e-09,  6.25220e-09,  4.25102e-09,  1.36167e-08,  3.70122e-10,  2.54882e-10,  1.81214e-08,  1.71963e-10,
00:00:11,     11901,   170.3596,  7.00705e-09,  5.16430e-09,  4.13039e-09,  1.32071e-08,  3.34217e-10,  2.73157e-10,  1.66625e-08,  1.72335e-10,
00:00:12,     12586,   170.3596,  7.18295e-09,  5.09227e-09,  3.81028e-09,  1.25929e-08,  3.02075e-10,  2.57785e-10,  1.56643e-08,  1.67491e-10,
00:00:13,     13291,   170.3596,  7.30266e-09,  4.85362e-09,  3.83536e-09,  1.20810e-08,  2.94872e-10,  2.60472e-10,  1.47429e-08,  1.76433e-10,
00:00:13,     13976,   170.4918,  6.40845e-09,  4.79987e-09,  3.77563e-09,  1.18762e-08,  3.26155e-10,  2.51657e-10,  1.41286e-08,  1.68795e-10,
00:00:14,     14681,   170.4918,  7.32709e-09,  4.06457e-09,  4.00617e-09,  1.12619e-08,  2.57570e-10,  2.67567e-10,  1.29000e-08,  1.56127e-10,
00:00:15,     15386,   170.3596,  7.34175e-09,  4.14197e-09,  3.50808e-09,  1.09548e-08,  2.44777e-10,  2.44132e-10,  1.29000e-08,  1.63020e-10,
00:00:16,     16091,   170.4918,  7.58607e-09,  3.78937e-09,  3.57258e-09,  1.08524e-08,  2.31985e-10,  2.35747e-10,  1.22089e-08,  1.73081e-10,
00:00:16,     16796,   170.6241,  7.20493e-09,  3.64640e-09,  3.21663e-09,  1.04429e-08,  2.48540e-10,  2.64987e-10,  1.15179e-08,  1.51469e-10,
00:00:17,     17481,   170.3596,  6.93130e-09,  3.57330e-09,  3.53078e-09,  1.06476e-08,  2.42197e-10,  2.51012e-10,  1.08268e-08,  1.62461e-10,
00:00:18,     18186,   170.4918,  6.61857e-09,  3.31422e-09,  3.29189e-09,  1.03405e-08,  1.91027e-10,  2.55957e-10,  1.04429e-08,  1.87239e-10,
00:00:18,     18891,   170.6241,  6.39380e-09,  3.26370e-09,  3.55347e-09,  9.93095e-09,  2.72620e-10,  2.33382e-10,  1.02893e-08,  1.92456e-10,
00:00:19,     19596,   170.4918,  6.51107e-09,  3.08202e-09,  3.38863e-09,  9.93095e-09,  2.10485e-10,  2.71115e-10,  9.59821e-09,  1.55009e-10,
00:00:20,     20301,   170.7563,  7.14630e-09,  3.20887e-09,  3.55347e-09,  9.82857e-09,  2.01885e-10,  2.39940e-10,  9.90536e-09,  1.54450e-10,
00:00:21,     21006,   170.6241,  7.10966e-09,  2.92615e-09,  3.37191e-09,  9.52143e-09,  2.28867e-10,  2.25320e-10,  9.52143e-09,  1.89847e-10,
00:00:21,     21711,   170.4918,  7.18295e-09,  2.75845e-09,  3.39222e-09,  9.11190e-09,  2.10915e-10,  2.39402e-10,  8.90714e-09,  1.79229e-10,
00:00:22,     22416,   170.4918,  7.01925e-09,  2.69502e-09,  3.50689e-09,  8.90714e-09,  2.32307e-10,  2.55420e-10,  8.75357e-09,  1.66560e-10,
00:00:23,     23121,   170.4918,  7.76686e-09,  2.62300e-09,  3.67172e-09,  9.00952e-09,  2.23170e-10,  2.83262e-10,  8.36964e-09,  1.77551e-10,
00:00:23,     23826,   170.4918,  6.38402e-09,  2.61117e-09,  3.28950e-09,  9.00952e-09,  2.06292e-10,  2.46175e-10,  8.44643e-09,  1.76061e-10,
00:00:24,     24531,   170.4918,  6.87755e-09,  2.61117e-09,  3.33608e-09,  8.60000e-09,  1.95327e-10,  2.70040e-10,  8.13929e-09,  1.54263e-10,
00:00:25,     25236,   170.4918,  6.57459e-09,  2.70685e-09,  3.24172e-09,  8.80476e-09,  1.96617e-10,  2.36715e-10,  7.83214e-09,  2.01213e-10,
00:00:25,     25941,   170.3596,  7.45170e-09,  2.33060e-09,  3.72786e-09,  8.70238e-09,  1.73182e-10,  2.41445e-10,  7.75536e-09,  1.48860e-10,
00:00:26,     26646,   170.7563,  6.90198e-09,  2.49400e-09,  3.46030e-09,  8.60000e-09,  1.71247e-10,  2.64342e-10,  7.29464e-09,  1.73267e-10,
00:00:27,     27351,   170.4918,  6.25455e-09,  2.32630e-09,  3.52958e-09,  8.49762e-09,  1.79202e-10,  2.75092e-10,  7.37143e-09,  1.58362e-10,
00:00:28,     28056,   170.3596,  7.08523e-09,  2.07582e-09,  3.19274e-09,  8.52629e-09,  1.86835e-10,  2.61655e-10,  7.52500e-09,  1.69727e-10,
00:00:28,     28761,   170.4918,  7.21470e-09,  2.36607e-09,  3.22739e-09,  8.74641e-09,  1.95327e-10,  2.29835e-10,  6.98750e-09,  1.27808e-10,
00:00:29,     29446,   170.3596,  7.13652e-09,  2.05540e-09,  3.38863e-09,  7.95910e-09,  1.72537e-10,  2.29942e-10,  6.68036e-09,  1.79601e-10,
00:00:30,     30151,   170.4918,  6.75295e-09,  2.32737e-09,  3.18797e-09,  8.20584e-09,  1.72967e-10,  2.71222e-10,  6.91071e-09,  1.66001e-10,
00:00:30,     30856,   170.7563,  7.12432e-09,  2.23600e-09,  3.36236e-09,  7.69700e-09,  2.05110e-10,  2.64665e-10,  6.83393e-09,  1.75688e-10,
00:00:31,     31561,   170.7563,  6.56482e-09,  2.01240e-09,  3.55347e-09,  7.70724e-09,  1.89200e-10,  2.47680e-10,  6.91071e-09,  1.91153e-10,
00:00:32,     32266,   170.3596,  6.48175e-09,  2.05862e-09,  2.88100e-09,  8.00312e-09,  1.63722e-10,  2.53807e-10,  6.37321e-09,  1.42712e-10,
00:00:32,     32971,   170.6241,  7.13652e-09,  2.14892e-09,  3.34086e-09,  8.22529e-09,  1.52542e-10,  2.56065e-10,  6.62124e-09,  1.90407e-10,
00:00:33,     33676,   170.4918,  6.94595e-09,  1.90060e-09,  3.26800e-09,  7.42159e-09,  1.60927e-10,  2.51335e-10,  6.66193e-09,  1.78856e-10,
00:00:34,     34381,   170.8885,  6.85311e-09,  1.90490e-09,  3.47702e-09,  7.84852e-09,  1.67915e-10,  2.49400e-10,  6.32484e-09,  1.64324e-10,
00:00:35,     35086,   170.4918,  6.91175e-09,  1.91780e-09,  3.03508e-09,  7.52705e-09,  1.98660e-10,  2.40047e-10,  6.54599e-09,  1.57058e-10,
00:00:35,     35791,   170.3596,  6.37182e-09,  2.03497e-09,  3.32891e-09,  7.71236e-09,  1.50715e-10,  2.67460e-10,  6.43311e-09,  1.76806e-10,
00:00:36,     36496,   170.7563,  6.43289e-09,  1.95005e-09,  3.27039e-09,  7.55776e-09,  1.78127e-10,  2.60257e-10,  6.24191e-09,  2.23198e-10,
00:00:37,     37201,   170.3596,  6.51352e-09,  1.62970e-09,  3.30980e-09,  7.73181e-09,  1.75870e-10,  2.59505e-10,  6.03306e-09,  1.95624e-10,
00:00:37,     37906,   170.6241,  6.65034e-09,  1.72967e-09,  3.10197e-09,  7.41545e-09,  1.96295e-10,  2.23600e-10,  5.67216e-09,  1.68982e-10,
00:00:38,     38611,   170.3596,  7.08034e-09,  1.68882e-09,  3.26919e-09,  7.80962e-09,  1.72967e-10,  2.63805e-10,  6.28568e-09,  1.97300e-10,
00:00:39,     39316,   170.3596,  6.66743e-09,  1.80922e-09,  2.90847e-09,  7.33867e-09,  1.56305e-10,  2.68427e-10,  6.09371e-09,  1.93201e-10,
00:00:40,     40021,   170.4918,  7.16095e-09,  1.59960e-09,  3.16050e-09,  7.17076e-09,  1.78127e-10,  2.54452e-10,  5.90713e-09,  1.78484e-10,
00:00:40,     40726,   170.4918,  6.54039e-09,  1.93500e-09,  3.12944e-09,  7.07862e-09,  1.62325e-10,  2.70040e-10,  5.79425e-09,  1.85191e-10,
00:00:41,     41431,   170.3596,  6.47932e-09,  1.69527e-09,  3.12347e-09,  7.04995e-09,  1.69742e-10,  2.74232e-10,  5.75125e-09,  1.55568e-10,
00:00:42,     42136,   170.3596,  6.25455e-09,  1.75117e-09,  2.97536e-09,  7.33969e-09,  1.72000e-10,  2.79822e-10,  5.75739e-09,  2.32326e-10,
00:00:42,     42841,   170.4918,  7.00459e-09,  1.86727e-09,  3.16767e-09,  7.50350e-09,  1.69957e-10,  2.52410e-10,  5.98775e-09,  1.95809e-10,
00:00:43,     43546,   170.3596,  6.45489e-09,  1.45985e-09,  2.74602e-09,  7.26495e-09,  1.60605e-10,  2.28007e-10,  5.70134e-09,  1.82582e-10,
00:00:44,     44251,   170.3596,  6.81891e-09,  1.67592e-09,  3.19036e-09,  7.03971e-09,  1.44802e-10,  2.52410e-10,  5.68905e-09,  1.44203e-10,
00:00:44,     44956,   170.3596,  6.45243e-09,  1.90167e-09,  3.20350e-09,  7.10830e-09,  1.62217e-10,  2.47465e-10,  5.74280e-09,  1.44575e-10,
00:00:45,     45661,   170.6241,  7.27334e-09,  1.57702e-09,  3.29069e-09,  7.62329e-09,  1.68130e-10,  2.38542e-10,  5.53011e-09,  1.79414e-10,
00:00:46,     46366,   170.2274,  6.49398e-09,  1.71247e-09,  2.97774e-09,  7.18305e-09,  1.54370e-10,  2.64020e-10,  5.21529e-09,  1.95437e-10,
00:00:47,     47071,   170.4918,  7.37595e-09,  1.64582e-09,  3.19991e-09,  7.02026e-09,  1.34912e-10,  2.53270e-10,  5.44487e-09,  1.65256e-10,
00:00:47,     47776,   170.4918,  7.51523e-09,  1.59530e-09,  3.07928e-09,  6.92710e-09,  1.86297e-10,  2.58322e-10,  5.34198e-09,  2.06057e-10,
00:00:48,     48481,   170.3596,  6.50375e-09,  1.68022e-09,  3.06374e-09,  6.94962e-09,  1.48027e-10,  2.37790e-10,  5.36732e-09,  1.72894e-10,
00:00:49,     49166,   170.2274,  6.85800e-09,  1.58347e-09,  3.38624e-09,  7.81065e-09,  1.48565e-10,  2.90250e-10,  5.32739e-09,  2.06057e-10,
00:00:49,     49871,   170.2274,  7.25380e-09,  1.77482e-09,  3.18558e-09,  8.07684e-09,  1.41040e-10,  2.49615e-10,  5.61304e-09,  1.82768e-10,
00:00:50,     50576,   170.2274,  7.71311e-09,  1.81782e-09,  3.08883e-09,  7.77992e-09,  1.67915e-10,  2.89282e-10,  5.72054e-09,  1.96182e-10,
00:00:51,     51281,   170.4918,  6.84823e-09,  1.61035e-09,  3.15094e-09,  7.53012e-09,  1.60282e-10,  2.81112e-10,  5.30819e-09,  1.48860e-10,
00:00:51,     51986,   170.4918,  7.55432e-09,  1.64905e-09,  2.88219e-09,  7.25369e-09,  1.75010e-10,  2.77565e-10,  5.59845e-09,  2.15185e-10,
00:00:52,     52691,   170.3596,  6.80182e-09,  1.70387e-09,  3.09600e-09,  7.28440e-09,  1.45017e-10,  2.74877e-10,  5.38729e-09,  1.87239e-10,
00:00:53,     53376,   170.4918,  6.67720e-09,  1.67162e-09,  3.23456e-09,  6.72130e-09,  1.71355e-10,  2.39295e-10,  5.59768e-09,  1.85003e-10,
00:00:54,     54081,   170.4918,  7.20005e-09,  1.46092e-09,  3.45672e-09,  7.16052e-09,  1.65872e-10,  2.74447e-10,  5.34351e-09,  1.93761e-10,
00:00:54,     54786,   170.3596,  6.45243e-09,  1.42115e-09,  3.11750e-09,  7.05302e-09,  1.51682e-10,  2.86057e-10,  5.27364e-09,  1.99723e-10,
00:00:55,     55471,   170.4918,  6.33761e-09,  1.58347e-09,  3.15452e-09,  6.67729e-09,  1.78987e-10,  2.69610e-10,  5.35964e-09,  1.64138e-10,
00:00:56,     56156,   170.6241,  7.65205e-09,  1.54477e-09,  3.06136e-09,  6.78171e-09,  1.36740e-10,  2.91002e-10,  5.23679e-09,  1.89102e-10,
00:00:56,     56861,   170.6241,  7.08034e-09,  1.53940e-09,  3.17244e-09,  6.93221e-09,  1.53187e-10,  2.64772e-10,  5.08091e-09,  1.58176e-10,
00:00:57,     57546,   170.4918,  6.93618e-09,  1.48887e-09,  3.14019e-09,  6.65169e-09,  1.61357e-10,  2.65525e-10,  5.12775e-09,  1.69913e-10,
00:00:58,     58251,   170.4918,  7.02659e-09,  1.43297e-09,  2.87263e-09,  7.22092e-09,  1.50715e-10,  2.68857e-10,  5.21221e-09,  2.18912e-10,
00:00:58,     58956,   170.4918,  6.66989e-09,  1.54477e-09,  2.77828e-09,  6.88205e-09,  1.51575e-10,  3.07450e-10,  5.21298e-09,  1.59480e-10,
00:00:59,     59661,   170.3596,  7.51523e-09,  1.54262e-09,  3.30383e-09,  6.42952e-09,  1.54047e-10,  2.66062e-10,  4.98416e-09,  1.82210e-10,
00:01:00,     60366,   170.6241,  7.17073e-09,  1.62970e-09,  3.15333e-09,  6.89024e-09,  1.45125e-10,  2.65525e-10,  5.00489e-09,  1.88357e-10,
00:01:01,     61071,   170.4918,  6.55016e-09,  1.49962e-09,  3.01597e-09,  6.47150e-09,  1.46952e-10,  2.78317e-10,  5.03637e-09,  1.94692e-10,
00:01:01,     61776,   170.3596,  6.62591e-09,  1.57810e-09,  3.02074e-09,  6.97010e-09,  1.33085e-10,  2.90142e-10,  5.02562e-09,  1.72522e-10,
00:01:02,     62481,   170.3596,  6.25455e-09,  1.43620e-09,  2.90608e-09,  6.65169e-09,  1.36202e-10,  2.62085e-10,  4.98339e-09,  1.92270e-10,
00:01:03,     63186,   170.2274,  6.63323e-09,  1.55122e-09,  3.16528e-09,  6.91890e-09,  1.69742e-10,  2.76812e-10,  4.94576e-09,  1.90407e-10,
00:01:03,     63891,   170.2274,  6.23011e-09,  1.57487e-09,  2.82844e-09,  6.67114e-09,  1.44265e-10,  2.85842e-10,  4.85823e-09,  1.93016e-10,
00:01:04,     64596,   170.4918,  6.51352e-09,  1.26527e-09,  3.10674e-09,  6.75816e-09,  1.52435e-10,  2.53485e-10,  4.98569e-09,  1.80905e-10,
00:01:05,     65301,   170.2274,  6.90686e-09,  1.37815e-09,  3.21067e-09,  6.84519e-09,  1.47812e-10,  2.97667e-10,  4.95498e-09,  2.02331e-10,
00:01:06,     66006,   170.4918,  6.37182e-09,  1.32762e-09,  2.94789e-09,  6.96497e-09,  1.60175e-10,  2.80252e-10,  4.88357e-09,  2.15931e-10,
00:01:06,     66711,   170.3596,  6.15436e-09,  1.50285e-09,  2.83919e-09,  6.60459e-09,  1.52327e-10,  2.67460e-10,  5.00105e-09,  2.11087e-10,
00:01:07,     67416,   170.6241,  6.88732e-09,  1.51145e-09,  2.94908e-09,  6.51143e-09,  1.54692e-10,  2.90250e-10,  4.81446e-09,  2.05870e-10,
00:01:08,     68121,   170.3596,  7.04125e-09,  1.39427e-09,  3.23813e-09,  6.41621e-09,  1.35450e-10,  2.81757e-10,  4.99721e-09,  1.89847e-10,
00:01:08,     68826,   170.4918,  6.85068e-09,  1.49747e-09,  3.03150e-09,  6.63530e-09,  1.47920e-10,  2.53055e-10,  4.66473e-09,  1.68423e-10,
00:01:09,     69531,   170.2274,  6.35227e-09,  1.19432e-09,  2.73528e-09,  6.18278e-09,  1.46415e-10,  2.83155e-10,  4.85900e-09,  1.60225e-10,
00:01:10,     70236,   170.7563,  6.92641e-09,  1.58347e-09,  3.31578e-09,  6.70595e-09,  1.57917e-10,  2.69932e-10,  4.96957e-09,  2.10901e-10,
00:01:10,     70941,   170.3596,  6.82868e-09,  1.46307e-09,  3.26561e-09,  6.69981e-09,  1.52650e-10,  2.72082e-10,  4.81293e-09,  2.13322e-10,
00:01:11,     71646,   170.3596,  6.71875e-09,  1.41147e-09,  3.29189e-09,  6.76329e-09,  1.73827e-10,  5.68460e-10,  5.02332e-09,  4.60555e-10,
00:01:12,     72351,   170.6241,  7.13164e-09,  2.29297e-09,  4.67147e-09,  7.43695e-09,  3.34217e-10,  1.02619e-09,  6.21888e-09,  1.18362e-09,
00:01:13,     73056,   171.0207,  7.01193e-09,  2.81542e-09,  8.13894e-09,  8.66143e-09,  5.27287e-10,  6.64242e-09,  7.35221e-09,  1.78539e-09,
00:01:13,     73721,   171.9463,  8.23352e-09,  3.38947e-09,  8.84008e-09,  8.95219e-09,  5.12452e-10,  6.51235e-09,  8.02793e-09,  5.01728e-09,
00:01:14,     74346,   173.2686,  7.63982e-09,  4.15487e-09,  8.97267e-09,  8.85084e-09,  7.07135e-10,  9.13965e-09,  9.06071e-09,  6.70151e-09,
00:01:15,     75011,   176.3098,  6.94352e-09,  5.25782e-09,  9.32981e-09,  9.73229e-09,  1.00351e-09,  1.12251e-08,  1.09804e-08,  1.29876e-08,
00:01:15,     75676,   180.0121,  6.15925e-09,  8.00015e-09,  1.01289e-08,  1.06988e-08,  1.07790e-09,  2.21450e-08,  1.38214e-08,  1.90295e-08,
00:01:16,     76341,   184.5078,  6.59170e-09,  9.52773e-09,  9.87806e-09,  1.11595e-08,  4.26130e-09,  2.50475e-08,  1.63554e-08,  2.08666e-08,
00:01:17,     77006,   189.9291,  6.35227e-09,  1.02619e-08,  8.73139e-09,  1.18762e-08,  4.48382e-09,  2.31125e-08,  1.78911e-08,  2.01213e-08,
00:01:17,     77671,   195.2181,  7.21716e-09,  1.05575e-08,  7.45452e-09,  1.22857e-08,  3.87000e-09,  2.28975e-08,  1.93500e-08,  1.97487e-08,
00:01:18,     78336,   200.3750,  6.89466e-09,  1.12498e-08,  6.75100e-09,  1.25929e-08,  4.06887e-09,  2.37575e-08,  2.00411e-08,  2.06802e-08,
00:01:19,     79001,   204.8706,  7.02170e-09,  1.16100e-08,  7.05319e-09,  1.32071e-08,  4.43545e-09,  2.56925e-08,  2.21143e-08,  2.21707e-08,
00:01:19,     79666,   208.5730,  7.09255e-09,  1.22550e-08,  7.05080e-09,  1.37190e-08,  4.36127e-09,  2.73050e-08,  2.28054e-08,  2.45927e-08,
00:01:20,     80331,   211.4820,  7.16341e-09,  1.27925e-08,  7.03886e-09,  1.37190e-08,  5.00627e-09,  2.78425e-08,  2.40339e-08,  2.58969e-08,
00:01:20,     80996,   214.5231,  7.43216e-09,  1.31150e-08,  7.31836e-09,  1.43333e-08,  5.00197e-09,  2.91325e-08,  2.61071e-08,  2.64558e-08,
00:01:21,     81661,   216.6388,  7.63739e-09,  1.39750e-08,  7.57636e-09,  1.48452e-08,  5.36532e-09,  2.94550e-08,  2.73357e-08,  2.68284e-08,
00:01:22,     82326,   218.8866,  7.48102e-09,  1.45125e-08,  7.68983e-09,  1.56643e-08,  5.88025e-09,  2.98850e-08,  2.74893e-08,  2.75737e-08,
00:01:22,     82991,   220.7378,  7.42727e-09,  1.49425e-08,  8.14730e-09,  1.55619e-08,  5.55882e-09,  3.02075e-08,  2.85643e-08,  2.72010e-08,
00:01:23,     83656,   222.3245,  6.75539e-09,  1.55875e-08,  7.75791e-09,  1.57667e-08,  5.17397e-09,  2.89175e-08,  2.97161e-08,  2.53380e-08,
00:01:24,     84321,   224.5723,  7.91345e-09,  1.46200e-08,  7.47841e-09,  1.63810e-08,  5.37285e-09,  2.78425e-08,  2.95625e-08,  2.47790e-08,
00:01:24,     84986,   226.2913,  7.70091e-09,  1.46200e-08,  7.64324e-09,  1.61762e-08,  5.09872e-09,  2.63375e-08,  2.94089e-08,  2.29159e-08,
00:01:25,     85651,   228.4069,  7.90125e-09,  1.40825e-08,  7.64206e-09,  1.56643e-08,  4.82997e-09,  2.32200e-08,  2.84875e-08,  1.97487e-08,
00:01:26,     86316,   230.7870,  7.96232e-09,  1.27925e-08,  7.29686e-09,  1.50500e-08,  3.96567e-09,  1.94575e-08,  2.73357e-08,  1.56499e-08,
00:01:26,     86981,   233.2993,  8.05273e-09,  1.22550e-08,  6.72113e-09,  1.53571e-08,  3.14330e-09,  1.41900e-08,  2.54929e-08,  1.08059e-08,
00:01:27,     87646,   235.9438,  7.73511e-09,  1.03200e-08,  6.40700e-09,  1.40262e-08,  2.34027e-09,  1.02125e-08,  2.37268e-08,  7.94232e-09,
00:01:28,     88311,   238.7205,  7.92080e-09,  9.03000e-09,  6.57183e-09,  1.30024e-08,  2.13065e-09,  8.27750e-09,  2.12696e-08,  5.88175e-09,
00:01:28,     88976,   242.0262,  7.69845e-09,  8.06250e-09,  5.92206e-09,  1.24905e-08,  1.90597e-09,  6.21780e-09,  2.02714e-08,  4.86823e-09,
00:01:29,     89641,   244.9352,  7.38084e-09,  7.15627e-09,  6.06539e-09,  1.24905e-08,  1.60390e-09,  5.53302e-09,  1.79679e-08,  4.32981e-09,
00:01:30,     90306,   248.2408,  7.62761e-09,  6.37045e-09,  5.47652e-09,  1.17738e-08,  1.56842e-09,  4.91705e-09,  1.77375e-08,  4.09692e-09,
00:01:30,     90971,   251.2820,  8.38255e-09,  6.21887e-09,  5.45741e-09,  1.10571e-08,  1.50822e-09,  4.67517e-09,  1.60482e-08,  3.52308e-09,
00:01:31,     91636,   254.3232,  9.03977e-09,  6.07590e-09,  4.64758e-09,  1.09548e-08,  1.36310e-09,  4.16670e-09,  1.49732e-08,  3.15419e-09,
00:01:32,     92301,   257.2322,  7.80107e-09,  5.04175e-09,  5.18030e-09,  1.12619e-08,  1.30505e-09,  3.81732e-09,  1.41286e-08,  3.31069e-09,
00:01:32,     92966,   260.0090,  8.21398e-09,  5.43735e-09,  4.55202e-09,  1.06476e-08,  1.21690e-09,  3.69262e-09,  1.38214e-08,  2.69402e-09,
00:01:33,     93631,   262.6535,  8.63175e-09,  4.98047e-09,  4.33702e-09,  1.07500e-08,  1.21582e-09,  3.18415e-09,  1.26696e-08,  2.69775e-09,
00:01:34,     94296,   265.0336,  7.76198e-09,  4.76010e-09,  4.80644e-09,  1.02381e-08,  9.24500e-10,  3.23790e-09,  1.31304e-08,  2.58409e-09,
00:01:34,     94961,   267.2814,  8.86141e-09,  4.58810e-09,  4.39197e-09,  9.82857e-09,  1.05780e-09,  3.25187e-09,  1.19786e-08,  2.48348e-09,
00:01:35,     95606,   270.1904,  9.20345e-09,  4.84395e-09,  4.80167e-09,  1.00333e-08,  9.62125e-10,  3.00462e-09,  1.15179e-08,  2.57291e-09,
00:01:36,     96271,   272.1738,  8.30682e-09,  4.38062e-09,  4.67863e-09,  1.00333e-08,  1.17497e-09,  2.98205e-09,  1.15179e-08,  2.08293e-09,
00:01:36,     96936,   275.0827,  8.78080e-09,  4.06457e-09,  4.36091e-09,  9.52143e-09,  1.10832e-09,  3.07772e-09,  1.15179e-08,  2.58596e-09,
00:01:37,     97581,   277.4628,  9.56261e-09,  3.80980e-09,  4.75747e-09,  9.21429e-09,  1.14917e-09,  3.09492e-09,  1.08268e-08,  2.57291e-09,
00:01:38,     98246,   279.9751,  1.02125e-08,  3.78830e-09,  4.50902e-09,  9.41905e-09,  1.01802e-09,  2.85950e-09,  1.05964e-08,  2.10156e-09,
00:01:38,     98911,   282.6196,  1.02540e-08,  3.82377e-09,  4.45528e-09,  8.90714e-09,  9.57825e-10,  2.94012e-09,  1.07500e-08,  2.11087e-09,
00:01:39,     99576,   285.2641,  1.06327e-08,  3.78185e-09,  4.28328e-09,  9.00952e-09,  1.01587e-09,  3.00892e-09,  1.00589e-08,  2.07548e-09,
00:01:40,    100241,   287.7764,  1.16638e-08,  3.62275e-09,  4.49111e-09,  8.90714e-09,  9.22350e-10,  2.71652e-09,  1.01357e-08,  1.87054e-09,
00:01:40,    100886,   290.6854,  1.10554e-08,  3.71305e-09,  4.35017e-09,  9.11190e-09,  7.84750e-10,  2.56710e-09,  9.82857e-09,  1.81837e-09,
00:01:41,    101551,   293.5944,  1.23576e-08,  3.46795e-09,  4.33106e-09,  8.60000e-09,  3.78507e-10,  2.25642e-09,  9.29107e-09,  1.82395e-09,
00:01:42,    102216,   296.1067,  1.21841e-08,  3.58512e-09,  4.57830e-09,  8.90714e-09,  3.22177e-10,  2.48862e-09,  9.98214e-09,  1.76248e-09,
00:01:42,    102881,   298.8834,  1.29708e-08,  3.67542e-09,  4.50663e-09,  8.60000e-09,  3.45720e-10,  2.31447e-09,  9.06071e-09,  1.68609e-09,
00:01:43,    103546,   301.7924,  1.28316e-08,  3.50665e-09,  4.16980e-09,  8.90714e-09,  3.10460e-10,  2.26717e-09,  9.06071e-09,  1.54636e-09,
00:01:44,    104211,   304.1725,  1.19936e-08,  3.47870e-09,  4.17578e-09,  8.70238e-09,  3.39485e-10,  2.22955e-09,  8.90714e-09,  5.58925e-10,
00:01:44,    104876,   307.3459,  1.26923e-08,  2.86057e-09,  4.06828e-09,  8.60000e-09,  3.27337e-10,  1.94037e-09,  8.44643e-09,  6.39783e-10,
00:01:45,    105541,   309.5938,  1.46518e-08,  3.05192e-09,  4.39794e-09,  8.29286e-09,  3.05945e-10,  2.06937e-09,  8.21607e-09,  5.94137e-10,
00:01:46,    106206,   312.2383,  1.37722e-08,  3.15405e-09,  4.46602e-09,  8.27136e-09,  3.10675e-10,  2.18332e-09,  8.90714e-09,  6.12210e-10,
00:01:46,    106851,   314.6184,  1.34204e-08,  2.96162e-09,  4.48036e-09,  8.22938e-09,  3.12395e-10,  2.00165e-09,  8.29286e-09,  5.82958e-10,
00:01:47,    107516,   317.7918,  1.36403e-08,  3.07235e-09,  3.99422e-09,  8.30003e-09,  3.07020e-10,  1.69097e-09,  8.06250e-09,  5.42903e-10,
00:01:48,    108181,   320.0396,  1.37429e-08,  2.89282e-09,  4.22474e-09,  7.87412e-09,  3.09277e-10,  1.84470e-09,  8.06250e-09,  5.17378e-10,
00:01:48,    108846,   322.6842,  1.42731e-08,  2.67675e-09,  3.86044e-09,  8.16795e-09,  2.79392e-10,  1.72860e-09,  8.13929e-09,  5.02846e-10,
00:01:49,    109511,   325.3287,  1.43561e-08,  2.43917e-09,  3.82102e-09,  7.97035e-09,  3.29487e-10,  1.90275e-09,  8.06250e-09,  4.87010e-10,
00:01:50,    110176,   327.9732,  1.37795e-08,  2.62730e-09,  4.05394e-09,  8.31027e-09,  2.83262e-10,  1.70817e-09,  7.83214e-09,  5.08622e-10,
00:01:50,    110821,   330.6177,  1.37869e-08,  2.71330e-09,  3.97750e-09,  7.28440e-09,  2.75630e-10,  1.54047e-09,  7.75536e-09,  5.03033e-10,
00:01:51,    111466,   333.2623,  1.46175e-08,  2.62730e-09,  4.53052e-09,  7.72465e-09,  2.81972e-10,  1.66947e-09,  7.52500e-09,  4.53288e-10,
00:01:52,    112131,   335.7745,  1.39970e-08,  2.52195e-09,  3.98347e-09,  7.51886e-09,  2.87240e-10,  1.69957e-09,  7.52500e-09,  4.79744e-10,
00:01:52,    112796,   338.5513,  1.54238e-08,  2.64020e-09,  4.16263e-09,  7.90689e-09,  2.81220e-10,  1.69635e-09,  7.52500e-09,  4.43787e-10,
00:01:53,    113461,   341.4603,  1.36965e-08,  2.39295e-09,  4.04917e-09,  7.88027e-09,  2.70470e-10,  1.61572e-09,  7.90893e-09,  4.23666e-10,
00:01:54,    114126,   343.8403,  1.45663e-08,  2.33597e-09,  3.93928e-09,  7.92429e-09,  2.82832e-10,  1.61142e-09,  7.75536e-09,  4.24596e-10,
00:01:54,    114791,   346.7493,  1.47104e-08,  2.45852e-09,  3.79713e-09,  7.51271e-09,  2.61655e-10,  1.55552e-09,  8.29286e-09,  4.57201e-10,
00:01:55,    115436,   349.2616,  1.39261e-08,  2.30802e-09,  3.91897e-09,  8.02154e-09,  2.60902e-10,  1.35127e-09,  8.13929e-09,  4.16399e-10,
00:01:56,    116101,   351.7739,  1.42217e-08,  2.33597e-09,  3.90106e-09,  8.19252e-09,  2.69180e-10,  1.69850e-09,  8.29286e-09,  3.88267e-10,
00:01:56,    116746,   354.4184,  1.43268e-08,  2.31125e-09,  3.69800e-09,  8.06967e-09,  2.55527e-10,  1.55230e-09,  8.36964e-09,  4.24783e-10,
00:01:57,    117411,   357.1952,  1.38308e-08,  2.30265e-09,  3.85447e-09,  7.50554e-09,  2.74232e-10,  1.40610e-09,  8.67679e-09,  4.30558e-10,
00:01:58,    118076,   359.7075,  1.39579e-08,  2.01240e-09,  3.74697e-09,  7.99084e-09,  2.47787e-10,  1.52542e-09,  8.75357e-09,  3.73920e-10,
00:01:58,    118741,   362.3520,  1.35914e-08,  2.04680e-09,  3.93808e-09,  7.74921e-09,  2.37897e-10,  1.43835e-09,  9.13750e-09,  4.42109e-10,
00:01:59,    119406,   365.5254,  1.45858e-08,  2.26717e-09,  3.65978e-09,  8.05636e-09,  2.51335e-10,  1.45877e-09,  8.83036e-09,  3.92179e-10,
00:02:00,    120071,   368.0377,  1.52577e-08,  2.01992e-09,  3.85686e-09,  7.90279e-09,  2.24997e-10,  1.33085e-09,  8.67679e-09,  3.83236e-10,
00:02:00,    120736,   370.5500,  1.53725e-08,  2.26610e-09,  3.73263e-09,  7.96114e-09,  2.43165e-10,  1.24592e-09,  8.60000e-09,  3.29579e-10,
00:02:01,    121401,   373.0623,  1.40898e-08,  2.05325e-09,  3.51644e-09,  8.10857e-09,  2.53592e-10,  1.33622e-09,  8.67679e-09,  3.22127e-10,
00:02:02,    122046,   375.8391,  1.40385e-08,  2.17580e-09,  3.87717e-09,  8.25293e-09,  2.60365e-10,  1.47597e-09,  8.83036e-09,  3.83236e-10,
00:02:02,    122711,   378.3514,  1.47861e-08,  2.24782e-09,  3.80430e-09,  8.38090e-09,  2.32845e-10,  1.32655e-09,  8.60000e-09,  4.04289e-10,
00:02:03,    123376,   380.9959,  1.42511e-08,  2.04895e-09,  3.90583e-09,  8.00926e-09,  2.22417e-10,  1.38460e-09,  8.52321e-09,  3.37404e-10,
00:02:04,    124041,   383.5082,  1.33960e-08,  1.88985e-09,  3.99302e-09,  8.53960e-09,  2.36715e-10,  1.45555e-09,  8.13929e-09,  3.39081e-10,
00:02:04,    124686,   386.2849,  1.29415e-08,  1.84685e-09,  3.74458e-09,  8.23552e-09,  2.16612e-10,  1.29645e-09,  8.13929e-09,  3.53241e-10,
00:02:05,    125351,   388.7972,  1.32860e-08,  2.04250e-09,  4.24983e-09,  8.58055e-09,  2.25642e-10,  1.23410e-09,  7.83214e-09,  3.98886e-10,
00:02:06,    126016,   391.7062,  1.25237e-08,  2.11882e-09,  3.67769e-09,  8.85800e-09,  2.47142e-10,  1.37492e-09,  7.52500e-09,  3.19518e-10,
00:02:06,    126681,   394.3507,  1.26777e-08,  1.99197e-09,  3.95361e-09,  9.14774e-09,  2.41337e-10,  1.32547e-09,  7.75536e-09,  3.06104e-10,
00:02:07,    127346,   396.9953,  1.26117e-08,  2.16505e-09,  3.95958e-09,  9.58695e-09,  2.25857e-10,  1.46522e-09,  7.83214e-09,  3.72244e-10,
00:02:08,    128011,   399.5076,  1.27412e-08,  1.89737e-09,  3.59169e-09,  1.03968e-08,  2.28437e-10,  1.19002e-09,  7.52500e-09,  3.43366e-10,
00:02:08,    128656,   402.2843,  1.36891e-08,  1.99090e-09,  3.97630e-09,  1.04429e-08,  2.26825e-10,  1.28677e-09,  7.29464e-09,  3.47652e-10,
00:02:09,    129321,   404.7966,  1.24138e-08,  2.04465e-09,  3.53078e-09,  1.02381e-08,  2.05325e-10,  1.25130e-09,  7.67857e-09,  3.09085e-10,
00:02:09,    129986,   407.4411,  1.22843e-08,  1.85760e-09,  3.60602e-09,  1.07500e-08,  2.28222e-10,  1.25882e-09,  7.60179e-09,  3.11508e-10,
00:02:10,    130651,   410.2179,  1.26728e-08,  2.21450e-09,  3.56183e-09,  1.11595e-08,  2.23922e-10,  1.41577e-09,  7.75536e-09,  3.66282e-10,
00:02:11,    131316,   412.8624,  1.16320e-08,  2.14140e-09,  4.08619e-09,  1.12619e-08,  2.71760e-10,  1.47812e-09,  7.67857e-09,  3.66655e-10,
00:02:11,    131981,   415.6391,  1.25531e-08,  1.93607e-09,  4.02289e-09,  1.10571e-08,  2.37252e-10,  1.35665e-09,  7.06429e-09,  3.54544e-10,
00:02:12,    132646,   418.1514,  1.13022e-08,  1.71677e-09,  3.54152e-09,  1.12619e-08,  2.81220e-10,  1.42867e-09,  7.37143e-09,  3.36286e-10,
00:02:13,    133311,   420.9282,  1.17664e-08,  1.69312e-09,  3.64783e-09,  1.15690e-08,  2.50905e-10,  1.50285e-09,  7.60179e-09,  3.63487e-10,
00:02:13,    133976,   423.4405,  1.31394e-08,  1.83502e-09,  3.63589e-09,  1.17738e-08,  2.74662e-10,  1.11692e-09,  7.14107e-09,  3.49142e-10,
00:02:14,    134641,   426.2172,  1.22843e-08,  2.15967e-09,  3.89269e-09,  1.22857e-08,  2.65525e-10,  1.43835e-09,  7.21786e-09,  3.98700e-10,
00:02:15,    135286,   428.7295,  1.26215e-08,  1.69957e-09,  3.64544e-09,  1.20810e-08,  2.47142e-10,  1.34052e-09,  7.14107e-09,  3.79510e-10,
00:02:15,    135951,   431.3740,  1.15782e-08,  2.02422e-09,  3.72547e-09,  1.23881e-08,  2.61010e-10,  1.53940e-09,  7.14107e-09,  3.61438e-10,
00:02:16,    136616,   434.0186,  1.13877e-08,  2.07045e-09,  3.84730e-09,  1.24905e-08,  2.81865e-10,  1.46845e-09,  7.29464e-09,  3.84168e-10,
00:02:17,    137281,   436.7953,  1.24529e-08,  1.99520e-09,  3.97033e-09,  1.27976e-08,  2.74985e-10,  1.42975e-09,  7.44821e-09,  3.73920e-10,
00:02:17,    137946,   439.3076,  1.16002e-08,  2.05755e-09,  3.78758e-09,  1.29000e-08,  2.56602e-10,  1.42975e-09,  7.06429e-09,  4.06153e-10,
00:02:18,    138611,   442.0844,  1.20449e-08,  2.05110e-09,  3.51883e-09,  1.34119e-08,  2.54237e-10,  1.52972e-09,  7.29464e-09,  3.08154e-10,
00:02:19,    139276,   444.8611,  1.25531e-08,  1.80815e-09,  3.85328e-09,  1.34119e-08,  2.72620e-10,  1.54692e-09,  7.06429e-09,  3.90130e-10,
00:02:19,    139941,   447.7701,  1.25506e-08,  1.92640e-09,  3.83536e-09,  1.36167e-08,  2.68965e-10,  1.53187e-09,  7.14107e-09,  3.47652e-10,
00:02:20,    140586,   450.0179,  1.24333e-08,  2.00917e-09,  3.72069e-09,  1.38214e-08,  2.67567e-10,  1.46737e-09,  7.37143e-09,  3.48955e-10,
00:02:21,    141251,   452.6625,  1.15660e-08,  2.22632e-09,  3.44358e-09,  1.45381e-08,  2.79607e-10,  1.54370e-09,  7.14107e-09,  3.79697e-10,
00:02:21,    141916,   455.1748,  1.15929e-08,  1.83825e-09,  3.94883e-09,  1.42310e-08,  2.39402e-10,  1.56520e-09,  6.91071e-09,  3.75038e-10,
00:02:22,    142581,   457.8193,  1.23430e-08,  2.04572e-09,  3.93689e-09,  1.49476e-08,  2.47787e-10,  1.50392e-09,  7.37143e-09,  3.89943e-10,
00:02:23,    143246,   460.7283,  1.19643e-08,  1.96725e-09,  3.50928e-09,  1.47429e-08,  2.83047e-10,  1.36202e-09,  7.06429e-09,  3.91620e-10,
00:02:23,    143911,   463.2406,  1.22183e-08,  2.03605e-09,  3.64783e-09,  1.42310e-08,  2.59075e-10,  1.56627e-09,  7.44821e-09,  4.05407e-10,
00:02:24,    144576,   466.1495,  1.15733e-08,  2.15000e-09,  3.77086e-09,  1.41286e-08,  2.38865e-10,  1.67592e-09,  7.14107e-09,  3.49328e-10,
00:02:25,    145241,   468.6618,  1.18445e-08,  2.01777e-09,  3.68128e-09,  1.43333e-08,  2.68320e-10,  1.68667e-09,  7.21786e-09,  3.75038e-10,
00:02:25,    145906,   471.1741,  1.20009e-08,  1.96940e-09,  3.50928e-09,  1.46405e-08,  2.65202e-10,  1.77160e-09,  6.91071e-09,  4.36520e-10,
00:02:26,    146571,   474.0831,  1.16662e-08,  2.21557e-09,  3.49256e-09,  1.41286e-08,  2.95840e-10,  1.55660e-09,  7.29464e-09,  3.94974e-10,
00:02:27,    147236,   476.7276,  1.23576e-08,  2.03712e-09,  3.55944e-09,  1.39238e-08,  3.24435e-10,  1.73612e-09,  7.60179e-09,  3.96277e-10,
00:02:27,    147901,   479.3722,  1.20473e-08,  2.09410e-09,  3.45074e-09,  1.37190e-08,  2.94765e-10,  1.69957e-09,  7.44821e-09,  4.62231e-10,
00:02:28,    148566,   482.0167,  1.07231e-08,  1.98230e-09,  3.60722e-09,  1.36167e-08,  2.64342e-10,  1.66195e-09,  6.98750e-09,  3.87707e-10,
00:02:29,    149231,   484.6612,  1.03933e-08,  1.98552e-09,  3.78280e-09,  1.34119e-08,  2.42735e-10,  1.77267e-09,  7.67857e-09,  4.52542e-10,
00:02:29,    149896,   487.5702,  1.07817e-08,  2.04142e-09,  3.52361e-09,  1.34119e-08,  2.49507e-10,  1.74042e-09,  7.60179e-09,  4.49189e-10,
00:02:30,    150541,   489.9502,  1.03053e-08,  1.98982e-09,  3.59647e-09,  1.35143e-08,  2.86702e-10,  1.84362e-09,  7.60179e-09,  4.20685e-10,
00:02:31,    151206,   492.5948,  1.11140e-08,  2.07690e-09,  3.94286e-09,  1.22857e-08,  2.94227e-10,  1.93500e-09,  7.21786e-09,  4.15281e-10,
00:02:31,    151871,   495.2393,  1.06327e-08,  2.12312e-09,  3.47344e-09,  1.18762e-08,  2.74232e-10,  2.08550e-09,  7.83214e-09,  4.00936e-10,
00:02:32,    152536,   497.8838,  1.09088e-08,  1.94467e-09,  3.58213e-09,  1.23881e-08,  2.95947e-10,  1.88125e-09,  7.60179e-09,  4.17331e-10,
00:02:33,    153201,   500.5283,  1.10700e-08,  2.14677e-09,  3.30383e-09,  1.14667e-08,  2.79500e-10,  1.90490e-09,  7.60179e-09,  4.31118e-10,
00:02:33,    153866,   503.5695,  1.01612e-08,  2.25535e-09,  3.63350e-09,  1.20810e-08,  2.73050e-10,  1.90705e-09,  7.21786e-09,  4.27019e-10,
00:02:34,    154531,   505.9496,  1.02662e-08,  1.95005e-09,  3.58452e-09,  1.16714e-08,  2.52302e-10,  1.91995e-09,  7.37143e-09,  4.77508e-10,
00:02:35,    155196,   508.5941,  1.05423e-08,  2.15107e-09,  3.86402e-09,  1.15690e-08,  2.90357e-10,  2.08872e-09,  7.21786e-09,  4.65771e-10,
00:02:35,    155821,   510.9742,  1.00024e-08,  2.22202e-09,  3.64067e-09,  1.11595e-08,  2.99495e-10,  2.04250e-09,  7.37143e-09,  4.36520e-10,
00:02:36,    156486,   513.6187,  1.01392e-08,  2.33060e-09,  3.83297e-09,  1.15690e-08,  3.12717e-10,  2.17795e-09,  7.52500e-09,  4.56083e-10,
00:02:37,    157151,   516.6599,  1.06107e-08,  2.13602e-09,  3.47224e-09,  1.09548e-08,  2.55527e-10,  2.17902e-09,  7.60179e-09,  5.16633e-10,
00:02:37,    157816,   519.4367,  1.03273e-08,  2.19515e-09,  3.96436e-09,  1.08524e-08,  3.17985e-10,  2.09517e-09,  7.52500e-09,  4.40806e-10,
00:02:38,    158481,   521.8167,  1.01148e-08,  2.10055e-09,  3.90463e-09,  1.03405e-08,  2.83585e-10,  2.17795e-09,  7.60179e-09,  4.95953e-10,
00:02:39,    159146,   524.3291,  1.01245e-08,  2.25427e-09,  3.47941e-09,  1.05452e-08,  3.00570e-10,  2.36070e-09,  7.67857e-09,  4.64653e-10,
00:02:39,    159811,   527.1058,  1.02003e-08,  2.37682e-09,  3.91419e-09,  1.04429e-08,  2.55742e-10,  2.08335e-09,  7.90893e-09,  4.79744e-10,
00:02:40,    160476,   530.0148,  1.02662e-08,  2.18440e-09,  3.61200e-09,  1.08524e-08,  2.88315e-10,  2.29620e-09,  7.83214e-09,  5.08995e-10,
00:02:41,    161141,   532.5271,  9.62368e-09,  2.26287e-09,  3.35280e-09,  1.07500e-08,  2.87562e-10,  2.36070e-09,  7.60179e-09,  4.63348e-10,
00:02:41,    161806,   535.1716,  1.00659e-08,  2.27362e-09,  3.88672e-09,  1.01357e-08,  2.88637e-10,  2.27362e-09,  7.67857e-09,  5.14584e-10,
00:02:42,    162471,   537.8161,  1.06058e-08,  2.54022e-09,  3.72667e-09,  1.01357e-08,  2.83477e-10,  2.34672e-09,  7.83214e-09,  5.00237e-10,
00:02:43,    163136,   540.7251,  9.35005e-09,  2.58322e-09,  3.73024e-09,  1.01357e-08,  3.13255e-10,  2.44240e-09,  7.75536e-09,  5.55012e-10,
00:02:43,    163801,   543.1052,  1.03200e-08,  2.47250e-09,  3.65619e-09,  9.93095e-09,  3.12825e-10,  2.35640e-09,  7.75536e-09,  4.90177e-10,
00:02:44,    164466,   545.6175,  1.15758e-08,  2.39080e-09,  4.00258e-09,  1.02381e-08,  3.07557e-10,  2.36607e-09,  7.90893e-09,  5.43461e-10,
00:02:45,    165131,   548.5265,  9.66766e-09,  2.26825e-09,  3.96556e-09,  1.03405e-08,  3.23037e-10,  2.65417e-09,  8.06250e-09,  5.18683e-10,
00:02:45,    165796,   551.0387,  1.02785e-08,  2.32092e-09,  3.76369e-09,  1.01357e-08,  2.98635e-10,  2.49077e-09,  7.67857e-09,  5.01542e-10,
00:02:46,    166461,   553.8155,  1.05839e-08,  2.43487e-09,  3.57974e-09,  1.00333e-08,  2.84122e-10,  2.63375e-09,  8.06250e-09,  5.29116e-10,
00:02:47,    167126,   556.1956,  9.15705e-09,  2.86810e-09,  3.85089e-09,  1.03405e-08,  3.05837e-10,  2.55850e-09,  7.90893e-09,  5.87057e-10,
00:02:47,    167791,   559.1045,  1.07231e-08,  2.30480e-09,  4.07902e-09,  9.93095e-09,  3.24327e-10,  2.70792e-09,  8.06250e-09,  5.44206e-10,
00:02:48,    168456,   561.6168,  9.90955e-09,  2.45960e-09,  3.96317e-09,  1.02381e-08,  3.25940e-10,  2.89927e-09,  8.13929e-09,  6.09787e-10,
00:02:49,    169121,   564.2614,  9.69455e-09,  2.98097e-09,  3.61678e-09,  9.82857e-09,  2.99495e-10,  2.62622e-09,  7.98571e-09,  6.03640e-10,
00:02:49,    169766,   567.0381,  9.29141e-09,  2.41015e-09,  3.58094e-09,  1.02381e-08,  3.05837e-10,  2.75415e-09,  8.13929e-09,  6.41832e-10,
00:02:50,    170431,   569.6826,  9.81670e-09,  2.82295e-09,  4.16383e-09,  1.05452e-08,  3.44967e-10,  2.75952e-09,  8.29286e-09,  5.91529e-10,
00:02:51,    171096,   572.3272,  1.01197e-08,  2.58860e-09,  3.60602e-09,  1.00333e-08,  2.85197e-10,  2.77457e-09,  8.13929e-09,  5.67681e-10,
00:02:51,    171761,   575.1039,  1.05448e-08,  2.49507e-09,  3.80789e-09,  9.93095e-09,  3.28735e-10,  2.92077e-09,  8.29286e-09,  5.23154e-10,
00:02:52,    172406,   577.6162,  9.63102e-09,  2.73587e-09,  3.81506e-09,  1.03405e-08,  3.34647e-10,  2.98527e-09,  8.44643e-09,  6.09229e-10,
00:02:53,    173071,   580.5252,  9.46732e-09,  2.36177e-09,  3.92374e-09,  1.00333e-08,  3.22500e-10,  2.81757e-09,  8.13929e-09,  6.44813e-10,
00:02:53,    173736,   582.9052,  1.00048e-08,  2.60150e-09,  3.90583e-09,  9.52143e-09,  3.50235e-10,  2.79392e-09,  7.90893e-09,  5.98236e-10,
00:02:54,    174401,   585.5498,  1.02980e-08,  2.68212e-09,  3.96317e-09,  9.82857e-09,  3.28197e-10,  2.70792e-09,  8.36964e-09,  6.00844e-10,
00:02:55,    175066,   588.1943,  9.40380e-09,  2.88745e-09,  3.88074e-09,  9.82857e-09,  3.08847e-10,  2.76597e-09,  8.13929e-09,  6.38293e-10,
00:02:55,    175731,   590.9710,  9.74830e-09,  2.66170e-09,  4.04917e-09,  9.52143e-09,  3.35615e-10,  2.71115e-09,  8.13929e-09,  6.19662e-10,
00:02:56,    176396,   593.4833,  9.77761e-09,  2.60150e-09,  3.79236e-09,  9.82857e-09,  3.11535e-10,  2.67245e-09,  7.98571e-09,  5.76997e-10,
00:02:57,    177061,   596.2601,  9.73852e-09,  2.78425e-09,  3.81744e-09,  1.01357e-08,  3.26800e-10,  2.70792e-09,  8.06250e-09,  6.24506e-10,
00:02:57,    177726,   599.1690,  9.38425e-09,  2.66707e-09,  3.80430e-09,  9.52143e-09,  3.00462e-10,  2.78962e-09,  8.13929e-09,  6.21153e-10,
00:02:58,    178391,   601.5491,  1.04348e-08,  2.62515e-09,  3.79117e-09,  9.93095e-09,  3.25725e-10,  2.53270e-09,  7.67857e-09,  5.51101e-10,
00:02:59,    179056,   604.3259,  9.10084e-09,  2.53162e-09,  3.89986e-09,  9.62381e-09,  2.94872e-10,  2.56925e-09,  7.98571e-09,  5.30979e-10,
00:02:59,    179701,   606.9704,  9.11550e-09,  2.58752e-09,  3.66336e-09,  9.93095e-09,  3.21102e-10,  2.60687e-09,  7.52500e-09,  5.64700e-10,
00:03:00,    180366,   609.4827,  9.20591e-09,  2.77457e-09,  3.64544e-09,  9.93095e-09,  3.21425e-10,  2.44992e-09,  7.44821e-09,  5.41040e-10,
00:03:01,    181031,   612.2594,  9.03000e-09,  2.50797e-09,  3.86283e-09,  9.72619e-09,  3.14437e-10,  2.52302e-09,  7.75536e-09,  5.28371e-10,
00:03:01,    181696,   614.9040,  9.12039e-09,  2.58860e-09,  3.95719e-09,  9.72619e-09,  3.00355e-10,  2.43702e-09,  7.44821e-09,  4.96511e-10,
00:03:02,    182361,   617.6807,  8.38255e-09,  2.60687e-09,  3.76728e-09,  9.72619e-09,  2.96915e-10,  2.45207e-09,  7.52500e-09,  5.20919e-10,
00:03:03,    183026,   620.4575,  9.73118e-09,  2.48647e-09,  3.95241e-09,  9.41905e-09,  2.79930e-10,  2.25857e-09,  7.14107e-09,  5.31724e-10,
00:03:03,    183691,   622.7053,  8.54380e-09,  2.38327e-09,  4.01452e-09,  9.31667e-09,  2.29082e-10,  2.25105e-09,  7.14107e-09,  5.40107e-10,
00:03:04,    184356,   625.6143,  8.67330e-09,  2.64020e-09,  3.94286e-09,  9.41905e-09,  2.74447e-10,  1.99735e-09,  6.91071e-09,  5.04896e-10,
00:03:05,    185001,   628.3910,  8.56823e-09,  2.34135e-09,  3.87597e-09,  9.41905e-09,  2.63160e-10,  2.05647e-09,  6.75714e-09,  4.48444e-10,
00:03:05,    185666,   630.9033,  8.35811e-09,  2.14247e-09,  3.62274e-09,  9.31667e-09,  2.75415e-10,  1.85975e-09,  6.83393e-09,  4.81421e-10,
00:03:06,    186331,   633.4156,  8.77591e-09,  2.29942e-09,  4.19489e-09,  9.11190e-09,  2.55097e-10,  1.80385e-09,  6.91071e-09,  4.19007e-10,
00:03:06,    186996,   636.1924,  8.62932e-09,  2.58860e-09,  4.07424e-09,  9.62381e-09,  2.77887e-10,  1.93822e-09,  6.52679e-09,  4.51612e-10,
00:03:07,    187661,   638.9691,  8.23841e-09,  2.10485e-09,  3.89389e-09,  9.21429e-09,  2.60472e-10,  1.78020e-09,  6.45000e-09,  4.59995e-10,
00:03:08,    188326,   641.6137,  8.29948e-09,  2.40047e-09,  3.89150e-09,  8.80476e-09,  2.86272e-10,  1.71785e-09,  6.75714e-09,  4.22548e-10,
00:03:08,    188991,   644.2582,  8.89073e-09,  2.05647e-09,  3.93689e-09,  9.11190e-09,  2.16075e-10,  1.73182e-09,  6.45000e-09,  4.64094e-10,
00:03:09,    189656,   647.0349,  7.69602e-09,  2.00487e-09,  3.77683e-09,  9.00952e-09,  2.27362e-10,  1.57810e-09,  6.29643e-09,  3.86031e-10,
00:03:10,    190321,   649.4150,  8.41186e-09,  2.24890e-09,  3.76250e-09,  8.70238e-09,  2.48647e-10,  1.58777e-09,  6.09909e-09,  4.32421e-10,
00:03:10,    190986,   652.1917,  8.67818e-09,  1.88877e-09,  3.72189e-09,  9.62381e-09,  2.48540e-10,  1.72430e-09,  6.25420e-09,  3.94974e-10,
00:03:11,    191651,   654.4396,  8.59266e-09,  1.90275e-09,  4.11606e-09,  9.31667e-09,  2.42197e-10,  1.62110e-09,  6.16282e-09,  3.83795e-10,
00:03:12,    192316,   657.3485,  8.23841e-09,  2.15215e-09,  3.95361e-09,  8.90714e-09,  2.38112e-10,  1.35665e-09,  6.05993e-09,  3.74666e-10,
00:03:12,    192981,   659.9931,  8.12114e-09,  1.91457e-09,  3.93689e-09,  8.80476e-09,  2.36070e-10,  1.45662e-09,  6.05993e-09,  3.87149e-10,
00:03:13,    193646,   662.7699,  8.33614e-09,  1.99520e-09,  3.90583e-09,  9.00952e-09,  2.35317e-10,  1.44265e-09,  5.92171e-09,  3.89385e-10,
00:03:14,    194311,   665.2821,  8.27750e-09,  2.02530e-09,  4.05156e-09,  8.90714e-09,  2.01347e-10,  1.46415e-09,  5.90099e-09,  4.05965e-10,
00:03:14,    194976,   668.0589,  8.53159e-09,  2.03390e-09,  3.96317e-09,  9.11190e-09,  2.43810e-10,  1.33300e-09,  5.90252e-09,  3.60693e-10,
00:03:15,    195641,   670.7034,  8.08448e-09,  2.09517e-09,  3.70874e-09,  9.00952e-09,  2.34995e-10,  1.29215e-09,  6.19200e-09,  4.11369e-10,
00:03:16,    196306,   673.6124,  8.30193e-09,  1.98767e-09,  3.69800e-09,  8.80476e-09,  2.30802e-10,  1.39857e-09,  5.79963e-09,  3.80255e-10,
00:03:16,    196971,   676.2569,  8.01118e-09,  1.92317e-09,  3.68128e-09,  8.90714e-09,  2.46067e-10,  1.19540e-09,  5.59076e-09,  3.71127e-10,
00:03:17,    197636,   678.7692,  7.75955e-09,  1.93930e-09,  3.88433e-09,  9.00952e-09,  2.08765e-10,  1.21045e-09,  5.79502e-09,  3.69636e-10,
00:03:18,    198301,   681.4137,  8.28727e-09,  1.81137e-09,  3.80789e-09,  9.00952e-09,  2.48002e-10,  1.22765e-09,  5.74357e-09,  3.48769e-10,
00:03:18,    198966,   683.9260,  8.09914e-09,  2.24890e-09,  3.71113e-09,  9.00952e-09,  2.39080e-10,  1.31257e-09,  5.69443e-09,  3.82863e-10,
00:03:19,    199631,   686.4383,  7.27091e-09,  1.96510e-09,  3.97989e-09,  8.60000e-09,  2.20482e-10,  1.41900e-09,  5.45409e-09,  3.95159e-10,
00:03:20,    200276,   689.0828,  7.93789e-09,  2.02637e-09,  3.99661e-09,  9.21429e-09,  2.45422e-10,  1.44480e-09,  5.79963e-09,  3.63302e-10,
00:03:20,    200941,   691.9918,  7.34175e-09,  2.10592e-09,  3.78161e-09,  9.00952e-09,  2.55635e-10,  1.22227e-09,  5.85338e-09,  3.73735e-10,
00:03:21,    201586,   694.5041,  7.77175e-09,  1.65335e-09,  3.77444e-09,  9.21429e-09,  2.45637e-10,  1.23517e-09,  5.75586e-09,  3.56780e-10,
00:03:22,    202251,   697.1486,  7.68868e-09,  1.77482e-09,  3.96913e-09,  9.41905e-09,  2.19622e-10,  1.41362e-09,  5.66371e-09,  3.57712e-10,
00:03:22,    202916,   700.0576,  7.55920e-09,  1.68237e-09,  3.77444e-09,  9.62381e-09,  1.99197e-10,  1.14917e-09,  5.58616e-09,  3.11135e-10,
00:03:23,    203561,   702.3054,  8.11868e-09,  1.78987e-09,  3.81863e-09,  9.52143e-09,  2.18762e-10,  1.34052e-09,  5.54776e-09,  3.42435e-10,
00:03:24,    204226,   705.0822,  8.15289e-09,  1.92640e-09,  3.75891e-09,  9.41905e-09,  1.92102e-10,  1.32117e-09,  5.59307e-09,  3.32747e-10,
00:03:24,    204891,   707.8590,  7.77175e-09,  2.01777e-09,  3.85567e-09,  9.82857e-09,  2.33060e-10,  1.27387e-09,  5.53164e-09,  3.38522e-10,
00:03:25,    205556,   710.3712,  7.43216e-09,  2.17580e-09,  3.99063e-09,  9.00952e-09,  2.14355e-10,  1.39212e-09,  5.33737e-09,  3.32374e-10,
00:03:26,    206221,   713.0158,  7.58118e-09,  1.94360e-09,  3.83774e-09,  9.31667e-09,  2.34350e-10,  1.23302e-09,  5.54316e-09,  3.36659e-10,
00:03:26,    206886,   715.7925,  7.22205e-09,  1.89737e-09,  3.79117e-09,  1.01357e-08,  2.05647e-10,  1.20830e-09,  5.53549e-09,  2.97161e-10,
00:03:27,    207551,   718.5693,  7.79375e-09,  1.71570e-09,  3.53674e-09,  9.93095e-09,  2.06937e-10,  1.26205e-09,  5.52319e-09,  3.55849e-10,
00:03:28,    208216,   721.3460,  7.36864e-09,  1.93285e-09,  3.61319e-09,  9.72619e-09,  2.19407e-10,  1.26312e-09,  5.41416e-09,  3.27530e-10,
00:03:28,    208881,   723.8583,  7.49323e-09,  1.75225e-09,  3.68008e-09,  9.72619e-09,  2.28330e-10,  1.28892e-09,  5.54931e-09,  3.43925e-10,
00:03:29,    209546,   726.6351,  7.32955e-09,  1.75870e-09,  3.85567e-09,  9.82857e-09,  2.03605e-10,  1.27065e-09,  5.15539e-09,  2.93062e-10,
00:03:30,    210211,   729.2796,  7.73266e-09,  1.79095e-09,  3.95719e-09,  9.21429e-09,  2.24137e-10,  1.29430e-09,  5.05250e-09,  3.02565e-10,
00:03:30,    210876,   731.7919,  7.16095e-09,  1.80815e-09,  3.92613e-09,  9.72619e-09,  1.99197e-10,  1.32977e-09,  5.49401e-09,  3.33120e-10,
00:03:31,    211541,   734.3042,  7.58607e-09,  1.55337e-09,  3.98586e-09,  9.31667e-09,  2.33812e-10,  1.19325e-09,  5.43336e-09,  3.42808e-10,
00:03:32,    212206,   737.0810,  7.87193e-09,  1.78772e-09,  3.92017e-09,  1.00333e-08,  2.27147e-10,  1.21260e-09,  5.18304e-09,  2.95113e-10,
00:03:32,    212871,   739.3288,  7.78886e-09,  1.63507e-09,  4.00378e-09,  9.93095e-09,  2.02207e-10,  1.24055e-09,  5.35119e-09,  3.34795e-10,
00:03:33,    213536,   742.6344,  7.73511e-09,  1.71032e-09,  4.19250e-09,  9.52143e-09,  1.90920e-10,  1.17175e-09,  5.34812e-09,  3.34237e-10,
00:03:34,    214201,   745.0145,  7.68380e-09,  1.64690e-09,  3.94524e-09,  9.52143e-09,  1.97262e-10,  1.12445e-09,  5.26673e-09,  3.17655e-10,
00:03:34,    214866,   747.6590,  7.60561e-09,  1.77805e-09,  3.95719e-09,  9.72619e-09,  2.02852e-10,  1.07822e-09,  5.38882e-09,  3.26971e-10,
00:03:35,    215531,   750.7002,  7.47368e-09,  1.55552e-09,  3.67411e-09,  1.00333e-08,  1.86190e-10,  1.14810e-09,  5.09857e-09,  2.22265e-10,
00:03:36,    216196,   753.0803,  7.72289e-09,  1.74042e-09,  3.73861e-09,  9.72619e-09,  2.10807e-10,  1.24270e-09,  5.11546e-09,  3.13929e-10,
00:03:36,    216861,   755.5926,  7.52743e-09,  1.59852e-09,  4.08858e-09,  9.62381e-09,  2.09625e-10,  1.32332e-09,  5.23601e-09,  2.77412e-10,
00:03:37,    217526,   758.2371,  7.15852e-09,  1.71032e-09,  4.12083e-09,  9.82857e-09,  2.04572e-10,  1.13090e-09,  5.19071e-09,  3.71872e-10,
00:03:38,    218191,   761.2783,  7.55186e-09,  1.67270e-09,  3.64663e-09,  9.93095e-09,  1.99090e-10,  1.15992e-09,  5.35580e-09,  3.30697e-10,
00:03:38,    218856,   763.9229,  7.31000e-09,  1.58562e-09,  4.11724e-09,  9.93095e-09,  2.32845e-10,  1.19002e-09,  5.10164e-09,  2.98094e-10,
00:03:39,    219501,   766.4351,  7.11943e-09,  1.72537e-09,  3.70517e-09,  9.72619e-09,  1.95757e-10,  1.20400e-09,  5.20376e-09,  2.84120e-10,
00:03:40,    220166,   768.9475,  7.59341e-09,  1.59100e-09,  3.94286e-09,  9.72619e-09,  2.08657e-10,  1.08897e-09,  4.99798e-09,  2.77785e-10,
00:03:40,    220831,   771.5919,  6.98016e-09,  1.52542e-09,  4.02169e-09,  1.03405e-08,  1.88985e-10,  9.57825e-10,  5.13926e-09,  2.53007e-10,
00:03:41,    221496,   774.2365,  7.41016e-09,  1.77697e-09,  3.95719e-09,  9.31667e-09,  2.11990e-10,  1.22765e-09,  5.04636e-09,  3.04428e-10,
00:03:42,    222161,   776.7488,  7.27334e-09,  1.56842e-09,  3.90822e-09,  9.31667e-09,  2.11237e-10,  1.16530e-09,  4.88050e-09,  3.12811e-10,
00:03:42,    222786,   779.2611,  7.25380e-09,  1.73182e-09,  4.18533e-09,  9.52143e-09,  2.24675e-10,  1.15025e-09,  4.93655e-09,  3.10203e-10,
00:03:43,    223431,   782.3023,  7.71068e-09,  1.55552e-09,  4.07424e-09,  9.72619e-09,  2.38220e-10,  9.39550e-10,  5.04175e-09,  2.66421e-10,
00:03:44,    224096,   784.6823,  7.35641e-09,  1.55015e-09,  3.93689e-09,  1.00333e-08,  1.86727e-10,  1.10080e-09,  5.20146e-09,  2.77412e-10,
00:03:44,    224761,   787.5913,  6.98016e-09,  1.68237e-09,  3.99780e-09,  9.31667e-09,  2.12097e-10,  1.10402e-09,  5.12775e-09,  3.36473e-10,
00:03:45,    225426,   790.2359,  7.70091e-09,  1.49210e-09,  4.03363e-09,  9.62381e-09,  1.95220e-10,  1.04060e-09,  5.31280e-09,  2.76854e-10,
00:03:46,    226091,   792.8804,  7.38818e-09,  1.53725e-09,  4.04917e-09,  9.31667e-09,  2.15215e-10,  1.13627e-09,  4.93655e-09,  3.05359e-10,
00:03:46,    226756,   795.6571,  6.94352e-09,  1.58562e-09,  3.88433e-09,  9.41905e-09,  1.99520e-10,  1.04167e-09,  5.07323e-09,  3.07967e-10,
00:03:47,    227401,   798.4339,  7.26845e-09,  1.54907e-09,  3.59050e-09,  9.72619e-09,  2.12527e-10,  9.62125e-10,  4.99030e-09,  2.63253e-10,
00:03:48,    228066,   800.6817,  6.88977e-09,  1.40932e-09,  4.15906e-09,  9.52143e-09,  2.07905e-10,  1.22227e-09,  5.01334e-09,  2.76109e-10,
00:03:48,    228731,   803.1940,  7.43705e-09,  1.74795e-09,  3.82939e-09,  9.72619e-09,  1.96832e-10,  1.15347e-09,  5.08321e-09,  3.08340e-10,
00:03:49,    229396,   806.1030,  7.26602e-09,  1.63937e-09,  4.15667e-09,  9.62381e-09,  2.11775e-10,  1.20400e-09,  4.79987e-09,  3.13556e-10,
00:03:50,    230021,   808.4831,  7.13652e-09,  1.56197e-09,  3.62036e-09,  9.82857e-09,  2.17042e-10,  9.35250e-10,  4.80755e-09,  2.79463e-10,
00:03:50,    230686,   811.1276,  7.39061e-09,  1.60712e-09,  3.88791e-09,  9.31667e-09,  2.09517e-10,  1.11047e-09,  5.01564e-09,  2.89151e-10,
00:03:51,    231351,   813.9043,  7.43948e-09,  1.50822e-09,  3.91897e-09,  9.52143e-09,  1.81245e-10,  1.09327e-09,  4.87359e-09,  2.61577e-10,
00:03:52,    232016,   816.8133,  7.69357e-09,  1.44802e-09,  4.31313e-09,  9.31667e-09,  1.73075e-10,  1.08790e-09,  4.85286e-09,  2.70893e-10,
00:03:52,    232681,   819.3256,  7.52255e-09,  1.77375e-09,  4.19489e-09,  9.93095e-09,  2.04465e-10,  1.01910e-09,  4.84441e-09,  3.12811e-10,
00:03:53,    233346,   821.8379,  6.84823e-09,  1.49425e-09,  4.02767e-09,  9.31667e-09,  2.10055e-10,  1.10617e-09,  4.76839e-09,  2.79276e-10,
00:03:54,    234011,   824.6146,  7.29289e-09,  1.54692e-09,  3.86641e-09,  9.82857e-09,  2.05432e-10,  1.13520e-09,  4.90200e-09,  2.84492e-10,
00:03:54,    234676,   827.1270,  7.11209e-09,  1.66947e-09,  3.87597e-09,  9.62381e-09,  1.96187e-10,  1.09972e-09,  5.13466e-09,  3.02938e-10,
00:03:55,    235341,   829.6392,  7.33198e-09,  1.52005e-09,  3.97750e-09,  9.62381e-09,  2.08872e-10,  1.05887e-09,  5.06248e-09,  3.02192e-10,
00:03:56,    236006,   832.5482,  7.19761e-09,  1.63292e-09,  3.83536e-09,  1.02381e-08,  1.86190e-10,  1.15240e-09,  4.87205e-09,  2.47045e-10,
00:03:56,    236671,   835.3250,  7.35886e-09,  1.52972e-09,  3.99780e-09,  9.62381e-09,  1.95435e-10,  1.08682e-09,  4.40750e-09,  2.94740e-10,
00:03:57,    237316,   837.5728,  7.83527e-09,  1.46415e-09,  4.01930e-09,  9.62381e-09,  1.94360e-10,  1.11907e-09,  4.97341e-09,  2.30835e-10,
00:03:57,    237961,   840.3496,  6.94352e-09,  1.51897e-09,  4.00139e-09,  1.01357e-08,  1.88555e-10,  9.49225e-10,  4.81523e-09,  2.49094e-10,
00:03:58,    238626,   842.8618,  7.26114e-09,  1.51360e-09,  3.84969e-09,  9.82857e-09,  2.22202e-10,  1.05565e-09,  4.73614e-09,  2.79648e-10,
00:03:59,    239271,   845.7708,  7.49323e-09,  1.42545e-09,  4.01572e-09,  9.93095e-09,  2.03067e-10,  9.67500e-10,  4.68316e-09,  2.56360e-10,
00:03:59,    239916,   848.0187,  7.23670e-09,  1.40287e-09,  3.79713e-09,  9.93095e-09,  2.07367e-10,  1.01265e-09,  4.50271e-09,  2.80953e-10,
00:04:00,    240581,   851.0599,  7.10232e-09,  1.57595e-09,  3.82102e-09,  9.52143e-09,  1.70817e-10,  1.01265e-09,  4.86821e-09,  2.61577e-10,
00:04:01,    241246,   853.1755,  7.38084e-09,  1.42437e-09,  3.95958e-09,  1.00333e-08,  2.14677e-10,  1.07392e-09,  4.68700e-09,  2.73314e-10,
00:04:01,    241911,   856.2167,  7.68625e-09,  1.44802e-09,  3.76728e-09,  9.72619e-09,  2.01347e-10,  1.19325e-09,  4.73154e-09,  2.90641e-10,
00:04:02,    242556,   858.8612,  7.18295e-09,  1.36310e-09,  3.99063e-09,  9.93095e-09,  2.19837e-10,  9.98675e-10,  4.76148e-09,  2.67912e-10,
00:04:03,    243221,   861.3736,  6.78470e-09,  1.48457e-09,  3.88791e-09,  1.01357e-08,  2.22740e-10,  9.70725e-10,  4.74229e-09,  3.10948e-10,
00:04:03,    243886,   864.0180,  7.18784e-09,  1.38567e-09,  4.20086e-09,  1.01357e-08,  2.09732e-10,  9.67500e-10,  4.70312e-09,  2.74059e-10,
00:04:04,    244551,   866.7948,  7.66425e-09,  1.59530e-09,  3.90344e-09,  9.62381e-09,  1.90490e-10,  1.11047e-09,  4.80679e-09,  2.70333e-10,
00:04:05,    245196,   869.0426,  7.04857e-09,  1.37815e-09,  4.35256e-09,  1.02381e-08,  2.06722e-10,  1.15455e-09,  4.75304e-09,  2.71823e-10,
00:04:05,    245861,   872.0838,  7.73755e-09,  1.35880e-09,  4.26058e-09,  1.05452e-08,  2.13925e-10,  9.73950e-10,  4.86514e-09,  2.45740e-10,
00:04:06,    246506,   874.5962,  7.00459e-09,  1.63507e-09,  3.99780e-09,  1.01357e-08,  1.96295e-10,  9.47075e-10,  4.80141e-09,  2.68842e-10,
00:04:07,    247171,   877.3729,  6.33273e-09,  1.41792e-09,  4.12919e-09,  9.72619e-09,  1.68022e-10,  1.07607e-09,  4.77991e-09,  2.98466e-10,
00:04:07,    247836,   880.0174,  6.64789e-09,  1.32870e-09,  4.13874e-09,  9.62381e-09,  2.17257e-10,  1.05457e-09,  4.98876e-09,  3.00702e-10,
00:04:08,    248481,   882.5297,  7.25380e-09,  1.57380e-09,  4.02886e-09,  9.52143e-09,  1.77267e-10,  1.05242e-09,  4.89048e-09,  3.05731e-10,
00:04:09,    249146,   885.4387,  6.23500e-09,  1.44050e-09,  4.46244e-09,  1.01357e-08,  1.83825e-10,  1.12015e-09,  4.58564e-09,  2.80953e-10,
00:04:09,    249811,   887.8188,  6.65766e-09,  1.49962e-09,  4.10769e-09,  9.82857e-09,  2.05325e-10,  1.01910e-09,  4.82291e-09,  2.70705e-10,
00:04:10,    250476,   890.4633,  6.93375e-09,  1.33622e-09,  4.15189e-09,  1.00333e-08,  2.00810e-10,  1.07500e-09,  4.89739e-09,  2.54870e-10,
00:04:11,    251141,   893.1078,  7.23914e-09,  1.52757e-09,  4.33702e-09,  9.72619e-09,  2.00702e-10,  1.00727e-09,  4.60561e-09,  3.08899e-10,
00:04:11,    251806,   895.8846,  6.97039e-09,  1.47382e-09,  4.22356e-09,  9.41905e-09,  1.78772e-10,  1.00620e-09,  4.65551e-09,  2.55801e-10,
00:04:12,    252471,   898.5291,  7.29045e-09,  1.54800e-09,  4.17697e-09,  9.31667e-09,  1.86190e-10,  9.42775e-10,  4.66319e-09,  2.91014e-10,
00:04:13,    253136,   901.3058,  7.03636e-09,  1.56305e-09,  4.11724e-09,  9.00952e-09,  1.83502e-10,  1.04275e-09,  4.69237e-09,  2.91199e-10,
00:04:13,    253801,   903.9504,  7.19761e-09,  1.51682e-09,  4.00258e-09,  9.52143e-09,  2.24460e-10,  1.04812e-09,  4.50425e-09,  3.01260e-10,
00:04:14,    254466,   906.5949,  7.19516e-09,  1.47705e-09,  4.31313e-09,  9.31667e-09,  2.12635e-10,  1.12337e-09,  4.90507e-09,  2.57106e-10,
00:04:15,    255131,   909.5039,  6.61368e-09,  1.64690e-09,  4.17578e-09,  9.82857e-09,  2.11560e-10,  8.85800e-10,  4.53804e-09,  2.75737e-10,
00:04:15,    255796,   911.8839,  7.35641e-09,  1.49640e-09,  4.31194e-09,  8.90714e-09,  2.46605e-10,  3.45397e-10,  4.53650e-09,  2.51144e-10,
00:04:16,    256501,   914.9251,  7.50300e-09,  1.40395e-09,  4.25102e-09,  9.31667e-09,  2.19085e-10,  3.59480e-10,  4.73614e-09,  2.70147e-10,
00:04:17,    257206,   917.5697,  7.01193e-09,  1.51037e-09,  4.03602e-09,  9.31667e-09,  2.02207e-10,  3.28842e-10,  4.92119e-09,  3.09085e-10,
00:04:17,    257911,   920.2142,  7.00948e-09,  1.44050e-09,  4.02767e-09,  9.31667e-09,  2.19192e-10,  4.40105e-10,  4.89048e-09,  3.01633e-10,
00:04:18,    258616,   923.2554,  7.92568e-09,  1.44157e-09,  4.46841e-09,  9.00952e-09,  1.93607e-10,  4.15810e-10,  4.56107e-09,  2.94740e-10,
00:04:19,    259321,   926.0321,  7.47125e-09,  1.69957e-09,  4.33463e-09,  9.11190e-09,  1.88447e-10,  4.10435e-10,  4.71311e-09,  2.87288e-10,
00:04:20,    260026,   928.8088,  7.44436e-09,  1.54047e-09,  4.15428e-09,  8.80476e-09,  1.91995e-10,  3.85925e-10,  4.55723e-09,  2.62695e-10,
00:04:20,    260711,   931.5856,  7.81330e-09,  1.52650e-09,  4.10650e-09,  8.80476e-09,  2.01992e-10,  3.53997e-10,  4.84518e-09,  2.77040e-10,
00:04:21,    261416,   934.6268,  6.55016e-09,  1.54800e-09,  4.22356e-09,  8.60000e-09,  1.95972e-10,  3.69155e-10,  4.68162e-09,  2.83189e-10,
00:04:22,    262121,   937.0069,  7.11698e-09,  1.52865e-09,  4.03244e-09,  8.80476e-09,  1.58025e-10,  3.55502e-10,  4.75380e-09,  2.81511e-10,
00:04:22,    262806,   940.0481,  7.15364e-09,  1.56627e-09,  4.35256e-09,  8.60000e-09,  1.69097e-10,  4.09037e-10,  4.81369e-09,  2.70893e-10,
00:04:23,    263511,   943.0893,  6.95818e-09,  1.41685e-09,  4.36450e-09,  8.19048e-09,  1.99412e-10,  3.89902e-10,  5.01641e-09,  2.74991e-10,
00:04:24,    264216,   945.7338,  7.37841e-09,  1.55445e-09,  4.55441e-09,  8.56110e-09,  1.92425e-10,  3.90440e-10,  4.64707e-09,  2.80021e-10,
00:04:24,    264921,   948.6428,  6.63568e-09,  1.73182e-09,  4.12680e-09,  8.57850e-09,  1.74257e-10,  3.81195e-10,  4.70773e-09,  2.75364e-10,
00:04:25,    265626,   951.1551,  6.73830e-09,  1.49317e-09,  4.25341e-09,  7.86389e-09,  2.05755e-10,  3.76142e-10,  4.54879e-09,  2.70520e-10,
00:04:26,    266331,   954.0640,  6.37670e-09,  1.36955e-09,  4.14950e-09,  8.23962e-09,  1.88017e-10,  3.91945e-10,  4.78298e-09,  2.69029e-10,
00:04:27,    267016,   956.9730,  7.22205e-09,  1.59100e-09,  4.49589e-09,  8.06045e-09,  1.83180e-10,  3.97105e-10,  4.73076e-09,  2.66979e-10,
00:04:27,    267721,   959.7498,  6.84580e-09,  1.60605e-09,  4.25102e-09,  8.20686e-09,  1.86405e-10,  3.86570e-10,  4.74919e-09,  2.39965e-10,
00:04:28,    268426,   962.5265,  6.99239e-09,  1.26420e-09,  4.33344e-09,  7.82293e-09,  1.97262e-10,  3.91407e-10,  4.50041e-09,  2.38847e-10,
00:04:29,    269131,   964.5099,  6.68455e-09,  1.41147e-09,  4.46961e-09,  8.30617e-09,  1.83395e-10,  3.98180e-10,  4.31459e-09,  2.49094e-10,
00:04:29,    269836,   968.2122,  6.39380e-09,  1.31795e-09,  4.19967e-09,  7.98981e-09,  1.91350e-10,  3.91837e-10,  4.54494e-09,  2.26364e-10,
00:04:30,    270541,   971.3857,  7.66425e-09,  1.24485e-09,  4.23550e-09,  8.38705e-09,  2.16935e-10,  3.86462e-10,  4.45204e-09,  3.20451e-10,
00:04:31,    271246,   973.7658,  7.34420e-09,  1.33730e-09,  4.52813e-09,  7.76662e-09,  1.91995e-10,  3.81732e-10,  4.57412e-09,  2.65303e-10,
00:04:31,    271951,   976.8070,  7.19761e-09,  1.63615e-09,  4.19250e-09,  8.39012e-09,  2.00380e-10,  3.93127e-10,  4.63709e-09,  2.73128e-10,
00:04:32,    272656,   979.1870,  6.34493e-09,  1.40610e-09,  4.38480e-09,  7.85365e-09,  1.94037e-10,  3.87860e-10,  4.95651e-09,  2.61950e-10,
00:04:33,    273341,   982.2282,  7.18050e-09,  1.37922e-09,  4.83272e-09,  7.45435e-09,  1.86405e-10,  4.09790e-10,  4.66857e-09,  2.87101e-10,
00:04:34,    274026,   984.7406,  7.23670e-09,  1.42115e-09,  4.62967e-09,  7.84136e-09,  1.97692e-10,  4.24517e-10,  4.52191e-09,  2.68097e-10,
00:04:34,    274711,   987.6495,  7.19027e-09,  1.35235e-09,  4.62130e-09,  7.85671e-09,  1.82857e-10,  4.06135e-10,  4.80601e-09,  2.61390e-10,
00:04:35,    275396,   990.4262,  7.48834e-09,  1.37600e-09,  4.23311e-09,  7.75535e-09,  1.78557e-10,  3.84312e-10,  4.88818e-09,  2.34189e-10,
00:04:36,    276101,   993.2030,  7.19761e-09,  1.37815e-09,  4.37286e-09,  7.68164e-09,  2.04895e-10,  3.95492e-10,  4.86054e-09,  3.03310e-10,
00:04:36,    276806,   995.9798,  7.62516e-09,  1.41470e-09,  4.47319e-09,  7.83112e-09,  2.01885e-10,  3.93450e-10,  4.94961e-09,  2.43319e-10,
00:04:37,    277491,   998.8888,  7.78152e-09,  1.53510e-09,  4.49947e-09,  7.62022e-09,  2.03927e-10,  4.15380e-10,  4.55186e-09,  2.89523e-10,
00:04:38,    278196,  1001.4010,  6.87755e-09,  1.45555e-09,  4.61174e-09,  7.89050e-09,  2.08980e-10,  4.32472e-10,  4.63401e-09,  2.95671e-10,
00:04:38,    278901,  1004.4422,  7.22205e-09,  1.43405e-09,  4.60578e-09,  7.53012e-09,  2.15215e-10,  3.93880e-10,  4.59716e-09,  2.68842e-10,
