3997.9	0.0000062
3996.0	0.0000032
3994.1	0.0000079
3992.1	0.0000137
3990.2	0.0000098
3988.3	0.0000030
3986.3	0.0000012
3984.4	-0.0000005
3982.5	-0.0000036
3980.6	-0.0000051
3978.6	-0.0000048
3976.7	-0.0000011
3974.8	0.0000058
3972.8	0.0000102
3970.9	0.0000116
3969.0	0.0000116
3967.1	0.0000154
3965.1	0.0000280
3963.2	0.0000383
3961.3	0.0000411
3959.3	0.0000399
3957.4	0.0000291
3955.5	0.0000141
3953.6	0.0000019
3951.6	-0.0000085
3949.7	-0.0000197
3947.8	-0.0000146
3945.8	0.0000106
3943.9	0.0000200
3942.0	0.0000191
3940.1	0.0000099
3938.1	-0.0000140
3936.2	-0.0000112
3934.3	0.0000070
3932.3	0.0000101
3930.4	0.0000091
3928.5	0.0000039
3926.6	-0.0000090
3924.6	-0.0000137
3922.7	0.0000081
3920.8	0.0000270
3918.8	0.0000331
3916.9	0.0000372
3915.0	0.0000560
3913.1	0.0000476
3911.1	0.0000209
3909.2	0.0000119
3907.3	0.0000187
3905.3	0.0000075
3903.4	0.0000018
3901.5	0.0000155
3899.6	0.0000244
3897.6	0.0000432
3895.7	0.0000462
3893.8	0.0000151
3891.8	-0.0000259
3889.9	0.0000104
3888.0	0.0000321
3886.1	-0.0000164
3884.1	0.0000218
3882.2	0.0000376
3880.3	0.0000057
3878.3	0.0000388
3876.4	0.0000491
3874.5	0.0000391
3872.6	0.0000441
3870.6	-0.0000156
3868.7	-0.0000009
3866.8	0.0000100
3864.8	-0.0000460
3862.9	-0.0000360
3861.0	-0.0000156
3859.1	0.0000258
3857.1	0.0000720
3855.2	-0.0000059
3853.3	-0.0000477
3851.3	0.0000434
3849.4	0.0000505
3847.5	0.0000084
3845.6	-0.0000088
3843.6	-0.0000039
3841.7	0.0000247
3839.8	-0.0000021
3837.8	-0.0000511
3835.9	-0.0000065
3834.0	0.0000053
3832.1	-0.0000245
3830.1	-0.0000142
3828.2	-0.0000066
3826.3	-0.0000003
3824.3	0.0000247
3822.4	-0.0000225
3820.5	-0.0000030
3818.6	0.0000525
3816.6	-0.0000305
3814.7	-0.0000062
3812.8	0.0000586
3810.8	0.0000481
3808.9	0.0000077
3807.0	-0.0000241
3805.1	0.0000652
3803.1	0.0000442
3801.2	-0.0000279
3799.3	0.0000282
3797.3	0.0000021
3795.4	-0.0000203
3793.5	0.0000083
3791.6	0.0000168
3789.6	0.0000208
3787.7	0.0000176
3785.8	0.0000046
3783.8	0.0000079
3781.9	0.0000118
3780.0	-0.0000041
3778.1	0.0000123
3776.1	0.0000246
3774.2	0.0000207
3772.3	0.0000159
3770.3	-0.0000062
3768.4	0.0000044
3766.5	-0.0000053
3764.6	-0.0000131
3762.6	0.0000003
3760.7	-0.0000181
3758.8	-0.0000145
3756.8	0.0000227
3754.9	0.0000504
3753.0	0.0000008
3751.1	-0.0000117
3749.1	0.0000563
3747.2	0.0001123
3745.3	-0.0000478
3743.3	-0.0000460
3741.4	0.0000620
3739.5	0.0000472
3737.6	0.0000096
3735.6	0.0000146
3733.7	0.0000293
3731.8	0.0000033
3729.8	0.0000264
3727.9	0.0000085
3726.0	-0.0000158
3724.1	-0.0000033
3722.1	-0.0000061
3720.2	-0.0000089
3718.3	-0.0000073
3716.3	0.0000160
3714.4	0.0000149
3712.5	-0.0000273
3710.6	-0.0000128
3708.6	0.0000186
3706.7	0.0000350
3704.8	0.0000331
3702.8	0.0000025
3700.9	-0.0000082
3699.0	0.0000070
3697.1	-0.0000021
3695.1	0.0000028
3693.2	0.0000213
3691.3	0.0000196
3689.3	-0.0000276
3687.4	0.0000007
3685.5	0.0000667
3683.6	0.0000374
3681.6	0.0000211
3679.7	0.0000540
3677.8	0.0000557
3675.8	-0.0000002
3673.9	0.0000705
3672.0	0.0000502
3670.1	-0.0000314
3668.1	0.0000158
3666.2	0.0000357
3664.3	0.0000211
3662.3	0.0000284
3660.4	0.0000456
3658.5	0.0000313
3656.6	-0.0000070
3654.6	0.0000361
3652.7	0.0000566
3650.8	-0.0000068
3648.8	-0.0000163
3646.9	0.0000270
3645.0	0.0000366
3643.1	0.0000059
3641.1	-0.0000090
3639.2	0.0000024
3637.3	0.0000149
3635.3	0.0000023
3633.4	-0.0000050
3631.5	-0.0000149
3629.6	-0.0000757
3627.6	-0.0000327
3625.7	0.0000248
3623.8	0.0000100
3621.8	-0.0000020
3619.9	-0.0000128
3618.0	0.0000140
3616.1	0.0000360
3614.1	0.0000167
3612.2	0.0000135
3610.3	0.0000066
3608.3	-0.0000088
3606.4	0.0000026
3604.5	-0.0000024
3602.6	-0.0000183
3600.6	-0.0000224
3598.7	-0.0000115
3596.8	-0.0000108
3594.8	-0.0000193
3592.9	-0.0000048
3591.0	0.0000180
3589.1	0.0000029
3587.1	-0.0000115
3585.2	-0.0000037
3583.3	-0.0000098
3581.3	-0.0000210
3579.4	-0.0000170
3577.5	-0.0000011
3575.6	0.0000119
3573.6	0.0000172
3571.7	0.0000227
3569.8	0.0000101
3567.8	-0.0000242
3565.9	-0.0000315
3564.0	-0.0000287
3562.1	-0.0000334
3560.1	-0.0000252
3558.2	-0.0000076
3556.3	0.0000068
3554.3	0.0000128
3552.4	0.0000094
3550.5	0.0000050
3548.6	-0.0000099
3546.6	-0.0000244
3544.7	-0.0000216
3542.8	-0.0000109
3540.8	0.0000052
3538.9	0.0000207
3537.0	0.0000198
3535.1	0.0000117
3533.1	0.0000082
3531.2	0.0000039
3529.3	-0.0000073
3527.3	-0.0000164
3525.4	-0.0000089
3523.5	0.0000089
3521.6	0.0000246
3519.6	0.0000281
3517.7	0.0000211
3515.8	0.0000088
3513.8	-0.0000034
3511.9	-0.0000106
3510.0	-0.0000154
3508.1	-0.0000175
3506.1	-0.0000199
3504.2	-0.0000160
3502.3	-0.0000006
3500.3	-0.0000008
3498.4	-0.0000212
3496.5	-0.0000285
3494.6	-0.0000109
3492.6	0.0000139
3490.7	0.0000289
3488.8	0.0000281
3486.8	0.0000246
3484.9	0.0000235
3483.0	0.0000127
3481.1	0.0000007
3479.1	-0.0000009
3477.2	0.0000050
3475.3	0.0000107
3473.3	0.0000029
3471.4	-0.0000153
3469.5	-0.0000241
3467.6	-0.0000247
3465.6	-0.0000240
3463.7	-0.0000147
3461.8	0.0000005
3459.8	0.0000056
3457.9	-0.0000014
3456.0	-0.0000059
3454.1	-0.0000035
3452.1	-0.0000003
3450.2	0.0000028
3448.3	0.0000076
3446.3	0.0000109
3444.4	0.0000046
3442.5	-0.0000079
3440.6	-0.0000153
3438.6	-0.0000197
3436.7	-0.0000086
3434.8	0.0000203
3432.8	0.0000424
3430.9	0.0000395
3429.0	0.0000163
3427.1	-0.0000032
3425.1	-0.0000034
3423.2	0.0000042
3421.3	0.0000098
3419.3	0.0000141
3417.4	0.0000135
3415.5	0.0000047
3413.6	-0.0000101
3411.6	-0.0000196
3409.7	-0.0000103
3407.8	0.0000068
3405.8	0.0000094
3403.9	0.0000011
3402.0	-0.0000001
3400.1	0.0000077
3398.1	0.0000139
3396.2	0.0000044
3394.3	-0.0000096
3392.3	-0.0000144
3390.4	-0.0000071
3388.5	0.0000040
3386.6	0.0000069
3384.6	0.0000024
3382.7	-0.0000016
3380.8	-0.0000082
3378.8	-0.0000192
3376.9	-0.0000252
3375.0	-0.0000213
3373.1	-0.0000115
3371.1	0.0000001
3369.2	0.0000068
3367.3	0.0000023
3365.3	-0.0000052
3363.4	-0.0000122
3361.5	-0.0000240
3359.6	-0.0000352
3357.6	-0.0000392
3355.7	-0.0000344
3353.8	-0.0000213
3351.8	-0.0000046
3349.9	0.0000058
3348.0	0.0000030
3346.1	-0.0000074
3344.1	-0.0000152
3342.2	-0.0000162
3340.3	-0.0000142
3338.3	-0.0000153
3336.4	-0.0000154
3334.5	-0.0000086
3332.6	-0.0000013
3330.6	0.0000022
3328.7	0.0000071
3326.8	0.0000112
3324.8	0.0000015
3322.9	-0.0000175
3321.0	-0.0000249
3319.1	-0.0000173
3317.1	-0.0000061
3315.2	0.0000004
3313.3	-0.0000063
3311.3	-0.0000220
3309.4	-0.0000262
3307.5	-0.0000141
3305.6	-0.0000028
3303.6	0.0000006
3301.7	0.0000046
3299.8	0.0000097
3297.8	0.0000103
3295.9	0.0000076
3294.0	0.0000056
3292.1	0.0000012
3290.1	-0.0000034
3288.2	-0.0000047
3286.3	-0.0000049
3284.3	-0.0000049
3282.4	-0.0000102
3280.5	-0.0000198
3278.6	-0.0000209
3276.6	-0.0000071
3274.7	0.0000119
3272.8	0.0000151
3270.8	0.0000012
3268.9	-0.0000061
3267.0	-0.0000002
3265.1	0.0000059
3263.1	0.0000103
3261.2	0.0000114
3259.3	0.0000055
3257.3	0.0000000
3255.4	0.0000022
3253.5	0.0000052
3251.6	0.0000008
3249.6	-0.0000057
3247.7	-0.0000072
3245.8	-0.0000048
3243.8	-0.0000033
3241.9	-0.0000050
3240.0	-0.0000044
3238.1	0.0000033
3236.1	0.0000124
3234.2	0.0000171
3232.3	0.0000157
3230.3	0.0000112
3228.4	0.0000085
3226.5	0.0000077
3224.6	0.0000060
3222.6	0.0000048
3220.7	-0.0000002
3218.8	-0.0000069
3216.8	-0.0000006
3214.9	0.0000140
3213.0	0.0000185
3211.1	0.0000097
3209.1	0.0000003
3207.2	-0.0000030
3205.3	-0.0000038
3203.3	-0.0000036
3201.4	-0.0000026
3199.5	0.0000002
3197.6	0.0000073
3195.6	0.0000139
3193.7	0.0000084
3191.8	-0.0000072
3189.8	-0.0000185
3187.9	-0.0000182
3186.0	-0.0000108
3184.1	-0.0000036
3182.1	-0.0000020
3180.2	-0.0000027
3178.3	0.0000022
3176.3	0.0000120
3174.4	0.0000176
3172.5	0.0000166
3170.6	0.0000103
3168.6	0.0000060
3166.7	0.0000136
3164.8	0.0000233
3162.8	0.0000163
3160.9	0.0000012
3159.0	-0.0000050
3157.1	-0.0000051
3155.1	-0.0000067
3153.2	-0.0000094
3151.3	-0.0000060
3149.3	0.0000047
3147.4	0.0000150
3145.5	0.0000198
3143.6	0.0000190
3141.6	0.0000173
3139.7	0.0000172
3137.8	0.0000130
3135.8	0.0000058
3133.9	0.0000034
3132.0	0.0000039
3130.1	0.0000046
3128.1	0.0000109
3126.2	0.0000182
3124.3	0.0000160
3122.3	0.0000104
3120.4	0.0000104
3118.5	0.0000135
3116.6	0.0000146
3114.6	0.0000175
3112.7	0.0000225
3110.8	0.0000228
3108.8	0.0000217
3106.9	0.0000210
3105.0	0.0000180
3103.1	0.0000108
3101.1	0.0000015
3099.2	-0.0000033
3097.3	-0.0000006
3095.3	0.0000046
3093.4	0.0000037
3091.5	-0.0000010
3089.6	0.0000009
3087.6	0.0000085
3085.7	0.0000113
3083.8	0.0000052
3081.8	-0.0000042
3079.9	-0.0000088
3078.0	-0.0000066
3076.1	-0.0000059
3074.1	-0.0000115
3072.2	-0.0000168
3070.3	-0.0000103
3068.3	0.0000054
3066.4	0.0000142
3064.5	0.0000112
3062.6	0.0000071
3060.6	0.0000054
3058.7	0.0000039
3056.8	0.0000027
3054.8	0.0000033
3052.9	0.0000033
3051.0	-0.0000016
3049.1	-0.0000082
3047.1	-0.0000076
3045.2	0.0000017
3043.3	0.0000113
3041.3	0.0000172
3039.4	0.0000138
3037.5	0.0000000
3035.6	-0.0000117
3033.6	-0.0000123
3031.7	-0.0000071
3029.8	-0.0000061
3027.8	-0.0000112
3025.9	-0.0000158
3024.0	-0.0000171
3022.1	-0.0000129
3020.1	0.0000037
3018.2	0.0000271
3016.3	0.0000362
3014.3	0.0000273
3012.4	0.0000196
3010.5	0.0000191
3008.6	0.0000124
3006.6	-0.0000006
3004.7	-0.0000066
3002.8	-0.0000033
3000.8	0.0000024
2998.9	0.0000064
2997.0	-0.0000007
2995.1	-0.0000059
2993.1	-0.0000064
2991.2	-0.0000077
2989.3	-0.0000066
2987.3	-0.0000009
2985.4	0.0000050
2983.5	0.0000105
2981.6	0.0000125
2979.6	0.0000055
2977.7	-0.0000049
2975.8	-0.0000093
2973.8	-0.0000092
2971.9	-0.0000115
2970.0	-0.0000129
2968.1	-0.0000085
2966.1	-0.0000034
2964.2	0.0000000
2962.3	0.0000012
2960.3	-0.0000024
2958.4	-0.0000070
2956.5	-0.0000092
2954.6	-0.0000085
2952.6	-0.0000076
2950.7	-0.0000085
2948.8	0.0000012
2946.8	0.0000187
2944.9	0.0000225
2943.0	0.0000161
2941.1	0.0000177
2939.1	0.0000257
2937.2	0.0000280
2935.3	0.0000225
2933.3	0.0000183
2931.4	0.0000179
2929.5	0.0000166
2927.6	0.0000129
2925.6	0.0000054
2923.7	-0.0000047
2921.8	-0.0000073
2919.8	0.0000003
2917.9	0.0000080
2916.0	0.0000097
2914.1	0.0000064
2912.1	-0.0000004
2910.2	-0.0000035
2908.3	0.0000009
2906.3	0.0000061
2904.4	0.0000089
2902.5	0.0000086
2900.6	0.0000054
2898.6	0.0000028
2896.7	-0.0000012
2894.8	-0.0000026
2892.8	0.0000057
2890.9	0.0000123
2889.0	0.0000057
2887.1	-0.0000049
2885.1	-0.0000119
2883.2	-0.0000169
2881.3	-0.0000181
2879.3	-0.0000118
2877.4	-0.0000041
2875.5	-0.0000024
2873.6	-0.0000011
2871.6	0.0000042
2869.7	0.0000048
2867.8	0.0000011
2865.8	0.0000038
2863.9	0.0000111
2862.0	0.0000145
2860.1	0.0000121
2858.1	0.0000062
2856.2	0.0000027
2854.3	0.0000046
2852.3	0.0000072
2850.4	0.0000080
2848.5	0.0000061
2846.6	-0.0000014
2844.6	-0.0000122
2842.7	-0.0000181
2840.8	-0.0000146
2838.8	-0.0000031
2836.9	0.0000061
2835.0	0.0000055
2833.1	0.0000029
2831.1	0.0000024
2829.2	-0.0000025
2827.3	-0.0000093
2825.3	-0.0000112
2823.4	-0.0000071
2821.5	-0.0000028
2819.6	-0.0000021
2817.6	-0.0000007
2815.7	0.0000036
2813.8	0.0000055
2811.8	0.0000016
2809.9	-0.0000010
2808.0	0.0000022
2806.1	0.0000019
2804.1	-0.0000038
2802.2	-0.0000083
2800.3	-0.0000105
2798.3	-0.0000114
2796.4	-0.0000103
2794.5	-0.0000069
2792.6	0.0000023
2790.6	0.0000170
2788.7	0.0000227
2786.8	0.0000147
2784.8	0.0000075
2782.9	0.0000067
2781.0	0.0000073
2779.1	0.0000089
2777.1	0.0000082
2775.2	0.0000034
2773.3	0.0000030
2771.3	0.0000100
2769.4	0.0000141
2767.5	0.0000092
2765.6	0.0000048
2763.6	0.0000069
2761.7	0.0000054
2759.8	-0.0000055
2757.8	-0.0000155
2755.9	-0.0000168
2754.0	-0.0000095
2752.1	0.0000032
2750.1	0.0000118
2748.2	0.0000123
2746.3	0.0000122
2744.3	0.0000117
2742.4	0.0000051
2740.5	-0.0000043
2738.6	-0.0000075
2736.6	-0.0000004
2734.7	0.0000093
2732.8	0.0000109
2730.8	0.0000059
2728.9	-0.0000004
2727.0	-0.0000033
2725.1	0.0000013
2723.1	0.0000060
2721.2	0.0000034
2719.3	0.0000028
2717.3	0.0000061
2715.4	0.0000029
2713.5	-0.0000045
2711.6	-0.0000062
2709.6	-0.0000035
2707.7	0.0000005
2705.8	0.0000077
2703.8	0.0000108
2701.9	0.0000054
2700.0	0.0000029
2698.1	0.0000062
2696.1	0.0000064
2694.2	0.0000031
2692.3	-0.0000014
2690.3	-0.0000033
2688.4	0.0000003
2686.5	0.0000032
2684.6	0.0000010
2682.6	-0.0000001
2680.7	0.0000066
2678.8	0.0000163
2676.8	0.0000187
2674.9	0.0000121
2673.0	0.0000006
2671.1	-0.0000098
2669.1	-0.0000126
2667.2	-0.0000082
2665.3	-0.0000048
2663.3	-0.0000042
2661.4	-0.0000012
2659.5	-0.0000010
2657.6	-0.0000046
2655.6	-0.0000001
2653.7	0.0000074
2651.8	0.0000053
2649.8	-0.0000000
2647.9	0.0000007
2646.0	0.0000075
2644.1	0.0000148
2642.1	0.0000163
2640.2	0.0000116
2638.3	0.0000079
2636.3	0.0000088
2634.4	0.0000082
2632.5	0.0000025
2630.6	-0.0000034
2628.6	-0.0000040
2626.7	-0.0000012
2624.8	0.0000001
2622.8	-0.0000011
2620.9	-0.0000026
2619.0	0.0000001
2617.1	0.0000054
2615.1	0.0000044
2613.2	-0.0000008
2611.3	-0.0000034
2609.3	-0.0000046
2607.4	-0.0000048
2605.5	-0.0000012
2603.6	0.0000037
2601.6	0.0000047
2599.7	0.0000002
2597.8	-0.0000065
2595.8	-0.0000074
2593.9	0.0000033
2592.0	0.0000129
2590.1	0.0000090
2588.1	0.0000036
2586.2	0.0000045
2584.3	0.0000030
2582.3	0.0000013
2580.4	0.0000089
2578.5	0.0000178
2576.6	0.0000168
2574.6	0.0000143
2572.7	0.0000164
2570.8	0.0000108
2568.8	-0.0000011
2566.9	-0.0000037
2565.0	-0.0000020
2563.1	-0.0000025
2561.1	0.0000029
2559.2	0.0000085
2557.3	0.0000030
2555.3	-0.0000064
2553.4	-0.0000104
2551.5	-0.0000087
2549.6	-0.0000034
2547.6	0.0000009
2545.7	0.0000025
2543.8	0.0000027
2541.8	0.0000013
2539.9	0.0000027
2538.0	0.0000086
2536.1	0.0000094
2534.1	0.0000022
2532.2	-0.0000006
2530.3	0.0000075
2528.3	0.0000173
2526.4	0.0000162
2524.5	0.0000047
2522.6	-0.0000039
2520.6	-0.0000028
2518.7	0.0000024
2516.8	0.0000085
2514.8	0.0000150
2512.9	0.0000143
2511.0	0.0000033
2509.1	-0.0000059
2507.1	-0.0000044
2505.2	-0.0000020
2503.3	-0.0000048
2501.3	-0.0000040
2499.4	0.0000019
2497.5	0.0000023
2495.6	0.0000005
2493.6	0.0000103
2491.7	0.0000219
2489.8	0.0000175
2487.8	0.0000047
2485.9	-0.0000002
2484.0	0.0000045
2482.1	0.0000092
2480.1	0.0000076
2478.2	0.0000017
2476.3	-0.0000039
2474.3	-0.0000032
2472.4	0.0000033
2470.5	0.0000065
2468.6	0.0000077
2466.6	0.0000107
2464.7	0.0000118
2462.8	0.0000144
2460.8	0.0000200
2458.9	0.0000175
2457.0	0.0000056
2455.1	-0.0000031
2453.1	-0.0000006
2451.2	0.0000097
2449.3	0.0000180
2447.3	0.0000187
2445.4	0.0000150
2443.5	0.0000076
2441.6	-0.0000016
2439.6	-0.0000023
2437.7	0.0000042
2435.8	0.0000048
2433.8	0.0000006
2431.9	-0.0000029
2430.0	-0.0000099
2428.1	-0.0000157
2426.1	-0.0000082
2424.2	0.0000015
2422.3	-0.0000041
2420.3	-0.0000100
2418.4	-0.0000016
2416.5	0.0000101
2414.6	0.0000188
2412.6	0.0000238
2410.7	0.0000219
2408.8	0.0000148
2406.8	0.0000064
2404.9	0.0000013
2403.0	0.0000028
2401.1	0.0000042
2399.1	0.0000033
2397.2	0.0000045
2395.3	0.0000064
2393.3	0.0000085
2391.4	0.0000122
2389.5	0.0000154
2387.6	0.0000194
2385.6	0.0000242
2383.7	0.0000250
2381.8	0.0000202
2379.8	0.0000100
2377.9	-0.0000042
2376.0	-0.0000154
2374.1	-0.0000173
2372.1	-0.0000174
2370.2	-0.0000239
2368.3	-0.0000305
2366.3	-0.0000369
2364.4	-0.0000469
2362.5	-0.0000493
2360.6	-0.0000413
2358.6	-0.0000388
2356.7	-0.0000439
2354.8	-0.0000426
2352.8	-0.0000317
2350.9	-0.0000198
2349.0	-0.0000144
2347.1	-0.0000161
2345.1	-0.0000195
2343.2	-0.0000224
2341.3	-0.0000235
2339.3	-0.0000157
2337.4	-0.0000044
2335.5	-0.0000028
2333.6	-0.0000071
2331.6	-0.0000099
2329.7	-0.0000157
2327.8	-0.0000230
2325.8	-0.0000253
2323.9	-0.0000231
2322.0	-0.0000180
2320.1	-0.0000129
2318.1	-0.0000113
2316.2	-0.0000072
2314.3	0.0000032
2312.3	0.0000099
2310.4	0.0000111
2308.5	0.0000127
2306.6	0.0000120
2304.6	0.0000097
2302.7	0.0000106
2300.8	0.0000136
2298.8	0.0000170
2296.9	0.0000142
2295.0	0.0000031
2293.1	-0.0000022
2291.1	0.0000028
2289.2	0.0000051
2287.3	0.0000008
2285.3	-0.0000028
2283.4	-0.0000021
2281.5	0.0000012
2279.6	0.0000058
2277.6	0.0000082
2275.7	0.0000022
2273.8	-0.0000062
2271.8	-0.0000053
2269.9	0.0000012
2268.0	0.0000084
2266.1	0.0000157
2264.1	0.0000171
2262.2	0.0000108
2260.3	0.0000048
2258.3	0.0000058
2256.4	0.0000112
2254.5	0.0000127
2252.6	0.0000065
2250.6	-0.0000030
2248.7	-0.0000086
2246.8	-0.0000074
2244.8	0.0000002
2242.9	0.0000087
2241.0	0.0000141
2239.1	0.0000179
2237.1	0.0000170
2235.2	0.0000091
2233.3	0.0000034
2231.3	0.0000053
2229.4	0.0000074
2227.5	0.0000050
2225.6	0.0000016
2223.6	-0.0000005
2221.7	-0.0000011
2219.8	-0.0000026
2217.8	-0.0000065
2215.9	-0.0000101
2214.0	-0.0000115
2212.1	-0.0000099
2210.1	-0.0000044
2208.2	0.0000032
2206.3	0.0000092
2204.3	0.0000104
2202.4	0.0000081
2200.5	0.0000051
2198.6	-0.0000003
2196.6	-0.0000070
2194.7	-0.0000055
2192.8	0.0000062
2190.8	0.0000148
2188.9	0.0000125
2187.0	0.0000077
2185.1	0.0000060
2183.1	0.0000050
2181.2	0.0000046
2179.3	0.0000053
2177.3	0.0000051
2175.4	0.0000065
2173.5	0.0000078
2171.6	0.0000041
2169.6	-0.0000021
2167.7	-0.0000039
2165.8	0.0000022
2163.8	0.0000102
2161.9	0.0000122
2160.0	0.0000116
2158.1	0.0000099
2156.1	0.0000049
2154.2	-0.0000019
2152.3	-0.0000087
2150.3	-0.0000123
2148.4	-0.0000123
2146.5	-0.0000105
2144.6	-0.0000027
2142.6	0.0000099
2140.7	0.0000177
2138.8	0.0000163
2136.8	0.0000091
2134.9	0.0000037
2133.0	0.0000058
2131.1	0.0000071
2129.1	0.0000022
2127.2	0.0000000
2125.3	0.0000024
2123.3	0.0000023
2121.4	0.0000045
2119.5	0.0000120
2117.6	0.0000147
2115.6	0.0000087
2113.7	0.0000025
2111.8	0.0000006
2109.8	0.0000024
2107.9	0.0000062
2106.0	0.0000067
2104.1	0.0000054
2102.1	0.0000065
2100.2	0.0000088
2098.3	0.0000221
2096.3	0.0000241
2094.4	0.0000237
2092.5	0.0000241
2090.6	0.0000291
2088.6	0.0000426
2086.7	0.0000614
2084.8	0.0000802
2082.8	0.0000948
2080.9	0.0001014
2079.0	0.0001018
2077.1	0.0000993
2075.1	0.0000944
2073.2	0.0000881
2071.3	0.0000808
2069.3	0.0000703
2067.4	0.0000592
2065.5	0.0000523
2063.6	0.0000488
2061.6	0.0000399
2059.7	0.0000293
2057.8	0.0000309
2055.8	0.0000388
2053.9	0.0000343
2052.0	0.0000199
2050.1	0.0000139
2048.1	0.0000173
2046.2	0.0000166
2044.3	0.0000102
2042.3	0.0000055
2040.4	0.0000058
2038.5	0.0000097
2036.6	0.0000144
2034.6	0.0000156
2032.7	0.0000123
2030.8	0.0000120
2028.8	0.0000132
2026.9	0.0000077
2025.0	-0.0000017
2023.1	-0.0000069
2021.1	-0.0000082
2019.2	-0.0000117
2017.3	-0.0000162
2015.3	-0.0000119
2013.4	-0.0000036
2011.5	-0.0000006
2009.6	-0.0000030
2007.6	-0.0000034
2005.7	0.0000035
2003.8	0.0000096
2001.8	0.0000070
1999.9	-0.0000000
1998.0	-0.0000003
1996.1	0.0000081
1994.1	0.0000097
1992.2	0.0000017
1990.3	0.0000052
1988.3	0.0000097
1986.4	0.0000092
1984.5	0.0000095
1982.6	0.0000076
1980.6	0.0000022
1978.7	-0.0000016
1976.8	-0.0000005
1974.8	0.0000046
1972.9	0.0000102
1971.0	0.0000122
1969.1	0.0000056
1967.1	-0.0000057
1965.2	-0.0000120
1963.3	-0.0000085
1961.4	0.0000137
1959.4	0.0000377
1957.5	0.0000314
1955.6	0.0000073
1953.6	-0.0000004
1951.7	0.0000041
1949.8	0.0000017
1947.9	-0.0000073
1945.9	-0.0000138
1944.0	-0.0000204
1942.1	-0.0000203
1940.1	-0.0000094
1938.2	-0.0000061
1936.3	-0.0000030
1934.4	-0.0000012
1932.4	-0.0000038
1930.5	-0.0000035
1928.6	0.0000019
1926.6	0.0000082
1924.7	0.0000039
1922.8	0.0000000
1920.9	0.0000099
1918.9	-0.0000041
1917.0	-0.0000110
1915.1	-0.0000049
1913.1	-0.0000125
1911.2	-0.0000169
1909.3	-0.0000140
1907.4	-0.0000074
1905.4	-0.0000071
1903.5	-0.0000079
1901.6	-0.0000009
1899.6	0.0000077
1897.7	0.0000049
1895.8	-0.0000097
1893.9	-0.0000138
1891.9	-0.0000113
1890.0	-0.0000167
1888.1	-0.0000050
1886.1	0.0000064
1884.2	0.0000054
1882.3	0.0000046
1880.4	0.0000016
1878.4	-0.0000013
1876.5	-0.0000016
1874.6	0.0000019
1872.6	0.0000095
1870.7	-0.0000028
1868.8	-0.0000183
1866.9	-0.0000018
1864.9	0.0000085
1863.0	0.0000070
1861.1	0.0000028
1859.1	-0.0000039
1857.2	-0.0000086
1855.3	-0.0000086
1853.4	-0.0000066
1851.4	-0.0000046
1849.5	0.0000004
1847.6	0.0000201
1845.6	0.0000032
1843.7	-0.0000180
1841.8	0.0000168
1839.9	0.0000106
1837.9	-0.0000142
1836.0	-0.0000177
1834.1	-0.0000005
1832.1	0.0000061
1830.2	-0.0000099
1828.3	0.0000033
1826.4	-0.0000073
1824.4	-0.0000203
1822.5	0.0000016
1820.6	0.0000096
1818.6	0.0000034
1816.7	-0.0000021
1814.8	-0.0000017
1812.9	-0.0000132
1810.9	-0.0000236
1809.0	-0.0000108
1807.1	0.0000053
1805.1	0.0000118
1803.2	-0.0000001
1801.3	-0.0000164
1799.4	-0.0000056
1797.4	0.0000149
1795.5	0.0000191
1793.6	-0.0000171
1791.6	-0.0000224
1789.7	0.0000178
1787.8	0.0000127
1785.9	-0.0000210
1783.9	-0.0000186
1782.0	-0.0000062
1780.1	-0.0000108
1778.1	0.0000031
1776.2	0.0000219
1774.3	-0.0000014
1772.4	-0.0000233
1770.4	0.0000243
1768.5	0.0000090
1766.6	0.0000057
1764.6	0.0000154
1762.7	-0.0000268
1760.8	-0.0000236
1758.9	-0.0000089
1756.9	-0.0000308
1755.0	-0.0000013
1753.1	-0.0000144
1751.1	-0.0000555
1749.2	-0.0000277
1747.3	-0.0000128
1745.4	-0.0000180
1743.4	-0.0000146
1741.5	-0.0000220
1739.6	-0.0000176
1737.6	0.0000654
1735.7	0.0000370
1733.8	-0.0000319
1731.9	0.0000509
1729.9	0.0000623
1728.0	0.0000304
1726.1	0.0000181
1724.1	0.0000041
1722.2	0.0000244
1720.3	0.0000352
1718.4	-0.0000356
1716.4	-0.0000222
1714.5	0.0000241
1712.6	0.0000099
1710.6	-0.0000045
1708.7	0.0000018
1706.8	-0.0000002
1704.9	0.0000370
1702.9	0.0000704
1701.0	-0.0000295
1699.1	0.0000287
1697.1	0.0000295
1695.2	-0.0000539
1693.3	0.0000208
1691.4	-0.0000035
1689.4	-0.0000102
1687.5	0.0000260
1685.6	-0.0000818
1683.6	-0.0000904
1681.7	0.0000220
1679.8	0.0000231
1677.9	0.0000114
1675.9	-0.0000210
1674.0	0.0000215
1672.1	0.0000530
1670.1	-0.0000087
1668.2	-0.0000020
1666.3	0.0000485
1664.4	0.0000133
1662.4	-0.0000194
1660.5	0.0000139
1658.6	0.0000563
1656.6	0.0001116
1654.7	0.0000068
1652.8	-0.0000950
1650.9	0.0000893
1648.9	0.0001065
1647.0	-0.0000426
1645.1	-0.0000538
1643.1	-0.0000178
1641.2	-0.0000363
1639.3	-0.0000265
1637.4	-0.0000632
1635.4	-0.0001097
1633.5	-0.0000309
1631.6	-0.0000071
1629.6	-0.0000367
1627.7	-0.0000210
1625.8	0.0000123
1623.9	-0.0000143
1621.9	-0.0000014
1620.0	0.0000373
1618.1	-0.0000372
1616.1	-0.0000634
1614.2	0.0000304
1612.3	0.0000352
1610.4	0.0000129
1608.4	0.0000096
1606.5	0.0000059
1604.6	-0.0000075
1602.6	-0.0000106
1600.7	0.0000120
1598.8	0.0000372
1596.9	0.0000393
1594.9	0.0000241
1593.0	0.0000110
1591.1	0.0000003
1589.1	-0.0000120
1587.2	-0.0000222
1585.3	-0.0000269
1583.4	-0.0000265
1581.4	-0.0000073
1579.5	0.0000353
1577.6	-0.0000237
1575.6	-0.0000626
1573.7	0.0000341
1571.8	0.0000159
1569.9	-0.0000538
1567.9	-0.0000252
1566.0	-0.0000004
1564.1	0.0000382
1562.1	0.0000657
1560.2	-0.0000630
1558.3	-0.0000784
1556.4	0.0000254
1554.4	-0.0000193
1552.5	-0.0000411
1550.6	-0.0000406
1548.6	-0.0000251
1546.7	-0.0000035
1544.8	0.0000166
1542.9	0.0000441
1540.9	0.0000009
1539.0	0.0000014
1537.1	0.0000976
1535.1	0.0000271
1533.2	-0.0000759
1531.3	-0.0000594
1529.4	-0.0000738
1527.4	-0.0001215
1525.5	-0.0001310
1523.6	-0.0001534
1521.6	-0.0002385
1519.7	-0.0002070
1517.8	-0.0001691
1515.9	-0.0001229
1513.9	-0.0000015
1512.0	0.0001350
1510.1	0.0002677
1508.1	0.0002439
1506.2	0.0001823
1504.3	0.0002661
1502.4	0.0002527
1500.4	0.0001420
1498.5	0.0000322
1496.6	-0.0000706
1494.6	-0.0000885
1492.7	-0.0001041
1490.8	-0.0001698
1488.9	-0.0001730
1486.9	-0.0001429
1485.0	-0.0001040
1483.1	-0.0000797
1481.1	-0.0000697
1479.2	-0.0000508
1477.3	-0.0000346
1475.4	-0.0000181
1473.4	-0.0000325
1471.5	0.0000027
1469.6	0.0000671
1467.6	0.0000521
1465.7	-0.0000103
1463.8	-0.0000145
1461.9	0.0000319
1459.9	0.0000323
1458.0	-0.0000634
1456.1	-0.0000642
1454.1	0.0000267
1452.2	0.0000164
1450.3	0.0000027
1448.4	-0.0000001
1446.4	0.0000078
1444.5	0.0000022
1442.6	-0.0000133
1440.6	0.0000090
1438.7	0.0000037
1436.8	-0.0000412
1434.9	0.0000066
1432.9	0.0000175
1431.0	-0.0000359
1429.1	-0.0000519
1427.1	-0.0000287
1425.2	-0.0000127
1423.3	0.0000222
1421.4	0.0000302
1419.4	0.0000023
1417.5	0.0000711
1415.6	0.0001272
1413.6	0.0001412
1411.7	0.0001603
1409.8	0.0001740
1407.9	0.0001565
1405.9	0.0000966
1404.0	0.0000419
1402.1	0.0000085
1400.1	-0.0000382
1398.2	-0.0000528
1396.3	-0.0000585
1394.4	-0.0000774
1392.4	-0.0000487
1390.5	-0.0000258
1388.6	-0.0000290
1386.6	0.0000164
1384.7	0.0000946
1382.8	0.0001072
1380.9	0.0000798
1378.9	0.0000564
1377.0	0.0000463
1375.1	0.0000185
1373.1	-0.0000111
1371.2	-0.0000318
1369.3	-0.0000600
1367.4	-0.0000652
1365.4	-0.0000596
1363.5	-0.0000703
1361.6	-0.0000666
1359.6	-0.0000530
1357.7	-0.0000528
1355.8	-0.0000552
1353.9	-0.0000480
1351.9	-0.0000403
1350.0	-0.0000405
1348.1	-0.0000415
1346.1	-0.0000402
1344.2	-0.0000340
1342.3	-0.0000266
1340.4	-0.0000288
1338.4	-0.0000299
1336.5	-0.0000293
1334.6	-0.0000274
1332.6	-0.0000159
1330.7	-0.0000011
1328.8	0.0000057
1326.9	0.0000037
1324.9	-0.0000019
1323.0	-0.0000067
1321.1	-0.0000137
1319.1	-0.0000235
1317.2	-0.0000286
1315.3	-0.0000302
1313.4	-0.0000300
1311.4	-0.0000285
1309.5	-0.0000319
1307.6	-0.0000341
1305.6	-0.0000329
1303.7	-0.0000394
1301.8	-0.0000486
1299.9	-0.0000487
1297.9	-0.0000391
1296.0	-0.0000269
1294.1	-0.0000181
1292.1	-0.0000154
1290.2	-0.0000122
1288.3	-0.0000011
1286.4	0.0000154
1284.4	0.0000273
1282.5	0.0000270
1280.6	0.0000170
1278.6	0.0000062
1276.7	-0.0000029
1274.8	-0.0000122
1272.9	-0.0000181
1270.9	-0.0000131
1269.0	0.0000011
1267.1	0.0000151
1265.1	0.0000318
1263.2	0.0000629
1261.3	0.0000961
1259.4	0.0001073
1257.4	0.0000934
1255.5	0.0000651
1253.6	0.0000286
1251.6	-0.0000021
1249.7	-0.0000101
1247.8	-0.0000032
1245.9	0.0000098
1243.9	0.0000294
1242.0	0.0000472
1240.1	0.0000545
1238.1	0.0000566
1236.2	0.0000576
1234.3	0.0000523
1232.4	0.0000418
1230.4	0.0000297
1228.5	0.0000107
1226.6	-0.0000145
1224.6	-0.0000335
1222.7	-0.0000330
1220.8	-0.0000212
1218.9	-0.0000169
1216.9	-0.0000178
1215.0	-0.0000104
1213.1	0.0000029
1211.1	0.0000138
1209.2	0.0000197
1207.3	0.0000186
1205.4	0.0000078
1203.4	-0.0000097
1201.5	-0.0000170
1199.6	0.0000061
1197.6	0.0000114
1195.7	0.0000151
1193.8	0.0000165
1191.9	0.0000076
1189.9	-0.0000075
1188.0	-0.0000173
1186.1	-0.0000186
1184.1	-0.0000092
1182.2	0.0000118
1180.3	0.0000333
1178.4	0.0000368
1176.4	0.0000220
1174.5	0.0000095
1172.6	0.0000109
1170.6	0.0000142
1168.7	0.0000132
1166.8	0.0000175
1164.9	0.0000257
1162.9	0.0000311
1161.0	0.0000321
1159.1	0.0000270
1157.1	0.0000171
1155.2	0.0000072
1153.3	0.0000036
1151.4	0.0000079
1149.4	0.0000140
1147.5	0.0000193
1145.6	0.0000217
1143.6	0.0000174
1141.7	0.0000104
1139.8	0.0000078
1137.9	0.0000049
1135.9	-0.0000009
1134.0	0.0000022
1132.1	0.0000162
1130.1	0.0000250
1128.2	0.0000183
1126.3	0.0000036
1124.4	-0.0000053
1122.4	-0.0000025
1120.5	0.0000080
1118.6	0.0000170
1116.6	0.0000205
1114.7	0.0000204
1112.8	0.0000182
1110.9	0.0000169
1108.9	0.0000140
1107.0	0.0000046
1105.1	-0.0000067
1103.1	-0.0000145
1101.2	-0.0000237
1099.3	-0.0000307
1097.4	-0.0000197
1095.4	0.0000019
1093.5	0.0000102
1091.6	0.0000019
1089.6	-0.0000083
1087.7	-0.0000107
1085.8	-0.0000131
1083.9	-0.0000133
1081.9	0.0000069
1080.0	0.0000333
1078.1	0.0000511
1076.1	0.0000757
1074.2	0.0000855
1072.3	0.0000539
1070.4	0.0000136
1068.4	-0.0000038
1066.5	-0.0000048
1064.6	-0.0000015
1062.6	0.0000084
1060.7	0.0000225
1058.8	0.0000254
1056.9	0.0000222
1054.9	0.0000258
1053.0	0.0000275
1051.1	0.0000272
1049.1	0.0000321
1047.2	0.0000354
1045.3	0.0000315
1043.4	0.0000255
1041.4	0.0000212
1039.5	0.0000153
1037.6	0.0000077
1035.6	0.0000021
1033.7	-0.0000001
1031.8	0.0000068
1029.9	0.0000235
1027.9	0.0000306
1026.0	0.0000205
1024.1	0.0000155
1022.1	0.0000230
1020.2	0.0000263
1018.3	0.0000211
1016.4	0.0000134
1014.4	0.0000085
1012.5	0.0000075
1010.6	0.0000023
1008.6	-0.0000052
1006.7	-0.0000034
1004.8	0.0000066
1002.9	0.0000162
1000.9	0.0000187
999.0	0.0000156
997.1	0.0000162
995.1	0.0000183
993.2	0.0000157
991.3	0.0000127
989.4	0.0000075
987.4	-0.0000074
985.5	-0.0000173
983.6	-0.0000081
981.6	0.0000058
979.7	0.0000060
977.8	-0.0000055
975.9	-0.0000129
973.9	-0.0000100
972.0	-0.0000089
970.1	-0.0000133
968.1	-0.0000176
966.2	-0.0000179
964.3	-0.0000090
962.4	0.0000026
960.4	0.0000045
958.5	-0.0000040
956.6	-0.0000210
954.6	-0.0000396
952.7	-0.0000421
950.8	-0.0000252
948.9	-0.0000047
946.9	0.0000121
945.0	0.0000193
943.1	0.0000107
941.1	0.0000018
939.2	0.0000038
937.3	0.0000066
935.4	0.0000034
933.4	-0.0000033
931.5	-0.0000024
929.6	0.0000121
927.6	0.0000235
925.7	0.0000226
923.8	0.0000159
921.9	-0.0000011
919.9	-0.0000227
918.0	-0.0000247
916.1	-0.0000094
914.1	-0.0000007
912.2	0.0000044
910.3	0.0000206
908.4	0.0000320
906.4	0.0000160
904.5	-0.0000087
902.6	-0.0000159
900.6	-0.0000190
898.7	-0.0000190
896.8	-0.0000058
894.9	0.0000018
892.9	-0.0000081
891.0	-0.0000307
889.1	0.0000108
887.1	0.0001674
885.2	0.0002313
883.3	0.0000989
881.4	0.0001040
879.4	0.0002826
877.5	0.0001183
875.6	-0.0003182
873.6	-0.0003441
871.7	0.0000488
869.8	0.0002996
867.9	0.0002623
865.9	0.0002000
864.0	0.0002241
862.1	0.0001727
860.1	-0.0000004
858.2	-0.0000967
856.3	-0.0000137
854.4	0.0001125
852.4	0.0001167
850.5	0.0000029
848.6	-0.0001012
