Wed, Oct 18, 2017	9:56 AM
 x = amu	 y = amps
0.000	42117.779
0.060	19076.919
0.120	18904.888
0.180	19339.061
0.240	19516.186
0.300	19117.268
0.360	19557.134
0.420	19357.847
0.480	19033.157
0.540	19301.552
0.600	18753.706
0.660	19042.352
0.720	19304.940
0.780	19056.541
0.840	19878.882
0.900	20819.252
0.960	20448.673
1.020	12547.986
1.080	13063.825
1.140	1685.845
1.200	1439.484
1.260	351.040
1.320	171.316
1.380	169.609
1.440	181.824
1.500	237.189
1.560	403.412
1.620	625.982
1.680	3310.749
1.740	5020.592
1.800	5142.772
1.860	4929.182
1.920	4823.941
1.980	4618.922
2.040	5337.169
2.100	4018.182
2.160	2873.379
2.220	170.705
2.280	116.702
2.340	99.100
2.400	98.132
2.460	97.508
2.520	98.451
2.580	98.667
2.640	99.992
2.700	101.126
2.760	101.291
2.820	100.820
2.880	101.164
2.940	99.788
3.000	101.202
3.060	100.743
3.120	101.495
3.180	99.865
3.240	102.781
3.300	108.997
3.360	117.199
3.420	167.381
3.480	553.142
3.540	740.432
3.600	799.516
3.660	829.217
3.720	818.098
3.780	843.699
3.840	822.709
3.900	780.297
3.960	617.894
4.020	585.786
4.080	475.641
4.140	103.189
4.200	99.100
4.260	97.012
4.320	96.235
4.380	96.782
4.440	96.005
4.500	96.999
4.560	96.031
4.620	97.292
4.680	96.337
4.740	95.738
4.800	97.356
4.860	96.591
4.920	96.273
4.980	96.273
5.040	96.235
5.100	97.317
5.160	95.802
5.220	96.808
5.280	96.642
5.340	97.445
5.400	103.316
5.460	105.150
5.520	105.023
5.580	106.246
5.640	103.698
5.700	103.647
5.760	106.016
5.820	105.010
5.880	101.979
5.940	103.456
6.000	103.889
6.060	99.126
6.120	96.961
6.180	96.324
6.240	95.891
6.300	95.534
6.360	97.292
6.420	98.222
6.480	98.132
6.540	98.425
6.600	98.693
6.660	98.336
6.720	98.247
6.780	99.368
6.840	99.635
6.900	97.648
6.960	98.273
7.020	97.508
7.080	97.164
7.140	96.464
7.200	96.502
7.260	96.044
7.320	97.496
7.380	99.126
7.440	99.139
7.500	99.419
7.560	98.387
7.620	98.948
7.680	98.285
7.740	98.502
7.800	100.501
7.860	102.896
7.920	103.711
7.980	102.781
8.040	103.342
8.100	102.756
8.160	100.552
8.220	100.310
8.280	100.591
8.340	99.495
8.400	100.209
8.460	100.056
8.520	98.578
8.580	97.177
8.640	97.203
8.700	96.171
8.760	96.642
8.820	95.560
8.880	96.719
8.940	96.808
9.000	95.738
9.060	96.095
9.120	95.993
9.180	96.910
9.240	96.795
9.300	96.298
9.360	96.502
9.420	96.681
9.480	96.808
9.540	96.782
9.600	96.286
9.660	96.286
9.720	96.884
9.780	96.400
9.840	96.489
9.900	96.833
9.960	96.668
10.020	96.400
10.080	96.757
10.140	96.515
10.200	96.630
10.260	96.821
10.320	97.190
10.380	97.126
10.440	96.324
10.500	96.897
10.560	97.432
10.620	97.266
10.680	97.088
10.740	97.126
10.800	97.941
10.860	98.782
10.920	98.973
10.980	101.075
11.040	104.144
11.100	107.850
11.160	120.205
11.220	170.004
11.280	247.684
11.340	788.142
11.400	1037.305
11.460	1112.501
11.520	1186.182
11.580	1220.405
11.640	1212.177
11.700	1168.223
11.760	1156.060
11.820	1000.090
11.880	1001.631
11.940	852.105
12.000	753.015
12.060	273.488
12.120	111.034
12.180	112.346
12.240	121.134
12.300	204.762
12.360	440.552
12.420	486.900
12.480	552.327
12.540	568.031
12.600	580.933
12.660	570.527
12.720	549.385
12.780	535.808
12.840	496.350
12.900	528.803
12.960	420.849
13.020	337.565
13.080	230.821
13.140	139.895
13.200	147.970
13.260	199.158
13.320	515.264
13.380	931.402
13.440	1283.195
13.500	1399.301
13.560	1437.064
13.620	1501.027
13.680	1502.797
13.740	1396.180
13.800	1317.431
13.860	1237.077
13.920	1232.097
13.980	961.536
14.040	1043.483
14.100	575.176
14.160	183.136
14.220	169.775
14.280	315.773
14.340	580.398
14.400	2102.340
14.460	2740.334
14.520	2897.591
14.580	3073.482
14.640	3243.602
14.700	3136.400
14.760	3028.598
14.820	2970.278
14.880	2674.500
14.940	2652.504
15.000	2370.340
15.060	2143.976
15.120	718.894
15.180	158.847
15.240	212.378
15.300	328.675
15.360	1472.319
15.420	2494.967
15.480	2747.569
15.540	2965.591
15.600	3052.237
15.660	3084.690
15.720	2993.267
15.780	2896.827
15.840	2704.456
15.900	2468.538
15.960	2525.419
16.020	2019.171
16.080	1422.354
16.140	704.897
16.200	181.403
16.260	226.019
16.320	640.820
16.380	3102.482
16.440	3636.827
16.500	4280.324
16.560	4510.229
16.620	4572.549
16.680	4491.711
16.740	4211.585
16.800	4094.461
16.860	3754.092
16.920	3594.925
16.980	3268.897
17.040	2950.868
17.100	2383.408
17.160	369.470
17.220	380.576
17.280	678.087
17.340	3943.623
17.400	6746.253
17.460	8861.395
17.520	9475.636
17.580	9581.310
17.640	10082.617
17.700	9083.927
17.760	8811.901
17.820	8674.501
17.880	7866.462
17.940	8070.678
18.000	6351.563
18.060	6918.246
18.120	3611.444
18.180	140.621
18.240	119.109
18.300	118.231
18.360	130.789
18.420	161.254
18.480	166.871
18.540	165.674
18.600	169.240
18.660	164.528
18.720	164.056
18.780	163.178
18.840	161.063
18.900	165.890
18.960	169.890
19.020	158.414
19.080	158.210
19.140	131.145
19.200	119.593
19.260	127.605
19.320	141.220
19.380	262.242
19.440	354.925
19.500	362.465
19.560	380.920
19.620	387.517
19.680	385.110
19.740	356.122
19.800	344.888
19.860	338.304
19.920	321.262
19.980	331.451
20.040	284.938
20.100	242.296
20.160	211.372
20.220	100.005
20.280	100.158
20.340	99.546
20.400	102.781
20.460	102.527
20.520	103.826
20.580	102.335
20.640	101.266
20.700	101.113
20.760	99.457
20.820	100.654
20.880	101.317
20.940	100.221
21.000	101.304
21.060	100.247
21.120	101.686
21.180	100.985
21.240	98.782
21.300	97.865
21.360	101.457
21.420	106.781
21.480	109.060
21.540	113.340
21.600	113.429
21.660	113.302
21.720	112.244
21.780	109.111
21.840	108.092
21.900	108.806
21.960	108.424
22.020	109.684
22.080	108.322
22.140	104.794
22.200	100.642
22.260	97.547
22.320	97.814
22.380	97.292
22.440	98.056
22.500	97.292
22.560	97.890
22.620	98.005
22.680	97.508
22.740	96.897
22.800	97.075
22.860	96.005
22.920	96.999
22.980	97.508
23.040	96.910
23.100	97.980
23.160	97.929
23.220	97.852
23.280	100.985
23.340	109.060
23.400	128.585
23.460	261.567
23.520	316.384
23.580	347.716
23.640	364.095
23.700	374.475
23.760	371.418
23.820	346.837
23.880	339.272
23.940	336.521
24.000	328.726
24.060	338.125
24.120	281.053
24.180	305.546
24.240	197.821
24.300	113.353
24.360	120.676
24.420	182.664
24.480	273.921
24.540	583.671
24.600	686.582
24.660	703.789
24.720	737.031
24.780	757.473
24.840	727.746
24.900	670.967
24.960	685.104
25.020	660.434
25.080	691.766
25.140	646.233
25.200	619.588
25.260	387.823
25.320	293.637
25.380	225.179
25.440	423.014
25.500	928.931
25.560	2025.883
25.620	2341.250
25.680	2611.671
25.740	2682.078
25.800	2821.223
25.860	2677.811
25.920	2458.693
25.980	2566.647
26.040	2245.561
26.100	2274.473
26.160	2114.580
26.220	2075.479
26.280	1537.122
26.340	663.694
26.400	298.935
26.460	483.053
26.520	2354.738
26.580	4302.536
26.640	5948.009
26.700	6338.254
26.760	6408.355
26.820	6963.754
26.880	6395.733
26.940	6113.264
27.000	6257.250
27.060	6014.570
27.120	5508.665
27.180	5178.091
27.240	4553.788
27.300	3771.706
27.360	1523.507
27.420	805.477
27.480	3369.948
27.540	15984.853
27.600	20430.154
27.660	24893.999
27.720	24766.686
27.780	26504.752
27.840	27931.553
27.900	26358.423
27.960	23619.845
28.020	24381.064
28.080	22361.738
28.140	23737.466
28.200	20663.791
28.260	20372.369
28.320	9957.278
28.380	5970.412
28.440	246.831
28.500	522.409
28.560	1098.593
28.620	2928.477
28.680	3376.214
28.740	3893.887
28.800	4081.062
28.860	4314.356
28.920	4034.854
28.980	3783.093
29.040	3922.315
29.100	3478.144
29.160	3462.580
29.220	3323.269
29.280	3038.813
29.340	2375.639
29.400	665.261
29.460	166.693
29.520	259.796
29.580	1043.572
29.640	1357.933
29.700	1682.203
29.760	1718.604
29.820	1797.302
29.880	1888.864
29.940	1609.643
30.000	1615.438
30.060	1638.657
30.120	1522.271
30.180	1625.933
30.240	1318.768
30.300	1265.148
30.360	621.397
30.420	131.247
30.480	154.695
30.540	425.688
30.600	877.259
30.660	1031.077
30.720	1088.060
30.780	1110.553
30.840	1181.673
30.900	1158.200
30.960	1082.163
31.020	1065.682
31.080	1004.929
31.140	1007.133
31.200	900.949
31.260	880.023
31.320	652.155
31.380	241.443
31.440	133.986
31.500	189.962
31.560	446.156
31.620	539.680
31.680	659.275
31.740	687.792
31.800	711.023
31.860	725.199
31.920	664.471
31.980	645.647
32.040	657.173
32.100	603.706
32.160	614.901
32.220	565.344
32.280	523.135
32.340	310.105
32.400	199.285
32.460	108.296
32.520	113.353
32.580	116.855
32.640	128.190
32.700	132.394
32.760	130.967
32.820	127.312
32.880	126.828
32.940	121.682
33.000	120.880
33.060	123.669
33.120	119.097
33.180	120.803
33.240	118.689
33.300	117.123
33.360	111.595
33.420	100.616
33.480	99.967
33.540	104.666
33.600	108.640
33.660	112.894
33.720	114.333
33.780	111.913
33.840	113.709
33.900	113.633
33.960	111.455
34.020	113.544
34.080	109.863
34.140	111.646
34.200	108.118
34.260	107.481
34.320	104.552
34.380	98.464
34.440	96.566
34.500	97.903
34.560	98.999
34.620	100.756
34.680	100.756
34.740	101.215
34.800	102.119
34.860	101.215
34.920	100.629
34.980	100.820
35.040	102.234
35.100	100.692
35.160	100.068
35.220	100.387
35.280	100.400
35.340	99.928
35.400	101.342
35.460	105.532
35.520	151.129
35.580	303.953
35.640	385.645
35.700	453.390
35.760	465.312
35.820	481.780
35.880	490.963
35.940	468.992
36.000	445.583
36.060	440.959
36.120	411.653
36.180	449.225
36.240	373.864
36.300	364.273
36.360	248.155
36.420	155.778
36.480	158.796
36.540	481.614
36.600	734.611
36.660	1081.730
36.720	1188.411
36.780	1210.368
36.840	1316.629
36.900	1328.422
36.960	1200.345
37.020	1204.204
37.080	1227.219
37.140	1121.175
37.200	988.627
37.260	1005.426
37.320	774.107
37.380	543.259
37.440	150.314
37.500	214.505
37.560	341.946
37.620	1117.074
37.680	1584.667
37.740	1708.784
37.800	1802.562
37.860	1875.135
37.920	1932.054
37.980	1718.553
38.040	1770.314
38.100	1678.038
38.160	1765.869
38.220	1571.116
38.280	1499.868
38.340	833.510
38.400	545.500
38.460	199.260
38.520	290.351
38.580	1197.313
38.640	2741.926
38.700	3456.658
38.760	3934.071
38.820	4171.223
38.880	4450.152
38.940	4270.237
39.000	4031.670
39.060	4157.888
39.120	3784.583
39.180	3727.371
39.240	3675.100
39.300	3493.262
39.360	2721.688
39.420	1092.225
39.480	279.156
39.540	377.761
39.600	771.993
39.660	950.430
39.720	1109.419
39.780	1183.469
39.840	1209.082
39.900	1240.936
39.960	1191.124
40.020	1165.944
40.080	1137.580
40.140	1147.119
40.200	1115.686
40.260	980.233
40.320	948.048
40.380	532.063
40.440	367.967
40.500	213.932
40.560	296.541
40.620	395.197
40.680	768.286
40.740	983.902
40.800	1016.863
40.860	1085.437
40.920	1106.846
40.980	1052.271
41.040	993.008
41.100	995.517
41.160	927.568
41.220	983.125
41.280	849.812
41.340	779.978
41.400	447.608
41.460	319.454
41.520	125.732
41.580	158.873
41.640	410.507
41.700	651.442
41.760	718.627
41.820	778.042
41.880	838.553
41.940	847.902
42.000	766.605
42.060	759.995
42.120	770.375
42.180	747.781
42.240	779.176
42.300	669.235
42.360	504.400
42.420	378.156
42.480	142.990
42.540	139.984
42.600	345.563
42.660	907.725
42.720	1090.225
42.780	1361.397
42.840	1455.469
42.900	1486.979
42.960	1620.393
43.020	1542.344
43.080	1421.883
43.140	1431.881
43.200	1305.701
43.260	1408.433
43.320	1298.772
43.380	1068.395
43.440	581.060
43.500	193.337
43.560	250.995
43.620	1150.494
43.680	1642.834
43.740	2504.328
43.800	2797.381
43.860	2818.574
43.920	3185.957
43.980	2947.340
44.040	2765.782
44.100	2967.094
44.160	2715.842
44.220	2867.431
44.280	2271.569
44.340	2501.933
44.400	1517.852
44.460	585.582
44.520	201.565
44.580	147.028
44.640	228.477
44.700	594.892
44.760	850.245
44.820	886.748
44.880	959.346
44.940	1053.519
45.000	1035.854
45.060	943.310
45.120	943.667
45.180	947.679
45.240	959.129
45.300	911.138
45.360	851.417
45.420	502.082
45.480	362.656
45.540	110.207
45.600	98.897
45.660	106.640
45.720	127.948
45.780	133.922
45.840	146.773
45.900	151.498
45.960	153.702
46.020	152.339
46.080	151.269
46.140	151.358
46.200	151.626
46.260	145.830
46.320	152.543
46.380	143.933
46.440	137.514
46.500	115.327
46.560	100.578
46.620	98.515
46.680	107.634
46.740	116.447
46.800	129.490
46.860	133.514
46.920	138.189
46.980	141.946
47.040	141.143
47.100	139.908
47.160	140.061
47.220	139.883
47.280	143.118
47.340	138.036
47.400	136.253
47.460	130.381
47.520	115.721
47.580	111.022
47.640	117.899
47.700	142.086
47.760	230.006
47.820	305.469
47.880	319.594
47.940	332.852
48.000	355.345
48.060	354.262
48.120	321.224
48.180	324.268
48.240	324.688
48.300	322.179
48.360	314.958
48.420	291.459
48.480	229.611
48.540	179.569
48.600	118.549
48.660	118.511
48.720	148.161
48.780	381.633
48.840	473.616
48.900	602.585
48.960	653.645
49.020	685.283
49.080	737.935
49.140	680.914
49.200	666.688
49.260	695.727
49.320	626.135
49.380	674.406
49.440	638.464
49.500	507.011
49.560	316.537
49.620	161.318
49.680	133.807
49.740	266.725
49.800	534.470
49.860	1356.914
49.920	1931.099
49.980	2072.473
50.040	2338.512
50.100	2555.707
50.160	2457.356
50.220	2334.067
50.280	2416.103
50.340	2190.005
50.400	2416.574
50.460	2062.704
50.520	2034.990
50.580	997.160
50.640	628.274
50.700	163.101
50.760	172.577
50.820	598.115
50.880	1709.293
50.940	2067.277
51.000	2547.288
51.060	2812.868
51.120	3046.862
51.180	3080.856
51.240	2935.075
51.300	3005.571
51.360	2736.704
51.420	2844.124
51.480	2504.735
51.540	2375.499
51.600	1954.037
51.660	686.047
51.720	146.722
51.780	183.467
51.840	613.704
51.900	1076.699
51.960	1929.927
52.020	2335.392
52.080	2449.447
52.140	2765.578
52.200	2912.378
52.260	2818.638
52.320	2792.617
52.380	2812.996
52.440	2646.301
52.500	2326.234
52.560	2354.726
52.620	1814.293
52.680	764.160
52.740	526.026
52.800	211.793
52.860	354.135
52.920	1703.243
52.980	3672.197
53.040	4397.283
53.100	5414.887
53.160	6095.917
53.220	6472.623
53.280	6289.371
53.340	6135.133
53.400	6290.186
53.460	5814.760
53.520	6221.550
53.580	5163.597
53.640	4180.292
53.700	2739.290
53.760	1123.073
53.820	127.439
53.880	129.910
53.940	278.417
54.000	375.099
54.060	524.523
54.120	602.254
54.180	632.783
54.240	695.434
54.300	679.157
54.360	679.271
54.420	674.788
54.480	654.906
54.540	678.456
54.600	586.155
54.660	567.089
54.720	335.234
54.780	197.158
54.840	138.214
54.900	148.989
54.960	217.371
55.020	520.015
55.080	711.112
55.140	790.511
55.200	890.365
55.260	1002.459
55.320	1029.969
55.380	977.648
55.440	1000.446
55.500	914.488
55.560	990.970
55.620	830.453
55.680	753.346
55.740	420.925
55.800	314.423
55.860	152.186
55.920	100.603
55.980	104.399
56.040	124.217
56.100	138.647
56.160	158.656
56.220	169.227
56.280	174.793
56.340	180.461
56.400	179.850
56.460	178.181
56.520	176.130
56.580	172.692
56.640	177.226
56.700	163.954
56.760	162.986
56.820	126.446
56.880	108.220
56.940	100.934
57.000	99.521
57.060	103.660
57.120	124.115
57.180	137.908
57.240	139.602
57.300	146.136
57.360	148.836
57.420	152.288
57.480	145.690
57.540	150.747
57.600	145.474
57.660	145.639
57.720	143.130
57.780	133.591
57.840	112.919
57.900	108.895
57.960	98.374
58.020	97.330
58.080	100.030
58.140	106.284
58.200	109.977
58.260	112.448
58.320	114.639
58.380	115.085
58.440	114.295
58.500	114.983
58.560	113.620
58.620	114.626
58.680	111.442
58.740	112.041
58.800	104.845
58.860	103.864
58.920	98.769
58.980	97.980
59.040	96.846
59.100	101.852
59.160	103.775
59.220	105.863
59.280	109.048
59.340	109.073
59.400	110.321
59.460	109.137
59.520	110.627
59.580	109.099
59.640	108.054
59.700	107.901
59.760	108.080
59.820	105.889
59.880	102.157
59.940	102.921
60.000	106.526
60.060	163.967
60.120	240.411
60.180	386.880
60.240	487.027
60.300	531.732
60.360	581.302
60.420	611.297
60.480	600.089
60.540	585.849
60.600	588.804
60.660	595.172
60.720	519.021
60.780	538.113
60.840	325.733
60.900	213.716
60.960	164.451
61.020	110.754
61.080	126.063
61.140	217.180
61.200	341.106
61.260	375.838
61.320	442.972
61.380	496.108
61.440	497.229
61.500	495.905
61.560	484.111
61.620	454.638
61.680	495.217
61.740	419.460
61.800	413.856
61.860	235.406
61.920	202.788
61.980	116.104
62.040	119.848
62.100	143.882
62.160	320.982
62.220	409.500
62.280	573.597
62.340	672.139
62.400	719.404
62.460	758.963
62.520	762.084
62.580	755.843
62.640	701.420
62.700	762.504
62.760	638.400
62.820	601.248
62.880	410.137
62.940	247.913
63.000	116.167
63.060	121.568
63.120	251.556
63.180	460.650
63.240	873.846
63.300	1153.016
63.360	1251.838
63.420	1454.743
63.480	1572.376
63.540	1552.036
63.600	1582.362
63.660	1478.356
63.720	1638.224
63.780	1415.170
63.840	1296.212
63.900	655.530
63.960	402.088
64.020	284.989
64.080	112.066
64.140	128.076
64.200	246.716
64.260	437.062
64.320	511.112
64.380	627.306
64.440	721.658
64.500	743.654
64.560	752.493
64.620	745.883
64.680	739.476
64.740	769.980
64.800	674.966
64.860	601.846
64.920	348.315
64.980	280.340
65.040	178.831
65.100	113.111
65.160	134.890
65.220	323.593
65.280	607.539
65.340	987.672
65.400	1218.736
65.460	1344.483
65.520	1535.785
65.580	1537.963
65.640	1577.853
65.700	1455.812
65.760	1440.580
65.820	1415.298
65.880	1296.429
65.940	994.549
66.000	485.359
66.060	219.740
66.120	102.692
66.180	124.280
66.240	161.038
66.300	296.745
66.360	400.407
66.420	435.941
66.480	518.244
66.540	578.016
66.600	577.698
66.660	597.694
66.720	581.837
66.780	590.282
66.840	524.498
66.900	543.717
66.960	322.421
67.020	207.462
67.080	170.679
67.140	99.559
67.200	112.270
67.260	135.234
67.320	231.827
67.380	270.164
67.440	333.196
67.500	391.389
67.560	414.608
67.620	426.580
67.680	434.273
67.740	412.481
67.800	445.774
67.860	398.432
67.920	382.856
67.980	232.719
68.040	196.522
68.100	147.486
68.160	98.642
68.220	99.228
68.280	115.110
68.340	121.262
68.400	140.940
68.460	153.472
68.520	156.720
68.580	159.535
68.640	160.414
68.700	161.636
68.760	159.904
68.820	158.198
68.880	155.064
68.940	138.431
69.000	124.943
69.060	111.073
69.120	100.017
69.180	100.259
69.240	120.154
69.300	133.833
69.360	166.833
69.420	190.179
69.480	196.725
69.540	214.569
69.600	221.829
69.660	224.669
69.720	219.778
69.780	222.313
69.840	213.818
69.900	186.676
69.960	158.873
70.020	131.897
70.080	104.399
70.140	98.846
70.200	98.298
70.260	100.438
70.320	102.119
70.380	106.908
70.440	109.455
70.500	112.232
70.560	113.302
70.620	115.034
70.680	115.938
70.740	115.072
70.800	115.046
70.860	114.664
70.920	111.824
70.980	109.532
71.040	102.539
71.100	100.705
71.160	97.343
71.220	97.164
71.280	96.757
71.340	100.476
71.400	102.132
71.460	104.144
71.520	107.608
71.580	109.353
71.640	109.965
71.700	109.595
71.760	109.952
71.820	110.321
71.880	110.003
71.940	108.716
72.000	103.787
72.060	101.176
72.120	98.515
72.180	98.273
72.240	96.973
72.300	98.884
72.360	102.769
72.420	103.647
72.480	105.176
72.540	106.411
72.600	108.525
72.660	108.487
72.720	109.073
72.780	108.080
72.840	108.169
72.900	108.169
72.960	104.233
73.020	101.610
73.080	100.527
73.140	98.158
73.200	98.158
73.260	101.711
73.320	111.990
73.380	114.843
73.440	125.236
73.500	130.763
73.560	137.730
73.620	143.169
73.680	143.245
73.740	142.799
73.800	142.939
73.860	138.367
73.920	137.017
73.980	124.701
74.040	112.130
74.100	105.698
74.160	99.266
74.220	98.999
74.280	111.875
74.340	135.387
74.400	177.735
74.460	188.536
74.520	214.633
74.580	239.889
74.640	244.767
74.700	256.230
74.760	243.137
74.820	249.887
74.880	232.961
74.940	228.834
75.000	171.151
75.060	142.162
75.120	129.388
75.180	98.591
75.240	98.718
75.300	99.814
75.360	116.155
75.420	134.750
75.480	142.010
75.540	150.492
75.600	157.306
75.660	162.426
75.720	165.304
75.780	163.712
75.840	168.399
75.900	164.311
75.960	154.224
76.020	125.032
76.080	118.753
76.140	106.233
76.200	97.585
76.260	98.922
76.320	101.571
76.380	116.129
76.440	127.108
76.500	140.978
76.560	149.881
76.620	162.388
76.680	169.864
76.740	169.113
76.800	169.342
76.860	178.958
76.920	166.591
76.980	164.821
77.040	148.467
77.100	121.860
77.160	110.971
77.220	105.736
77.280	106.539
77.340	156.656
77.400	254.791
77.460	463.032
77.520	642.437
77.580	689.499
77.640	846.386
77.700	903.904
77.760	953.360
77.820	929.530
77.880	915.252
77.940	894.466
78.000	848.322
78.060	599.503
78.120	385.148
78.180	320.575
78.240	142.723
78.300	100.068
78.360	105.762
78.420	138.138
78.480	191.567
78.540	213.537
78.600	247.149
78.660	262.802
78.720	295.853
78.780	310.959
78.840	311.417
78.900	302.158
78.960	282.620
79.020	302.272
79.080	191.593
79.140	174.946
79.200	144.964
79.260	101.890
79.320	102.170
79.380	117.479
79.440	178.729
79.500	212.315
79.560	271.743
79.620	294.669
79.680	339.959
79.740	375.125
79.800	380.296
79.860	370.591
79.920	368.591
79.980	363.242
80.040	283.142
80.100	193.669
80.160	177.162
80.220	127.656
80.280	106.016
80.340	104.195
80.400	130.114
80.460	177.570
80.520	260.586
