Wed, Oct 25, 2017	1:06 PM
 x = amu	 y = amps

75.000	-1.092
75.060	2.501
75.120	2.630
75.180	2.216
75.240	1.938
75.300	2.068
75.360	2.334
75.420	2.682
75.480	2.522
75.540	2.890
75.600	2.920
75.660	3.143
75.720	3.142
75.780	3.247
75.840	3.213
75.900	3.239
75.960	2.959
76.020	2.159
76.080	2.169
76.140	2.033
76.200	1.998
76.260	1.883
76.320	1.976
76.380	2.335
76.440	2.247
76.500	2.611
76.560	2.614
76.620	3.070
76.680	2.880
76.740	2.840
76.800	3.124
76.860	2.636
76.920	3.027
76.980	3.209
77.040	2.488
77.100	2.002
77.160	1.639
77.220	2.196
77.280	1.932
77.340	2.087
77.400	2.459
77.460	2.883
77.520	3.842
77.580	3.660
77.640	4.671
77.700	4.593
77.760	4.262
77.820	4.897
77.880	4.614
77.940	5.023
78.000	4.358
78.060	4.542
78.120	3.117
78.180	2.785
78.240	2.440
78.300	2.361
78.360	2.116
78.420	2.682
78.480	3.733
78.540	5.020
78.600	5.939
78.660	6.067
78.720	7.078
78.780	6.873
78.840	7.908
78.900	7.829
78.960	7.290
79.020	6.911
79.080	5.448
79.140	3.588
79.200	2.948
79.260	2.022
79.320	1.988
79.380	1.858
79.440	2.589
79.500	2.854
79.560	3.114
79.620	2.918
79.680	3.685
79.740	3.977
79.800	3.849
79.860	4.155
79.920	3.799
79.980	4.218
80.040	3.689
80.100	2.886
80.160	2.536
80.220	2.325
80.280	2.199
80.340	1.870
80.400	1.948
80.460	2.040
80.520	2.487
80.580	2.709
80.640	2.594
80.700	2.850
80.760	2.985
80.820	3.109
80.880	2.585
80.940	2.822
81.000	2.680
81.060	2.350
81.120	2.102
81.180	2.040
81.240	2.006
81.300	1.944
81.360	1.953
81.420	2.429
81.480	3.167
81.540	4.198
81.600	4.617
81.660	5.121
81.720	5.401
81.780	5.966
81.840	6.373
81.900	5.724
81.960	5.942
82.020	5.390
82.080	4.626
82.140	3.782
82.200	3.163
82.260	2.739
82.320	1.874
82.380	2.126
82.440	1.965
82.500	3.133
82.560	3.228
82.620	3.526
82.680	3.896
82.740	3.746
82.800	4.165
82.860	3.905
82.920	4.366
0.000	516.699
0.060	1043.981
0.120	1043.981
0.180	1043.981
0.240	1043.981
0.300	1043.981
0.360	1043.981
0.420	1043.981
0.480	1043.981
0.540	1043.981
0.600	1043.981
0.660	1043.981
0.720	1043.981
0.780	1043.981
0.840	1043.981
0.900	1043.981
0.960	1043.981
1.020	1043.981
1.080	1043.981
1.140	1043.981
1.200	1043.981
1.260	670.334
1.320	164.031
1.380	30.640
1.440	35.968
1.500	49.364
1.560	75.828
1.620	120.128
1.680	318.033
1.740	1043.981
1.800	1043.981
1.860	1043.981
1.920	1043.981
1.980	1043.981
2.040	1043.981
2.100	1043.981
2.160	1043.981
2.220	1043.981
2.280	691.724
2.340	9.683
2.400	5.186
2.460	3.216
2.520	2.994
2.580	2.462
2.640	4.478
2.700	4.488
2.760	5.597
2.820	5.305
2.880	5.998
2.940	5.562
3.000	5.857
3.060	5.542
3.120	4.825
3.180	4.466
3.240	4.659
3.300	8.561
3.360	11.728
3.420	32.154
3.480	106.329
3.540	224.753
3.600	849.844
3.660	897.070
3.720	965.155
3.780	958.168
3.840	1004.274
3.900	978.218
3.960	823.392
4.020	839.448
4.080	653.714
4.140	68.016
4.200	8.730
4.260	2.105
4.320	1.701
4.380	1.400
4.440	1.363
4.500	1.264
4.560	1.398
4.620	1.351
4.680	1.556
4.740	1.434
4.800	1.723
4.860	1.268
4.920	1.534
4.980	1.381
5.040	1.673
5.100	1.523
5.160	1.430
5.220	1.196
5.280	1.497
5.340	1.457
5.400	2.061
5.460	4.550
5.520	5.289
5.580	7.306
5.640	7.328
5.700	7.779
5.760	6.899
5.820	6.464
5.880	5.651
5.940	6.905
6.000	4.942
6.060	5.218
6.120	3.734
6.180	1.585
6.240	1.763
6.300	1.635
6.360	1.663
6.420	2.762
6.480	5.536
6.540	7.173
6.600	5.696
6.660	6.541
6.720	5.881
6.780	5.595
6.840	6.119
6.900	5.359
6.960	5.592
7.020	4.824
7.080	3.446
7.140	1.374
7.200	1.363
7.260	1.377
7.320	1.685
7.380	4.676
7.440	6.434
7.500	6.932
7.560	6.941
7.620	7.723
7.680	6.884
7.740	7.527
7.800	8.445
7.860	6.585
7.920	9.434
7.980	11.137
8.040	11.060
8.100	9.670
8.160	7.352
8.220	6.712
8.280	6.813
8.340	6.995
8.400	6.223
8.460	7.020
8.520	4.537
8.580	3.439
8.640	1.582
8.700	1.597
8.760	1.785
8.820	1.692
8.880	1.423
8.940	1.213
9.000	1.344
9.060	1.479
9.120	1.639
9.180	1.349
9.240	1.581
9.300	1.486
9.360	1.359
9.420	1.697
9.480	1.257
9.540	1.681
9.600	1.428
9.660	1.260
9.720	1.548
9.780	1.431
9.840	1.397
9.900	1.333
9.960	1.297
10.020	1.254
10.080	1.189
10.140	1.285
10.200	1.492
10.260	1.374
10.320	1.604
10.380	1.583
10.440	1.414
10.500	1.473
10.560	1.439
10.620	1.865
10.680	1.848
10.740	1.748
10.800	1.896
10.860	2.082
10.920	2.249
10.980	2.242
11.040	3.585
11.100	4.374
11.160	7.100
11.220	13.094
11.280	24.028
11.340	94.968
11.400	331.420
11.460	396.501
11.520	467.007
11.580	484.981
11.640	501.112
11.700	490.771
11.760	487.894
11.820	444.884
11.880	410.604
11.940	408.810
12.000	327.508
12.060	216.325
12.120	76.920
12.180	4.247
12.240	4.722
12.300	10.772
12.360	54.870
12.420	87.497
12.480	112.063
12.540	128.114
12.600	123.538
12.660	137.990
12.720	128.511
12.780	129.027
12.840	118.677
12.900	108.252
12.960	109.474
13.020	95.214
13.080	67.974
13.140	13.012
13.200	14.495
13.260	23.744
13.320	66.755
13.380	167.432
13.440	454.264
13.500	578.459
13.560	586.312
13.620	632.021
13.680	644.288
13.740	623.067
13.800	599.305
13.860	585.693
13.920	502.894
13.980	481.163
14.040	405.895
14.100	289.006
14.160	114.067
14.220	12.161
14.280	24.411
14.340	42.311
14.400	227.624
14.460	616.353
14.520	693.242
14.580	798.656
14.640	839.492
14.700	847.138
14.760	811.783
14.820	777.088
14.880	724.746
14.940	695.449
15.000	705.150
15.060	556.740
15.120	391.263
15.180	152.327
15.240	69.777
15.300	111.783
15.360	539.219
15.420	1043.981
15.480	1043.981
15.540	1043.981
15.600	1043.981
15.660	1043.981
15.720	1043.981
15.780	1043.981
15.840	1043.981
15.900	1043.981
15.960	1043.981
16.020	1043.981
16.080	1043.981
16.140	1043.981
16.200	1043.981
16.260	110.070
16.320	312.568
16.380	1043.981
16.440	1043.981
16.500	1043.981
16.560	1043.981
16.620	1043.981
16.680	1043.981
16.740	1043.981
16.800	1043.981
16.860	1043.981
16.920	1043.981
16.980	1043.981
17.040	1043.981
17.100	1043.981
17.160	1043.981
17.220	1025.084
17.280	225.429
17.340	843.704
17.400	1043.981
17.460	1043.981
17.520	1043.981
17.580	1043.981
17.640	1043.981
17.700	1043.981
17.760	1043.981
17.820	1043.981
17.880	1043.981
17.940	1043.981
18.000	1043.981
18.060	1043.981
18.120	1043.981
18.180	1043.981
18.240	332.085
18.300	13.790
18.360	14.651
18.420	50.398
18.480	73.025
18.540	76.824
18.600	78.829
18.660	83.135
18.720	86.706
18.780	78.519
18.840	78.532
18.900	73.511
18.960	70.133
19.020	70.618
19.080	55.089
19.140	39.474
19.200	19.315
19.260	5.365
19.320	7.277
19.380	38.954
19.440	92.902
19.500	112.737
19.560	113.827
19.620	117.417
19.680	133.597
19.740	120.349
19.800	118.087
19.860	113.218
19.920	101.568
19.980	107.173
20.040	96.407
20.100	77.050
20.160	61.929
20.220	9.653
20.280	2.211
20.340	2.031
20.400	2.023
20.460	1.993
20.520	2.804
20.580	3.206
20.640	3.062
20.700	2.382
20.760	3.310
20.820	2.553
20.880	2.356
20.940	2.790
21.000	2.541
21.060	2.338
21.120	2.443
21.180	2.711
21.240	2.011
21.300	1.576
21.360	2.022
21.420	2.520
21.480	5.805
21.540	6.718
21.600	7.332
21.660	7.416
21.720	7.856
21.780	7.086
21.840	6.930
21.900	7.535
21.960	7.355
22.020	6.705
22.080	5.993
22.140	5.417
22.200	3.852
22.260	2.042
22.320	1.656
22.380	1.712
22.440	1.582
22.500	1.687
22.560	1.691
22.620	1.712
22.680	1.660
22.740	1.551
22.800	1.459
22.860	1.354
22.920	1.410
22.980	1.498
23.040	1.473
23.100	1.388
23.160	1.612
23.220	1.945
23.280	1.926
23.340	2.586
23.400	3.036
23.460	11.249
23.520	21.531
23.580	31.335
23.640	36.416
23.700	35.538
23.760	40.341
23.820	37.073
23.880	34.036
23.940	32.045
24.000	36.290
24.060	27.417
24.120	28.568
24.180	24.625
24.240	19.792
24.300	5.927
24.360	2.356
24.420	4.511
24.480	7.892
24.540	40.354
24.600	61.640
24.660	69.275
24.720	67.013
24.780	74.093
24.840	75.395
24.900	67.400
24.960	66.196
25.020	68.122
25.080	62.213
25.140	65.136
25.200	52.986
25.260	41.417
25.320	26.454
25.380	9.787
25.440	28.971
25.500	64.986
25.560	262.187
25.620	331.340
25.680	398.748
25.740	423.882
25.800	445.580
25.860	445.191
25.920	414.689
25.980	394.303
26.040	400.968
26.100	370.777
26.160	375.568
26.220	307.081
26.280	292.957
26.340	138.888
26.400	23.427
26.460	39.012
26.520	189.805
26.580	539.642
26.640	956.699
26.700	1031.646
26.760	1043.010
26.820	1043.945
26.880	1042.887
26.940	1034.826
27.000	1031.287
27.060	1040.078
27.120	993.879
27.180	1016.987
27.240	910.615
27.300	854.290
27.360	480.716
27.420	263.465
27.480	344.967
27.540	1043.981
27.600	1043.981
27.660	1043.981
27.720	1043.981
27.780	1043.981
27.840	1043.981
27.900	1043.981
27.960	1043.981
28.020	1043.981
28.080	1043.981
28.140	1043.981
28.200	1043.981
28.260	1043.981
28.320	1043.981
28.380	1043.981
28.440	1043.981
28.500	54.072
28.560	107.309
28.620	542.912
28.680	694.445
28.740	884.765
28.800	959.256
28.860	956.516
28.920	1010.975
28.980	913.478
29.040	878.853
29.100	932.532
29.160	843.353
29.220	878.883
29.280	729.499
29.340	636.951
29.400	294.469
29.460	34.408
29.520	51.967
29.580	374.896
29.640	661.098
29.700	985.131
29.760	1031.649
29.820	1035.470
29.880	1041.819
29.940	1034.492
30.000	1029.428
30.060	1030.989
30.120	960.877
30.180	1019.776
30.240	856.827
30.300	871.285
30.360	513.418
30.420	42.513
30.480	9.783
30.540	29.998
30.600	154.815
30.660	222.107
30.720	270.439
30.780	288.314
30.840	297.398
30.900	306.706
30.960	293.632
31.020	273.844
31.080	279.627
31.140	262.853
31.200	274.194
31.260	231.463
31.320	203.469
31.380	90.052
31.440	20.807
31.500	27.213
31.560	130.902
31.620	189.481
31.680	264.214
31.740	266.948
31.800	278.365
31.860	295.953
31.920	287.718
31.980	272.662
32.040	271.265
32.100	256.539
32.160	254.590
32.220	240.208
32.280	204.208
32.340	120.355
32.400	56.389
32.460	2.190
32.520	3.909
32.580	4.820
32.640	7.874
32.700	8.793
32.760	8.877
32.820	10.837
32.880	11.110
32.940	9.631
33.000	9.908
33.060	9.226
33.120	10.089
33.180	8.856
33.240	8.860
33.300	7.504
33.360	6.276
33.420	2.849
33.480	2.028
33.540	2.706
33.600	6.857
33.660	9.638
33.720	9.576
33.780	10.745
33.840	9.520
33.900	9.778
33.960	8.868
34.020	9.151
34.080	9.176
34.140	8.320
34.200	8.656
34.260	8.071
34.320	6.406
34.380	3.873
34.440	1.494
34.500	1.509
34.560	1.941
34.620	2.606
34.680	2.435
34.740	2.679
34.800	3.571
34.860	2.937
34.920	3.012
34.980	2.347
35.040	2.739
35.100	3.170
35.160	2.953
35.220	2.444
35.280	2.803
35.340	2.794
35.400	1.855
35.460	1.941
35.520	3.327
35.580	10.268
35.640	15.690
35.700	19.502
35.760	22.046
35.820	22.602
35.880	21.015
35.940	21.453
36.000	19.834
36.060	20.843
36.120	18.574
36.180	20.651
36.240	16.709
36.300	17.342
36.360	11.365
36.420	6.553
36.480	2.200
36.540	6.329
36.600	13.733
36.660	31.193
36.720	38.300
36.780	37.427
36.840	41.188
36.900	41.236
36.960	37.491
37.020	36.649
37.080	39.007
37.140	36.284
37.200	37.793
37.260	30.034
37.320	28.464
37.380	27.189
37.440	9.036
37.500	3.615
37.560	7.494
37.620	32.226
37.680	49.321
37.740	53.455
37.800	62.894
37.860	62.693
37.920	66.462
37.980	59.111
38.040	57.810
38.100	59.316
38.160	55.694
38.220	60.070
38.280	47.506
38.340	33.583
38.400	22.918
38.460	4.347
38.520	5.930
38.580	21.225
38.640	77.476
38.700	97.614
38.760	128.672
38.820	141.073
38.880	140.531
38.940	148.495
39.000	140.785
39.060	134.019
39.120	139.075
39.180	124.569
39.240	130.641
39.300	113.293
39.360	105.116
39.420	55.721
39.480	33.436
39.540	88.930
39.600	354.131
39.660	451.349
39.720	553.161
39.780	624.629
39.840	620.565
39.900	638.961
39.960	625.269
40.020	570.348
40.080	588.105
40.140	560.304
40.200	584.222
40.260	505.537
40.320	440.760
40.380	243.884
40.440	122.639
40.500	10.520
40.560	12.927
40.620	34.820
40.680	125.245
40.740	178.042
40.800	193.111
40.860	216.227
40.920	225.002
40.980	228.361
41.040	213.419
41.100	206.664
41.160	209.713
41.220	200.043
41.280	197.192
41.340	177.988
41.400	99.358
41.460	63.747
41.520	9.292
41.580	10.858
41.640	60.530
41.700	124.371
41.760	150.161
41.820	176.266
41.880	187.346
41.940	192.717
42.000	181.451
42.060	173.278
42.120	182.519
42.180	164.333
42.240	174.729
42.300	140.595
42.360	127.204
42.420	88.910
42.480	27.915
42.540	10.043
42.600	23.413
42.660	108.083
42.720	161.642
42.780	233.227
42.840	259.297
42.900	274.320
42.960	301.841
43.020	294.009
43.080	275.998
43.140	284.061
43.200	269.380
43.260	269.879
43.320	235.563
43.380	237.779
43.440	154.304
43.500	60.523
43.560	60.795
43.620	474.444
43.680	913.905
43.740	1043.981
43.800	1043.981
43.860	1043.981
43.920	1043.981
43.980	1043.981
44.040	1043.981
44.100	1043.981
44.160	1043.981
44.220	1043.981
44.280	1043.981
44.340	1043.981
44.400	1043.981
44.460	479.609
44.520	173.809
44.580	5.069
44.640	9.029
44.700	35.965
44.760	59.136
44.820	68.897
44.880	77.563
44.940	87.674
45.000	89.202
45.060	87.912
45.120	83.560
45.180	82.031
45.240	77.470
45.300	78.444
45.360	72.781
45.420	56.770
45.480	45.193
45.540	15.702
45.600	6.106
45.660	3.713
45.720	10.284
45.780	15.268
45.840	21.760
45.900	25.667
45.960	27.472
46.020	26.774
46.080	28.151
46.140	26.290
46.200	27.354
46.260	26.206
46.320	26.520
46.380	23.533
46.440	22.117
46.500	13.464
46.560	5.816
46.620	2.930
46.680	5.467
46.740	7.732
46.800	12.818
46.860	17.037
46.920	17.508
46.980	19.591
47.040	20.220
47.100	18.069
47.160	18.250
47.220	17.503
47.280	18.814
47.340	17.223
47.400	15.691
47.460	11.690
47.520	6.869
47.580	5.069
47.640	7.034
47.700	17.036
47.760	43.592
47.820	62.407
47.880	72.860
47.940	81.605
48.000	87.530
48.060	92.361
48.120	77.358
48.180	81.491
48.240	84.688
48.300	80.381
48.360	77.980
48.420	72.563
48.480	37.278
48.540	25.515
48.600	7.297
48.660	1.893
48.720	2.409
48.780	5.582
48.840	7.844
48.900	9.710
48.960	10.898
49.020	11.479
49.080	12.653
49.140	12.974
49.200	11.741
49.260	14.830
49.320	11.585
49.380	10.970
49.440	10.409
49.500	10.598
49.560	6.572
49.620	3.878
49.680	2.648
49.740	5.677
49.800	9.322
49.860	24.962
49.920	35.468
0.000	1043.981
0.060	1043.981
0.120	1043.981
0.180	1043.981
0.240	1043.981
0.300	1043.981
0.360	1043.981
0.420	1043.981
0.480	1043.981
0.540	1043.981
0.600	1043.981
0.660	1043.981
0.720	1043.981
0.780	1043.981
0.840	1043.981
0.900	1043.981
0.960	1043.981
1.020	1043.981
1.080	1043.981
1.140	1043.981
1.200	1043.981
1.260	905.366
1.320	133.476
1.380	34.596
1.440	38.119
1.500	54.395
1.560	75.739
1.620	107.098
1.680	296.472
1.740	1043.981
1.800	1043.981
1.860	1043.981
1.920	1043.981
1.980	1043.981
2.040	1043.981
2.100	1043.981
2.160	1043.981
2.220	1043.981
2.280	432.805
2.340	9.303
2.400	4.753
2.460	3.732
2.520	2.833
2.580	2.981
2.640	3.921
2.700	5.591
2.760	4.787
2.820	5.857
2.880	5.466
2.940	4.862
3.000	5.652
3.060	6.218
3.120	5.088
3.180	4.853
3.240	4.521
3.300	8.268
3.360	11.750
3.420	25.391
3.480	111.341
3.540	309.669
3.600	827.184
3.660	902.649
3.720	942.097
3.780	965.283
3.840	976.906
3.900	987.356
3.960	816.865
4.020	805.742
4.080	731.935
4.140	89.251
4.200	12.783
4.260	2.338
4.320	1.229
4.380	1.407
4.440	1.299
4.500	1.168
4.560	1.228
4.620	1.635
4.680	1.499
4.740	1.299
4.800	1.359
4.860	1.317
4.920	1.338
4.980	1.438
5.040	1.238
5.100	1.495
5.160	1.194
5.220	1.203
5.280	1.464
5.340	1.397
5.400	1.863
5.460	3.439
5.520	6.426
5.580	6.871
5.640	7.531
5.700	7.245
5.760	6.843
5.820	7.152
5.880	5.844
5.940	7.333
6.000	5.153
6.060	4.654
6.120	3.086
6.180	1.528
6.240	1.530
6.300	1.653
6.360	1.516
6.420	2.519
6.480	7.176
6.540	5.610
6.600	6.457
6.660	7.171
6.720	7.378
6.780	6.911
6.840	6.208
6.900	6.242
6.960	6.080
7.020	5.351
7.080	4.137
7.140	1.481
7.200	1.408
7.260	1.243
7.320	1.564
7.380	4.376
7.440	7.132
7.500	7.761
7.560	6.677
7.620	8.237
7.680	7.519
7.740	6.998
7.800	7.950
7.860	7.500
7.920	9.770
7.980	12.159
8.040	11.739
8.100	11.800
8.160	9.277
8.220	8.568
8.280	8.327
8.340	7.695
8.400	6.642
8.460	8.179
8.520	5.490
8.580	4.239
8.640	1.497
8.700	1.437
8.760	1.497
8.820	1.449
8.880	1.324
8.940	1.609
9.000	1.278
9.060	1.423
9.120	1.394
9.180	1.312
9.240	1.555
9.300	1.444
9.360	1.525
9.420	1.512
9.480	1.531
9.540	1.307
9.600	1.495
9.660	1.453
9.720	1.340
9.780	1.352
9.840	1.147
9.900	1.287
9.960	1.378
10.020	1.352
10.080	1.302
10.140	1.685
10.200	1.685
10.260	1.533
10.320	1.460
10.380	1.867
10.440	1.676
0.000	93.828
0.060	3551.277
0.120	2179.880
0.180	3160.293
0.240	3432.713
0.300	3333.878
0.360	3315.156
0.420	3168.355
0.480	3175.118
0.540	3244.749
0.600	3156.319
0.660	3190.886
0.720	3316.748
0.780	3224.510
0.840	3306.342
0.900	3527.702
0.960	3412.399
1.020	2262.870
1.080	3347.392
1.140	1432.709
1.200	1267.988
1.260	948.596
1.320	317.747
1.380	126.382
1.440	130.139
1.500	145.487
1.560	184.053
1.620	223.599
1.680	469.718
1.740	2629.081
1.800	3955.837
1.860	3887.328
1.920	3982.202
1.980	4258.876
2.040	3995.690
2.100	4266.084
2.160	3542.361
2.220	1043.661
2.280	159.000
2.340	99.597
2.400	96.693
2.460	96.005
2.520	96.171
2.580	96.477
2.640	98.196
2.700	98.540
2.760	98.298
2.820	99.075
2.880	99.164
2.940	98.833
3.000	98.960
3.060	99.750
3.120	100.209
3.180	97.738
3.240	98.540
3.300	101.075
3.360	105.418
3.420	123.147
3.480	186.116
3.540	364.910
3.600	977.877
3.660	1044.451
3.720	1101.179
3.780	1118.742
3.840	1174.706
3.900	1136.446
3.960	955.436
4.020	939.999
4.080	811.972
4.140	159.013
4.200	108.615
4.260	96.375
4.320	95.955
4.380	95.674
4.440	96.247
4.500	94.846
4.560	94.999
4.620	95.305
4.680	94.974
4.740	95.662
4.800	96.018
4.860	96.286
4.920	96.286
4.980	95.611
5.040	95.840
5.100	96.426
5.160	96.515
5.220	95.674
5.280	96.337
5.340	96.197
5.400	97.063
5.460	99.597
5.520	101.278
5.580	102.437
5.640	100.400
5.700	101.877
5.760	102.323
5.820	101.737
5.880	100.438
5.940	102.272
6.000	99.432
6.060	99.916
6.120	96.731
6.180	95.802
6.240	96.451
6.300	96.515
6.360	96.133
6.420	97.037
6.480	99.623
6.540	100.960
6.600	101.571
6.660	102.565
6.720	102.246
6.780	101.953
6.840	101.457
6.900	100.845
6.960	101.049
7.020	99.126
7.080	97.534
7.140	96.247
7.200	96.235
7.260	96.349
7.320	97.279
7.380	98.234
7.440	100.820
7.500	102.488
7.560	102.374
7.620	101.673
7.680	104.233
7.740	103.456
7.800	102.425
7.860	101.176
7.920	105.418
7.980	107.379
8.040	107.557
8.100	106.055
8.160	103.851
8.220	104.997
8.280	102.794
8.340	102.616
8.400	101.368
8.460	100.985
8.520	100.820
8.580	100.476
8.640	96.286
8.700	96.681
8.760	95.776
8.820	95.674
8.880	95.127
8.940	97.126
9.000	96.018
9.060	96.782
9.120	95.674
9.180	95.687
9.240	96.922
9.300	96.069
9.360	95.763
9.420	95.700
9.480	95.636
9.540	97.050
9.600	95.598
9.660	96.286
9.720	97.254
9.780	96.515
9.840	95.916
9.900	97.088
9.960	96.286
10.020	96.668
10.080	96.107
10.140	96.260
10.200	96.604
10.260	97.215
10.320	96.375
10.380	96.731
10.440	97.559
10.500	96.540
10.560	97.789
10.620	96.184
10.680	96.770
10.740	97.215
10.800	97.483
10.860	97.687
10.920	96.948
10.980	96.973
11.040	97.929
11.100	98.807
11.160	101.444
11.220	109.341
11.280	121.911
11.340	208.379
11.400	488.645
11.460	556.747
11.520	638.273
11.580	661.517
11.640	680.456
11.700	674.648
11.760	652.448
11.820	607.081
11.880	571.024
11.940	574.667
12.000	459.185
12.060	351.970
12.120	181.493
12.180	101.635
12.240	101.648
12.300	108.003
12.360	161.840
12.420	208.838
12.480	241.965
12.540	258.930
12.600	257.427
12.660	270.049
12.720	271.195
12.780	262.458
12.840	250.371
12.900	241.316
12.960	233.674
13.020	217.384
13.080	184.091
13.140	112.194
13.200	110.321
13.260	124.357
13.320	176.398
13.380	258.739
13.440	649.022
13.500	757.791
13.560	815.780
13.620	834.286
13.680	835.395
13.740	828.555
13.800	794.294
13.860	766.083
13.920	696.249
13.980	652.461
14.040	571.826
14.100	439.380
14.160	285.651
14.220	108.793
14.280	122.166
14.340	142.774
14.400	357.689
14.460	834.821
14.520	936.560
14.580	1043.737
14.640	1076.788
14.700	1093.715
14.760	1034.516
14.820	1009.922
14.880	961.753
14.940	885.245
15.000	907.559
15.060	737.247
15.120	539.833
15.180	282.569
15.240	178.474
15.300	240.424
15.360	824.683
15.420	3664.911
15.480	4263.002
15.540	5123.107
15.600	5377.403
15.660	5461.973
15.720	5611.779
15.780	5221.293
15.840	5030.654
15.900	4740.555
15.960	4412.694
16.020	4031.810
16.080	3552.958
16.140	2613.900
16.200	223.090
16.260	217.040
16.320	441.902
16.380	2344.740
16.440	4631.098
16.500	7150.317
16.560	7972.557
16.620	8399.190
16.680	8613.315
16.740	8479.646
16.800	7868.283
16.860	7486.674
16.920	7085.412
16.980	7137.593
17.040	5625.407
17.100	5504.258
17.160	1870.180
17.220	271.093
17.280	367.878
17.340	1286.813
17.400	3091.657
17.460	8989.842
17.520	10516.344
17.580	10730.864
17.640	11690.492
17.700	11158.414
17.760	10473.499
17.820	10413.395
17.880	10059.475
17.940	9176.266
18.000	9181.742
18.060	7485.961
18.120	5931.872
18.180	564.821
18.240	139.004
18.300	107.366
18.360	114.524
18.420	153.128
18.480	187.402
18.540	191.249
18.600	197.731
18.660	205.947
18.720	201.642
18.780	193.121
18.840	194.789
18.900	189.988
18.960	176.449
19.020	184.575
19.080	165.139
19.140	144.812
19.200	119.644
19.260	102.310
19.320	107.073
19.380	152.530
19.440	245.901
19.500	273.004
19.560	282.684
19.620	294.274
19.680	311.353
19.740	297.254
19.800	284.097
19.860	281.894
19.920	266.419
19.980	259.465
20.040	253.861
20.100	224.962
20.160	199.056
20.220	116.078
20.280	97.776
20.340	98.464
20.400	98.922
20.460	99.011
20.520	100.743
20.580	100.463
20.640	99.330
20.700	99.126
20.760	98.884
20.820	98.922
20.880	98.082
20.940	99.775
21.000	99.610
21.060	100.132
21.120	99.788
21.180	99.686
21.240	98.795
21.300	98.489
21.360	98.413
21.420	99.164
21.480	102.386
21.540	102.374
21.600	102.756
21.660	104.539
21.720	103.826
21.780	103.762
21.840	103.100
21.900	102.858
21.960	104.017
22.020	103.291
22.080	103.342
22.140	102.654
22.200	100.081
22.260	99.113
22.320	98.591
22.380	97.878
22.440	97.559
22.500	98.120
22.560	98.693
22.620	98.285
22.680	98.273
22.740	97.801
22.800	97.801
22.860	98.260
22.920	97.776
22.980	98.769
23.040	98.387
23.100	97.801
23.160	98.043
23.220	98.948
23.280	98.056
23.340	98.693
23.400	99.419
23.460	108.245
23.520	123.987
23.580	137.717
23.640	140.991
23.700	140.010
23.760	144.659
23.820	141.449
23.880	139.946
23.940	136.839
24.000	136.966
24.060	135.208
24.120	133.947
24.180	129.617
24.240	120.918
24.300	104.526
24.360	98.999
24.420	102.374
24.480	106.080
24.540	142.570
24.600	171.418
24.660	172.564
24.720	179.276
24.780	185.479
24.840	181.582
24.900	173.711
24.960	177.531
25.020	174.487
25.080	169.979
25.140	168.068
25.200	156.083
25.260	146.913
25.320	127.694
25.380	108.220
25.440	130.852
25.500	186.039
25.560	425.268
25.620	508.514
25.680	615.576
25.740	639.215
25.800	644.692
25.860	682.965
25.920	614.990
25.980	600.942
26.040	605.973
26.100	553.486
26.160	590.320
26.220	500.477
26.280	461.478
26.340	284.530
26.400	128.394
26.460	143.996
26.520	368.731
26.580	783.595
26.640	1364.849
26.700	1650.247
26.760	1622.787
26.820	1708.949
26.880	1730.627
26.940	1627.589
27.000	1599.620
27.060	1653.915
27.120	1458.895
27.180	1511.853
27.240	1346.432
27.300	1225.741
27.360	700.197
27.420	425.497
27.480	536.419
27.540	3195.331
27.600	6143.666
27.660	8882.933
27.720	9219.060
27.780	9979.210
27.840	10405.499
27.900	10248.089
27.960	9609.649
28.020	9224.002
28.080	9372.242
28.140	8473.672
28.200	8723.358
28.260	7157.157
28.320	5910.551
28.380	3619.047
28.440	174.666
28.500	155.930
28.560	233.139
28.620	706.705
28.680	886.035
28.740	1138.586
28.800	1253.558
28.860	1247.737
28.920	1281.692
28.980	1184.411
29.040	1143.680
29.100	1183.660
29.160	1105.203
29.220	1115.686
29.280	955.104
29.340	838.923
29.400	479.857
29.460	132.126
29.520	155.141
29.580	478.507
29.640	860.829
29.700	1180.680
29.760	1340.891
29.820	1370.911
29.880	1411.018
29.940	1349.667
30.000	1255.455
30.060	1301.090
30.120	1196.193
30.180	1180.399
30.240	1042.629
30.300	1062.906
30.360	636.069
30.420	145.983
30.480	107.506
30.540	139.195
30.600	306.335
30.660	381.034
30.720	452.435
30.780	454.498
30.840	479.716
30.900	485.664
30.960	470.686
31.020	445.354
31.080	464.929
31.140	426.605
31.200	445.481
31.260	392.204
31.320	336.355
31.380	205.526
31.440	123.911
31.500	123.656
31.560	243.061
31.620	299.585
31.680	381.582
31.740	392.115
31.800	412.595
31.860	435.483
31.920	419.499
31.980	395.923
32.040	406.584
32.100	386.957
32.160	378.462
32.220	366.999
32.280	326.179
32.340	228.312
32.400	158.401
32.460	99.190
32.520	100.743
32.580	103.762
32.640	107.086
32.700	107.188
32.760	110.296
32.820	110.614
32.880	108.971
32.940	111.022
33.000	108.207
33.060	110.589
33.120	108.436
33.180	108.041
33.240	107.150
33.300	107.048
33.360	105.405
33.420	100.170
33.480	98.922
33.540	101.304
33.600	105.520
33.660	107.188
33.720	108.169
33.780	109.532
33.840	108.818
33.900	110.410
33.960	109.290
34.020	108.411
34.080	109.608
34.140	106.093
34.200	107.889
34.260	107.124
34.320	105.074
34.380	103.100
34.440	99.113
34.500	97.814
34.560	99.712
34.620	100.030
34.680	100.591
34.740	100.552
34.800	100.387
34.860	100.527
34.920	101.648
34.980	99.979
35.040	100.756
35.100	99.686
35.160	100.769
35.220	100.463
35.280	99.967
35.340	99.635
35.400	99.597
35.460	98.935
35.520	100.552
35.580	109.646
35.640	116.498
35.700	122.332
35.760	124.828
35.820	123.962
35.880	123.007
35.940	123.873
36.000	122.561
36.060	124.140
36.120	121.975
36.180	123.096
36.240	117.708
36.300	120.294
36.360	111.124
36.420	105.367
36.480	99.279
36.540	104.654
36.600	116.027
36.660	131.655
36.720	143.156
36.780	145.155
36.840	143.245
36.900	145.079
36.960	145.996
37.020	145.245
37.080	142.519
37.140	144.964
37.200	143.742
37.260	138.341
37.320	132.470
37.380	128.331
37.440	105.087
37.500	100.310
37.560	106.628
37.620	132.355
37.680	154.402
37.740	158.185
37.800	162.655
37.860	165.292
37.920	169.877
37.980	165.992
38.040	162.974
38.100	165.890
38.160	156.746
38.220	160.299
38.280	152.543
38.340	137.743
38.400	122.612
38.460	102.234
38.520	103.609
38.580	122.548
38.640	185.237
38.700	205.743
38.760	240.959
38.820	257.007
38.880	261.770
38.940	270.444
39.000	260.713
39.060	252.842
39.120	256.752
39.180	246.015
39.240	256.841
39.300	222.109
39.360	219.982
39.420	161.331
39.480	137.373
39.540	181.747
39.600	424.415
39.660	507.456
39.720	644.552
39.780	674.928
39.840	672.495
39.900	703.853
39.960	667.566
40.020	631.293
40.080	664.204
40.140	610.685
40.200	635.127
40.260	572.514
40.320	502.846
40.380	343.920
40.440	228.223
40.500	108.487
40.560	113.149
40.620	133.973
40.680	226.045
40.740	291.115
40.800	299.203
40.860	317.365
40.920	329.885
40.980	329.363
41.040	316.715
41.100	310.615
41.160	318.982
41.220	298.146
41.280	305.342
41.340	274.494
41.400	203.616
41.460	159.395
41.520	106.093
41.580	111.722
41.640	171.838
41.700	244.640
41.760	275.335
41.820	298.388
41.880	314.805
41.940	323.695
42.000	310.564
42.060	306.794
42.120	318.409
42.180	291.446
42.240	300.476
42.300	268.954
42.360	252.409
42.420	212.964
42.480	132.202
42.540	111.417
42.600	124.650
42.660	238.259
42.720	297.407
42.780	386.486
42.840	421.817
42.900	429.280
42.960	465.375
43.020	455.645
43.080	424.542
43.140	452.817
43.200	435.661
43.260	415.856
43.320	382.423
43.380	381.111
43.440	277.716
43.500	170.425
43.560	166.756
43.620	626.491
43.680	1072.127
43.740	1659.277
43.800	2013.885
43.860	2027.845
43.920	2175.702
43.980	2232.328
44.040	2090.126
44.100	2056.884
44.160	2145.402
44.220	1905.613
44.280	1927.278
44.340	1693.844
44.400	1439.790
44.460	566.184
44.520	315.875
44.580	103.354
44.640	108.615
44.700	138.201
44.760	172.653
44.820	184.982
44.880	200.100
44.940	212.493
45.000	209.933
45.060	205.119
45.120	209.271
45.180	207.373
45.240	202.317
45.300	203.998
45.360	190.484
45.420	170.195
45.480	155.396
45.540	117.466
45.600	105.749
45.660	101.673
45.720	110.245
45.780	114.512
45.840	122.090
45.900	126.675
45.960	126.688
46.020	129.082
46.080	128.432
46.140	129.388
46.200	128.076
46.260	127.401
46.320	127.324
46.380	125.325
46.440	123.618
46.500	115.543
46.560	103.545
46.620	101.648
46.680	103.074
46.740	108.334
46.800	113.327
46.860	116.091
46.920	119.657
46.980	121.045
47.040	119.810
47.100	120.026
47.160	120.918
47.220	120.383
47.280	117.657
47.340	119.542
47.400	115.480
47.460	112.092
47.520	104.896
47.580	103.112
47.640	107.519
47.700	124.319
47.760	167.623
47.820	199.858
47.880	210.009
47.940	225.179
48.000	225.854
48.060	237.355
48.120	228.834
48.180	222.886
48.240	230.693
48.300	227.942
48.360	219.231
48.420	209.449
48.480	159.726
48.540	139.908
48.600	110.207
48.660	99.126
48.720	100.782
48.780	104.641
48.840	106.360
48.900	111.034
48.960	112.525
49.020	113.047
49.080	114.219
49.140	114.015
49.200	112.372
49.260	112.601
49.320	111.366
49.380	111.429
49.440	111.047
49.500	110.436
49.560	106.004
49.620	102.081
49.680	99.865
49.740	102.577
49.800	111.646
49.860	125.338
49.920	138.609
0.000	3247.895
0.060	2071.467
0.120	2965.604
0.180	3355.734
0.240	3219.416
0.300	3114.073
0.360	3187.129
0.420	3204.578
0.480	3148.079
0.540	3103.272
0.600	3171.336
0.660	3179.296
0.720	3114.251
0.780	3213.748
0.840	3226.090
0.900	3216.843
0.960	3449.092
1.020	3151.607
1.080	2170.964
1.140	1425.691
1.200	1210.954
1.260	874.928
1.320	243.723
1.380	129.935
1.440	133.030
1.500	149.664
1.560	176.360
1.620	209.742
1.680	431.573
1.740	2238.365
1.800	3719.704
1.860	3886.793
1.920	3791.626
1.980	4145.878
2.040	3987.067
2.100	4083.749
2.160	3527.549
2.220	596.701
2.280	159.064
2.340	103.074
2.400	100.896
2.460	100.476
2.520	99.546
2.580	100.552
2.640	101.240
2.700	102.463
2.760	102.960
2.820	102.463
2.880	102.769
2.940	104.577
3.000	103.724
3.060	101.902
3.120	101.877
3.180	102.221
3.240	101.304
3.300	105.125
3.360	109.391
3.420	122.969
3.480	199.833
3.540	441.584
3.600	957.652
3.660	1067.924
3.720	1096.161
3.780	1090.671
3.840	1185.188
3.900	1151.513
3.960	933.096
4.020	974.094
4.080	879.819
4.140	253.734
4.200	113.938
4.260	100.170
4.320	99.202
4.380	98.680
4.440	98.986
4.500	99.381
4.560	99.355
4.620	98.897
4.680	98.858
4.740	99.024
4.800	99.737
4.860	98.629
4.920	99.432
4.980	98.591
5.040	99.279
5.100	97.903
5.160	99.419
5.220	99.241
5.280	100.017
5.340	99.814
5.400	100.616
5.460	103.647
5.520	103.253
5.580	106.182
5.640	106.335
5.700	106.526
5.760	105.698
5.820	106.831
5.880	103.991
5.940	106.895
6.000	103.100
6.060	103.622
6.120	101.176
6.180	99.979
6.240	100.425
6.300	99.941
6.360	100.298
6.420	100.718
6.480	103.787
6.540	105.953
6.600	105.239
6.660	104.934
6.720	105.074
6.780	103.520
6.840	105.290
6.900	104.692
6.960	105.252
7.020	103.393
7.080	102.998
7.140	98.948
7.200	99.011
7.260	99.546
7.320	99.483
7.380	101.648
7.440	105.711
7.500	105.571
7.560	104.870
7.620	105.914
7.680	106.831
7.740	106.004
7.800	106.462
7.860	106.347
7.920	106.755
7.980	111.315
8.040	109.099
8.100	106.933
8.160	103.189
8.220	106.042
8.280	103.762
8.340	104.564
8.400	105.112
8.460	104.412
8.520	101.418
8.580	102.335
8.640	99.572
8.700	100.170
8.760	99.674
8.820	99.648
8.880	99.597
8.940	99.852
9.000	99.393
9.060	98.999
9.120	99.954
9.180	99.228
9.240	99.877
9.300	99.457
9.360	99.597
9.420	100.259
9.480	99.151
9.540	98.999
9.600	99.508
9.660	99.725
9.720	99.113
9.780	99.763
9.840	99.228
9.900	99.674
9.960	99.177
10.020	99.521
10.080	98.935
10.140	100.374
10.200	100.017
10.260	99.916
10.320	99.521
10.380	99.865
10.440	99.801
10.500	99.483
10.560	99.572
10.620	99.508
10.680	100.043
10.740	100.527
10.800	100.170
10.860	100.145
10.920	100.068
10.980	100.438
11.040	101.393
11.100	101.953
11.160	105.163
11.220	116.677
11.280	130.559
11.340	248.907
11.400	502.744
11.460	575.724
11.520	643.609
11.580	668.827
11.640	690.314
11.700	684.277
11.760	663.223
11.820	626.249
11.880	573.648
11.940	584.779
12.000	476.685
12.060	341.844
12.120	153.039
12.180	103.163
12.240	104.641
12.300	107.774
12.360	148.098
12.420	197.248
12.480	238.221
12.540	251.046
12.600	259.172
12.660	263.095
12.720	254.905
12.780	251.428
12.840	237.851
12.900	227.395
12.960	228.503
13.020	212.136
13.080	188.052
13.140	116.498
13.200	113.722
13.260	122.026
13.320	167.903
13.380	247.671
13.440	605.591
13.500	719.149
13.560	731.529
13.620	778.386
13.680	787.213
13.740	755.231
13.800	743.488
13.860	712.131
13.920	644.946
13.980	633.662
14.040	544.723
14.100	424.848
14.160	267.782
14.220	110.996
14.280	122.956
14.340	150.072
14.400	374.437
14.460	755.613
14.520	851.200
14.580	929.249
14.640	969.407
14.700	988.321
14.760	928.702
14.820	892.492
14.880	857.823
14.940	794.014
15.000	797.160
15.060	680.010
15.120	469.132
15.180	233.228
15.240	165.967
15.300	210.965
15.360	589.466
15.420	2774.099
15.480	3481.214
15.540	4218.336
15.600	4378.777
15.660	4650.203
15.720	4616.502
15.780	4322.125
15.840	4198.034
15.900	3901.058
15.960	3677.049
16.020	3365.681
16.080	2943.837
16.140	2225.718
16.200	251.148
16.260	192.026
16.320	350.047
16.380	1814.929
16.440	3817.761
16.500	6209.539
16.560	6920.411
16.620	6962.021
16.680	7424.902
16.740	7210.382
16.800	6472.407
16.860	6514.794
16.920	6186.168
16.980	5873.322
17.040	4823.240
17.100	4784.649
17.160	1991.609
17.220	254.320
17.280	377.239
17.340	1365.002
17.400	3384.760
17.460	8685.518
17.520	9938.300
17.580	10061.436
17.640	10929.858
17.700	10527.998
17.760	10074.096
17.820	9793.920
17.880	9528.900
17.940	8780.493
18.000	8513.002
18.060	6962.251
18.120	5563.623
18.180	284.046
18.240	127.121
18.300	109.341
18.360	114.970
18.420	143.589
18.480	178.499
18.540	185.568
18.600	189.376
18.660	201.552
18.720	196.662
18.780	193.095
18.840	189.032
18.900	185.339
18.960	181.467
19.020	178.792
19.080	161.624
19.140	145.843
19.200	122.765
19.260	106.309
19.320	108.844
19.380	144.773
19.440	281.868
19.500	322.421
19.560	331.795
19.620	352.938
19.680	356.046
19.740	344.519
19.800	324.281
19.860	322.281
19.920	315.251
19.980	301.317
20.040	298.693
20.100	279.754
20.160	231.891
20.220	131.133
20.280	100.387
20.340	100.756
20.400	101.291
20.460	100.552
20.520	101.227
20.580	101.113
20.640	102.743
20.700	101.864
20.760	101.813
20.820	101.699
20.880	102.132
20.940	101.711
21.000	101.520
21.060	102.132
21.120	101.762
21.180	101.418
21.240	101.597
21.300	100.692
21.360	99.253
21.420	102.628
21.480	103.303
21.540	105.367
21.600	105.520
21.660	105.227
21.720	106.207
21.780	105.940
21.840	105.927
21.900	105.583
21.960	104.997
22.020	105.188
22.080	104.450
22.140	104.182
22.200	102.323
22.260	100.705
22.320	99.890
22.380	99.368
22.440	101.126
22.500	99.100
22.560	99.584
22.620	100.425
22.680	99.393
22.740	100.094
22.800	99.686
22.860	99.941
0.000	104.806
0.060	104.654
0.120	103.775
0.180	103.316
0.240	105.074
0.300	104.603
0.360	103.393
0.420	105.048
0.480	104.832
0.540	104.641
0.600	105.902
0.660	105.303
0.720	104.424
0.780	106.233
0.840	105.239
0.900	104.781
0.960	105.048
1.020	104.628
1.080	105.660
1.140	105.469
1.200	105.265
1.260	104.921
1.320	105.061
1.380	104.997
1.440	104.717
1.500	105.494
1.560	105.023
1.620	104.768
1.680	104.552
1.740	104.666
1.800	104.755
1.860	104.908
1.920	104.412
1.980	104.832
2.040	105.150
2.100	103.877
2.160	104.424
2.220	104.017
2.280	104.501
2.340	104.284
2.400	104.068
2.460	104.170
2.520	104.208
2.580	104.781
2.640	104.692
2.700	104.093
2.760	104.654
2.820	104.424
2.880	104.055
2.940	104.310
3.000	103.915
3.060	103.673
3.120	103.711
3.180	103.864
3.240	104.424
3.300	104.743
3.360	105.278
3.420	104.755
3.480	105.596
3.540	103.482
3.600	104.513
3.660	104.220
3.720	103.800
3.780	105.418
3.840	104.017
3.900	105.265
3.960	104.386
4.020	104.564
4.080	104.361
4.140	105.672
4.200	104.144
4.260	104.908
4.320	104.233
4.380	103.711
4.440	104.717
4.500	104.717
4.560	104.322
4.620	104.717
4.680	104.666
4.740	104.870
4.800	104.908
4.860	104.424
4.920	105.545
4.980	104.985
5.040	105.481
5.100	105.188
5.160	105.571
5.220	104.526
5.280	104.246
5.340	105.074
5.400	104.539
5.460	104.985
5.520	103.405
5.580	104.692
5.640	105.036
5.700	104.157
5.760	103.431
5.820	104.959
5.880	104.704
5.940	104.717
6.000	104.781
6.060	104.946
6.120	103.953
6.180	104.424
6.240	104.946
6.300	104.692
6.360	104.730
6.420	103.953
6.480	103.456
6.540	104.068
6.600	103.405
6.660	104.972
6.720	104.717
6.780	103.673
6.840	104.794
6.900	105.418
6.960	105.201
7.020	104.233
7.080	103.787
7.140	104.029
7.200	105.163
7.260	103.724
7.320	104.424
7.380	104.029
7.440	104.628
7.500	104.412
7.560	104.017
7.620	104.845
7.680	104.513
7.740	104.845
7.800	102.208
7.860	104.017
7.920	104.335
7.980	104.997
8.040	105.481
8.100	104.832
8.160	104.985
8.220	105.329
8.280	104.870
8.340	104.348
8.400	104.615
8.460	102.883
8.520	104.322
8.580	104.985
8.640	104.513
8.700	104.284
8.760	104.004
8.820	104.412
8.880	103.902
8.940	105.762
9.000	104.946
9.060	105.367
9.120	105.010
9.180	104.641
9.240	104.297
9.300	105.023
9.360	105.507
9.420	105.112
9.480	104.246
9.540	104.654
9.600	105.494
9.660	105.507
9.720	104.794
9.780	104.208
9.840	104.513
9.900	103.635
9.960	103.673
10.020	105.609
10.080	103.227
10.140	105.239
10.200	104.692
10.260	103.851
10.320	104.437
10.380	104.361
10.440	105.418
10.500	104.870
10.560	103.520
10.620	105.023
10.680	103.393
10.740	105.048
10.800	105.303
10.860	104.768
10.920	104.730
10.980	105.150
11.040	104.475
11.100	105.647
11.160	104.857
11.220	105.163
11.280	104.590
11.340	103.571
11.400	105.507
11.460	105.112
11.520	105.392
11.580	104.908
11.640	104.717
11.700	103.736
11.760	105.405
11.820	105.341
11.880	103.622
11.940	103.609
12.000	104.424
12.060	104.908
12.120	106.067
12.180	103.851
12.240	104.743
12.300	104.590
12.360	104.170
12.420	105.010
12.480	104.832
12.540	105.800
12.600	103.711
12.660	104.679
12.720	105.188
12.780	104.195
12.840	105.201
12.900	104.131
12.960	105.558
13.020	105.061
13.080	105.418
13.140	105.672
13.200	105.736
13.260	103.520
13.320	104.488
13.380	105.112
13.440	104.704
13.500	105.150
13.560	104.985
13.620	105.685
13.680	104.501
13.740	105.036
13.800	104.004
13.860	104.157
13.920	104.284
13.980	104.246
14.040	103.800
14.100	104.819
14.160	104.603
14.220	104.819
14.280	104.794
14.340	105.214
14.400	105.965
14.460	105.367
14.520	105.380
14.580	104.246
14.640	104.310
14.700	103.826
14.760	104.259
14.820	105.660
14.880	103.686
14.940	104.870
15.000	105.418
15.060	104.896
15.120	104.424
15.180	103.711
15.240	104.806
15.300	104.934
15.360	105.048
15.420	105.214
15.480	103.189
15.540	103.966
15.600	104.577
15.660	104.679
15.720	105.010
15.780	105.227
15.840	104.042
15.900	105.163
15.960	104.666
16.020	104.322
16.080	104.845
16.140	103.966
16.200	104.271
16.260	105.278
16.320	105.405
16.380	103.571
16.440	104.997
16.500	104.590
16.560	105.367
16.620	104.743
16.680	105.176
16.740	104.743
16.800	104.590
16.860	102.972
16.920	105.290
16.980	105.290
17.040	104.692
17.100	104.934
17.160	104.501
17.220	105.163
17.280	104.004
17.340	104.144
17.400	105.596
17.460	104.832
17.520	105.532
17.580	104.093
17.640	104.501
17.700	105.443
17.760	105.303
17.820	105.316
17.880	104.666
17.940	104.781
18.000	104.692
18.060	104.297
18.120	104.768
18.180	105.405
18.240	103.889
18.300	104.348
18.360	105.239
18.420	104.806
18.480	105.163
18.540	105.290
18.600	103.978
18.660	105.227
18.720	105.430
18.780	104.730
18.840	104.845
18.900	105.150
18.960	104.361
19.020	105.290
19.080	105.278
19.140	105.023
19.200	105.430
19.260	105.010
19.320	103.711
19.380	104.042
19.440	104.080
19.500	106.233
19.560	103.444
19.620	105.265
19.680	105.227
19.740	105.723
19.800	105.469
19.860	104.552
19.920	105.418
19.980	104.768
20.040	104.603
20.100	104.794
20.160	104.768
20.220	104.208
20.280	105.239
20.340	105.036
20.400	106.004
20.460	103.902
20.520	104.959
20.580	103.953
20.640	104.182
20.700	104.170
20.760	105.265
0.000	6778.859
0.060	1745.834
0.120	2317.675
0.180	2731.164
0.240	2715.893
0.300	2660.400
0.360	2550.650
0.420	2624.662
0.480	2614.715
0.540	2596.069
0.600	2667.100
0.660	2641.550
0.720	2618.052
0.780	2654.300
0.840	2668.093
0.900	2670.666
0.960	2799.393
1.020	1988.616
1.080	2952.829
1.140	1543.516
1.200	1337.363
1.260	911.775
1.320	213.002
1.380	136.125
1.440	138.316
1.500	151.116
1.560	177.366
1.620	214.480
1.680	394.026
1.740	1705.740
1.800	3898.714
