0000000501,scans,0000000146,DataLength
"header",0000000028,"lines"
"Date",5/13/2016,"Time",9:01:40 AM
"ID","HAL RC RGA 301 #14852","Version",3
"Scans",9
"Scan ID","Mode","Input","Scanned","Start","Stop","Increment","Dwell","Settle","RS","RelSEM"
"Scan 1","RGA","Temperature","none",0.40,0.40,0.01,10.000,10.000,1.000000,1.000000,
"Scan 2","RGA","SEM","mass",2.00,2.00,0.01,11.000,10.000,0.440000,1.000000,
"Scan 3","RGA","SEM","mass",14.00,14.00,0.01,11.000,10.000,1.000000,1.000000,
"Scan 4","RGA","SEM","mass",18.00,18.00,0.01,11.000,10.000,0.900000,1.000000,
"Scan 5","RGA","SEM","mass",28.00,28.00,0.01,11.000,10.000,1.050000,1.000000,
"Scan 6","RGA","SEM","mass",29.00,29.00,0.01,11.000,10.000,1.000000,1.000000,
"Scan 7","RGA","SEM","mass",43.00,43.00,0.01,11.000,10.000,1.000000,1.000000,
"Scan 8","RGA","SEM","mass",44.00,44.00,0.01,11.000,10.000,1.400000,1.000000,
"Scan 9","RGA","SEM","mass",60.00,60.00,0.01,11.000,10.000,0.577000,1.000000,
"Environment",
"Global","RGA"
"F1",1,"( 1 = on, 0 = off )"
"F2",0,"( 1 = on, 0 = off )"
"cage",3.3,"V"
"delta-m",0,"%"
"electron-energy",70.0,"V"
"emission",1000.000,"uA"
"focus",-90,"V"
"mass",5.50,"amu"
"mode-change-delay",1000,"ms"
"multiplier",1100,"V"
"resolution",0,"%"
"Data",9
"Time","ms","Temperature","Hydrogen","Ketene","Water","Carbon monoxide","Acetaldehyde","Acetic acid","Carbon dioxide","Acetic acid",
00:00:01,      1241,   140.3443, -2.22330e-10,  0.00000e+00,  1.08694e-10,  0.00000e+00,  0.00000e+00,  0.00000e+00,  0.00000e+00,  0.00000e+00,
00:00:01,      1804,   140.0798,  0.00000e+00,  0.00000e+00,  0.00000e+00,  0.00000e+00,  9.78250e-11,  0.00000e+00,  0.00000e+00, -1.69541e-10,
00:00:02,      2366,   140.0798,  1.55386e-09,  9.77283e-09,  2.12826e-08,  7.18530e-08,  3.90870e-09,  1.95435e-09,  1.45055e-07,  3.39081e-10,
00:00:02,      2928,   140.3443,  1.39921e-08,  3.03934e-08,  1.52017e-08,  4.38374e-08,  2.63912e-09,  1.17282e-09,  8.60000e-08,  5.08622e-10,
00:00:03,      3490,   140.0798,  1.35499e-08,  2.08163e-08,  1.09674e-08,  3.27619e-08,  2.15000e-09,  1.07500e-09,  6.07306e-08,  5.08622e-10,
00:00:04,      4053,   140.3443,  1.17713e-08,  1.58315e-08,  8.90458e-09,  2.68985e-08,  1.75870e-09,  7.81525e-10,  4.73276e-08,  3.39081e-10,
00:00:04,      4615,   140.2121,  1.13266e-08,  1.29000e-08,  7.05797e-09,  2.41997e-08,  1.27065e-09,  5.86950e-10,  3.74154e-08,  0.00000e+00,
00:00:05,      5178,   140.2121,  1.19936e-08,  1.14347e-08,  6.18961e-09,  2.14068e-08,  9.77175e-10,  5.86950e-10,  3.20404e-08,  3.39081e-10,
00:00:05,      5741,   140.2121,  1.06620e-08,  9.47935e-09,  5.75483e-09,  1.97318e-08,  1.17282e-09,  5.86950e-10,  2.65955e-08,  3.39081e-10,
00:00:06,      6304,   140.2121,  1.04397e-08,  8.20977e-09,  5.10386e-09,  1.80569e-08,  8.79350e-10,  6.84775e-10,  2.33152e-08,  3.39081e-10,
00:00:06,      6867,   140.2121,  9.99505e-09,  7.23152e-09,  5.10386e-09,  1.71252e-08,  8.79350e-10,  4.89125e-10,  2.10815e-08,  1.69541e-10,
00:00:07,      7430,   140.0798,  1.11067e-08,  6.25435e-09,  4.45169e-09,  1.52639e-08,  8.79350e-10,  4.89125e-10,  1.91964e-08,  5.08622e-10,
00:00:07,      7993,   140.0798,  9.77273e-09,  5.76630e-09,  4.34419e-09,  1.49845e-08,  8.79350e-10,  3.91300e-10,  1.67531e-08,  3.39081e-10,
00:00:08,      8556,   140.2121,  9.99505e-09,  5.57065e-09,  4.23550e-09,  1.34958e-08,  5.86950e-10,  3.91300e-10,  1.52872e-08,  1.69541e-10,
00:00:09,      9119,   140.0798,  9.99505e-09,  5.37500e-09,  4.12680e-09,  1.35890e-08,  5.86950e-10,  4.89125e-10,  1.43098e-08,  3.39081e-10,
00:00:09,      9682,   140.2121,  9.99505e-09,  4.30000e-09,  3.80072e-09,  1.21925e-08,  6.84775e-10,  3.91300e-10,  1.34728e-08,  3.39081e-10,
00:00:10,     10245,   140.0798,  8.88341e-09,  4.30000e-09,  3.47463e-09,  1.23789e-08,  6.83700e-10,  3.91300e-10,  1.22857e-08,  1.69541e-10,
00:00:10,     10808,   140.2121,  9.55039e-09,  4.30000e-09,  3.69202e-09,  1.20062e-08,  6.84775e-10,  2.93475e-10,  1.13781e-08,  5.08622e-10,
00:00:11,     11371,   140.2121,  9.55039e-09,  3.90977e-09,  3.69202e-09,  1.13550e-08,  6.84775e-10,  4.89125e-10,  1.10994e-08,  3.39081e-10,
00:00:11,     11934,   140.4765,  9.55039e-09,  3.51847e-09,  3.69202e-09,  1.17277e-08,  4.89125e-10,  2.93475e-10,  1.03315e-08,  3.39081e-10,
00:00:12,     12497,   140.2121,  9.32807e-09,  3.51847e-09,  3.36594e-09,  1.09824e-08,  7.82600e-10,  3.91300e-10,  9.63350e-09,  0.00000e+00,
00:00:13,     13060,   140.0798,  9.10573e-09,  3.32282e-09,  3.36594e-09,  1.04244e-08,  7.81525e-10,  4.89125e-10,  9.14436e-09,  0.00000e+00,
00:00:13,     13623,   140.0798,  9.32807e-09,  3.42065e-09,  3.04106e-09,  9.95857e-09,  4.89125e-10,  4.89125e-10,  8.65600e-09,  1.69541e-10,
00:00:14,     14186,   140.0798,  9.10573e-09,  2.93152e-09,  3.36594e-09,  1.01449e-08,  4.89125e-10,  2.93475e-10,  8.02793e-09,  3.39081e-10,
00:00:14,     14749,   140.2121,  9.55039e-09,  2.83477e-09,  3.36594e-09,  9.86543e-09,  3.91300e-10,  3.91300e-10,  7.74843e-09,  1.69541e-10,
00:00:15,     15312,   140.2121,  9.10573e-09,  2.54130e-09,  3.14856e-09,  9.58695e-09,  4.89125e-10,  2.93475e-10,  7.95807e-09,  1.69541e-10,
00:00:15,     15875,   140.0798,  9.10573e-09,  2.83370e-09,  3.36594e-09,  9.58695e-09,  2.93475e-10,  4.89125e-10,  7.26007e-09,  3.39081e-10,
00:00:16,     16438,   140.2121,  8.66352e-09,  2.44347e-09,  3.36594e-09,  9.58695e-09,  4.89125e-10,  4.89125e-10,  7.19021e-09,  3.39081e-10,
00:00:17,     17001,   140.0798,  9.10573e-09,  2.34565e-09,  2.93236e-09,  9.21429e-09,  4.89125e-10,  2.93475e-10,  6.98059e-09,  1.69541e-10,
00:00:17,     17564,   140.0798,  1.04397e-08,  2.34565e-09,  3.04106e-09,  9.21429e-09,  4.89125e-10,  1.95650e-10,  6.77096e-09,  3.39081e-10,
00:00:18,     18127,   139.9476,  8.66352e-09,  2.54130e-09,  2.93236e-09,  9.02795e-09,  3.91300e-10,  2.93475e-10,  6.07299e-09,  1.69541e-10,
00:00:18,     18690,   140.2121,  8.88341e-09,  2.24782e-09,  3.04106e-09,  8.56314e-09,  3.91300e-10,  2.93475e-10,  6.35249e-09,  0.00000e+00,
00:00:19,     19253,   140.0798,  9.10573e-09,  2.44347e-09,  2.93236e-09,  8.93479e-09,  3.91300e-10,  3.91300e-10,  6.07299e-09,  0.00000e+00,
00:00:19,     19816,   140.3443,  8.88584e-09,  2.15000e-09,  2.60628e-09,  8.19048e-09,  3.91300e-10,  4.89125e-10,  5.79425e-09,  1.69541e-10,
00:00:20,     20379,   140.0798,  8.66352e-09,  2.15000e-09,  2.93236e-09,  8.56314e-09,  3.91300e-10,  4.89125e-10,  5.93323e-09,  5.08622e-10,
00:00:20,     20942,   140.0798,  9.10573e-09,  1.95435e-09,  2.82367e-09,  8.09731e-09,  2.93475e-10,  3.91300e-10,  5.58463e-09,  1.69541e-10,
00:00:21,     21505,   140.2121,  8.88584e-09,  1.95435e-09,  3.04106e-09,  8.56314e-09,  1.95650e-10,  3.91300e-10,  5.30512e-09,  1.69541e-10,
00:00:22,     22068,   139.9476,  8.44118e-09,  1.85652e-09,  2.71497e-09,  8.46998e-09,  2.93475e-10,  2.93475e-10,  5.51475e-09,  5.08622e-10,
00:00:22,     22631,   140.2121,  8.44118e-09,  1.66195e-09,  3.04106e-09,  8.37681e-09,  2.93475e-10,  3.91300e-10,  5.37500e-09,  3.39081e-10,
00:00:23,     23194,   140.3443,  9.10573e-09,  1.85652e-09,  2.93236e-09,  8.37681e-09,  3.91300e-10,  4.89125e-10,  5.09626e-09,  1.69541e-10,
00:00:23,     23757,   140.3443,  8.88341e-09,  1.66195e-09,  2.71497e-09,  7.72567e-09,  2.93475e-10,  3.91300e-10,  4.95651e-09,  1.69541e-10,
00:00:24,     24320,   140.2121,  9.32807e-09,  1.66195e-09,  2.93236e-09,  8.09731e-09,  3.91300e-10,  3.91300e-10,  4.95651e-09,  1.69541e-10,
00:00:24,     24883,   139.9476,  8.88584e-09,  1.56412e-09,  2.71497e-09,  7.72567e-09,  3.91300e-10,  2.93475e-10,  5.02639e-09,  1.69541e-10,
00:00:25,     25446,   140.4765,  8.44118e-09,  1.75870e-09,  3.04106e-09,  7.91097e-09,  2.93475e-10,  2.93475e-10,  4.39751e-09,  1.69541e-10,
00:00:26,     26009,   140.2121,  8.66352e-09,  1.56412e-09,  2.71497e-09,  8.00414e-09,  4.89125e-10,  4.89125e-10,  4.88664e-09,  0.00000e+00,
00:00:26,     26572,   140.2121,  9.10573e-09,  1.56412e-09,  2.93236e-09,  7.63250e-09,  3.91300e-10,  2.93475e-10,  4.67701e-09,  1.69541e-10,
00:00:27,     27135,   139.9476,  7.77420e-09,  1.75870e-09,  3.04106e-09,  8.19048e-09,  4.89125e-10,  3.91300e-10,  4.32764e-09,  0.00000e+00,
00:00:27,     27698,   140.3443,  8.88584e-09,  1.75977e-09,  2.71497e-09,  7.72567e-09,  3.91300e-10,  3.91300e-10,  4.32841e-09,  1.69541e-10,
00:00:28,     28261,   140.2121,  9.10573e-09,  1.56412e-09,  2.82367e-09,  8.00414e-09,  3.91300e-10,  3.91300e-10,  4.32764e-09,  3.39081e-10,
00:00:28,     28824,   140.2121,  9.32807e-09,  1.46630e-09,  2.60628e-09,  7.44617e-09,  2.93475e-10,  3.91300e-10,  4.18866e-09,  3.39081e-10,
00:00:29,     29387,   140.3443,  9.10573e-09,  1.46630e-09,  2.60628e-09,  7.53933e-09,  1.95650e-10,  2.93475e-10,  4.39751e-09,  3.39081e-10,
00:00:29,     29950,   140.2121,  8.88584e-09,  1.66195e-09,  2.93236e-09,  7.72567e-09,  3.91300e-10,  2.93475e-10,  3.97904e-09,  3.39081e-10,
00:00:30,     30513,   140.2121,  8.21886e-09,  1.56412e-09,  3.04106e-09,  7.35300e-09,  2.93475e-10,  2.93475e-10,  4.18866e-09,  3.39081e-10,
00:00:31,     31076,   140.2121,  9.55039e-09,  1.46630e-09,  2.60628e-09,  7.35300e-09,  3.91300e-10,  2.93475e-10,  4.18866e-09,  1.69541e-10,
00:00:31,     31639,   140.2121,  9.10573e-09,  1.46630e-09,  2.82367e-09,  7.44617e-09,  2.93475e-10,  4.89125e-10,  4.04891e-09,  1.69541e-10,
00:00:32,     32202,   140.0798,  9.10573e-09,  1.36847e-09,  2.71497e-09,  7.44617e-09,  4.89125e-10,  2.93475e-10,  3.90916e-09,  1.69541e-10,
00:00:32,     32765,   140.2121,  8.66352e-09,  1.46630e-09,  2.71497e-09,  7.07350e-09,  2.93475e-10,  2.93475e-10,  4.04891e-09,  3.39081e-10,
00:00:33,     33328,   140.3443,  8.44118e-09,  1.46630e-09,  2.82367e-09,  7.35300e-09,  3.91300e-10,  3.91300e-10,  3.83929e-09,  1.69541e-10,
00:00:33,     33891,   140.2121,  8.88584e-09,  1.27065e-09,  2.60628e-09,  7.07350e-09,  9.78250e-11,  3.91300e-10,  3.90916e-09,  1.69541e-10,
00:00:34,     34454,   140.0798,  8.88584e-09,  1.46630e-09,  2.28019e-09,  7.53933e-09,  2.93475e-10,  2.93475e-10,  3.83929e-09,  1.69541e-10,
00:00:35,     35017,   140.3443,  9.55039e-09,  1.17282e-09,  2.49758e-09,  7.16667e-09,  1.95650e-10,  2.93475e-10,  3.69954e-09,  1.69541e-10,
00:00:35,     35580,   140.2121,  7.77420e-09,  1.17282e-09,  2.60628e-09,  7.35300e-09,  2.93475e-10,  2.93475e-10,  3.76941e-09,  3.39081e-10,
00:00:36,     36143,   140.0798,  8.44118e-09,  1.36847e-09,  2.82367e-09,  7.07350e-09,  2.93475e-10,  4.89125e-10,  3.62966e-09,  3.39081e-10,
00:00:36,     36706,   140.0798,  8.88584e-09,  1.46630e-09,  2.71497e-09,  7.44617e-09,  2.93475e-10,  3.91300e-10,  3.42080e-09,  1.69541e-10,
00:00:37,     37269,   140.0798,  8.88341e-09,  1.46630e-09,  2.60628e-09,  7.07350e-09,  1.95650e-10,  3.91300e-10,  3.56055e-09,  0.00000e+00,
00:00:37,     37832,   140.0798,  7.77420e-09,  1.07500e-09,  2.71497e-09,  6.98033e-09,  4.89125e-10,  4.89125e-10,  3.90916e-09,  1.69541e-10,
00:00:38,     38395,   140.2121,  8.21886e-09,  1.17282e-09,  2.60628e-09,  7.16667e-09,  1.95650e-10,  2.93475e-10,  3.49068e-09,  1.69541e-10,
00:00:38,     38958,   140.3443,  8.88584e-09,  1.27065e-09,  2.71497e-09,  7.07350e-09,  3.91300e-10,  3.91300e-10,  3.62966e-09,  1.69541e-10,
00:00:39,     39521,   140.2121,  9.32807e-09,  1.17282e-09,  2.38889e-09,  6.79400e-09,  2.93475e-10,  2.93475e-10,  3.28105e-09,  3.39081e-10,
00:00:40,     40084,   140.0798,  8.21886e-09,  1.07500e-09,  2.71497e-09,  6.79502e-09,  2.93475e-10,  2.93475e-10,  3.35093e-09,  1.69541e-10,
00:00:40,     40647,   139.9476,  9.32807e-09,  1.27065e-09,  2.60628e-09,  6.79502e-09,  1.95650e-10,  2.93475e-10,  3.56055e-09,  3.39081e-10,
00:00:41,     41210,   140.2121,  8.66352e-09,  1.27065e-09,  2.60628e-09,  7.16667e-09,  1.95650e-10,  3.91300e-10,  3.28105e-09,  5.08622e-10,
00:00:41,     41773,   140.0798,  8.66352e-09,  1.36847e-09,  2.49758e-09,  6.51552e-09,  3.91300e-10,  3.91300e-10,  3.49068e-09,  3.39081e-10,
00:00:42,     42336,   140.0798,  8.88584e-09,  1.17282e-09,  2.49758e-09,  6.70186e-09,  2.93475e-10,  3.91300e-10,  3.42080e-09,  3.39081e-10,
00:00:42,     42899,   140.2121,  8.44118e-09,  1.17282e-09,  2.17150e-09,  6.70186e-09,  2.93475e-10,  2.93475e-10,  3.07143e-09,  1.69541e-10,
00:00:43,     43462,   140.2121,  9.32807e-09,  1.17282e-09,  2.49758e-09,  6.70186e-09,  2.93475e-10,  3.91300e-10,  3.21118e-09,  1.69541e-10,
00:00:44,     44025,   140.2121,  9.10573e-09,  1.27065e-09,  2.49758e-09,  6.88716e-09,  3.91300e-10,  3.91300e-10,  3.14130e-09,  1.69541e-10,
00:00:44,     44588,   140.3443,  8.88341e-09,  1.07500e-09,  2.38889e-09,  7.53933e-09,  2.93475e-10,  2.93475e-10,  3.42080e-09,  1.69541e-10,
00:00:45,     45151,   140.0798,  8.88341e-09,  1.17282e-09,  2.38889e-09,  7.53933e-09,  1.95650e-10,  3.91300e-10,  3.49068e-09,  3.39081e-10,
00:00:45,     45714,   140.0798,  8.88584e-09,  1.46630e-09,  2.49758e-09,  7.63250e-09,  2.93475e-10,  4.89125e-10,  3.83929e-09,  1.69541e-10,
00:00:46,     46277,   140.2121,  8.21886e-09,  1.36847e-09,  2.71497e-09,  7.25983e-09,  3.91300e-10,  3.91300e-10,  4.18866e-09,  3.39081e-10,
00:00:46,     46840,   140.0798,  9.32807e-09,  1.46630e-09,  2.60628e-09,  6.79502e-09,  2.93475e-10,  3.91300e-10,  3.97904e-09,  1.69541e-10,
00:00:47,     47403,   139.9476,  8.88341e-09,  1.36847e-09,  2.49758e-09,  6.98033e-09,  1.95650e-10,  3.91300e-10,  3.62966e-09,  0.00000e+00,
00:00:47,     47966,   140.0798,  8.88584e-09,  1.56412e-09,  2.71497e-09,  7.07350e-09,  3.91300e-10,  2.93475e-10,  4.11879e-09,  5.08622e-10,
00:00:48,     48529,   140.0798,  9.55039e-09,  1.36847e-09,  2.38889e-09,  6.98033e-09,  2.93475e-10,  3.91300e-10,  4.11879e-09,  1.69541e-10,
00:00:49,     49092,   140.0798,  9.10573e-09,  1.27065e-09,  2.49758e-09,  6.88716e-09,  3.91300e-10,  3.91300e-10,  3.76941e-09,  1.69541e-10,
00:00:49,     49655,   139.9476,  8.88341e-09,  1.36847e-09,  2.60628e-09,  6.70186e-09,  2.93475e-10,  4.89125e-10,  3.90916e-09,  3.39081e-10,
00:00:50,     50218,   140.0798,  8.21886e-09,  1.56412e-09,  2.49758e-09,  6.70186e-09,  2.93475e-10,  4.89125e-10,  3.69954e-09,  0.00000e+00,
00:00:50,     50781,   140.3443,  8.88341e-09,  1.27065e-09,  2.49758e-09,  6.51552e-09,  2.93475e-10,  2.93475e-10,  3.69954e-09,  1.69541e-10,
00:00:51,     51344,   140.3443,  8.44118e-09,  1.46630e-09,  2.49758e-09,  6.51552e-09,  1.95650e-10,  3.91300e-10,  4.04891e-09,  3.39081e-10,
00:00:51,     51907,   140.2121,  8.66352e-09,  1.07500e-09,  2.49758e-09,  6.60869e-09,  2.93475e-10,  3.91300e-10,  4.04891e-09,  1.69541e-10,
00:00:52,     52470,   140.0798,  8.88584e-09,  1.27065e-09,  2.49758e-09,  6.32919e-09,  3.91300e-10,  3.91300e-10,  3.83929e-09,  1.69541e-10,
00:00:53,     53033,   140.0798,  8.66352e-09,  1.27065e-09,  2.38889e-09,  6.32919e-09,  2.93475e-10,  4.89125e-10,  3.76941e-09,  1.69541e-10,
00:00:53,     53596,   140.2121,  8.88584e-09,  1.27065e-09,  2.28019e-09,  6.32919e-09,  1.95650e-10,  4.89125e-10,  3.49068e-09,  3.39081e-10,
00:00:54,     54159,   140.3443,  8.44118e-09,  1.46630e-09,  2.38889e-09,  6.70186e-09,  2.93475e-10,  3.91300e-10,  3.83929e-09,  1.69541e-10,
00:00:54,     54722,   139.9476,  8.66352e-09,  1.17282e-09,  2.17150e-09,  6.42235e-09,  2.93475e-10,  4.89125e-10,  3.62966e-09,  1.69541e-10,
00:00:55,     55285,   140.2121,  9.10573e-09,  1.27065e-09,  2.60628e-09,  6.70186e-09,  2.93475e-10,  3.91300e-10,  3.83929e-09,  0.00000e+00,
00:00:55,     55848,   140.0798,  9.55039e-09,  1.17282e-09,  2.28019e-09,  6.42235e-09,  1.95650e-10,  3.91300e-10,  3.69954e-09,  1.69541e-10,
00:00:56,     56411,   140.3443,  8.66352e-09,  1.17282e-09,  2.49758e-09,  6.42235e-09,  2.93475e-10,  4.89125e-10,  3.69954e-09,  3.39081e-10,
00:00:56,     56974,   140.2121,  8.44118e-09,  1.27065e-09,  2.28019e-09,  6.23602e-09,  2.93475e-10,  3.91300e-10,  3.76941e-09,  3.39081e-10,
00:00:57,     57537,   140.2121,  9.32807e-09,  1.46630e-09,  2.60628e-09,  6.60869e-09,  3.91300e-10,  3.91300e-10,  3.62966e-09,  0.00000e+00,
00:00:58,     58100,   140.2121,  8.88341e-09,  1.27065e-09,  2.28019e-09,  6.42235e-09,  2.93475e-10,  2.93475e-10,  3.49068e-09,  1.69541e-10,
00:00:58,     58663,   139.9476,  9.32807e-09,  1.27065e-09,  2.17150e-09,  6.23602e-09,  3.91300e-10,  3.91300e-10,  3.69954e-09,  3.39081e-10,
00:00:59,     59226,   140.0798,  8.66352e-09,  1.17282e-09,  2.38889e-09,  6.14286e-09,  2.93475e-10,  2.93475e-10,  3.69954e-09,  1.69541e-10,
00:00:59,     59789,   140.2121,  8.44118e-09,  1.17282e-09,  2.49758e-09,  6.42235e-09,  2.93475e-10,  2.93475e-10,  3.56055e-09,  3.39081e-10,
00:01:00,     60352,   140.3443,  9.32807e-09,  1.36847e-09,  2.49758e-09,  6.04969e-09,  2.93475e-10,  3.91300e-10,  3.49068e-09,  3.39081e-10,
00:01:00,     60915,   140.2121,  9.55039e-09,  1.27065e-09,  2.17150e-09,  6.51552e-09,  3.91300e-10,  2.93475e-10,  3.69954e-09,  3.39081e-10,
00:01:01,     61478,   140.2121,  9.10573e-09,  1.36847e-09,  2.38889e-09,  6.32919e-09,  2.93475e-10,  5.86950e-10,  3.42080e-09,  1.69541e-10,
00:01:02,     62041,   140.0798,  8.88341e-09,  1.27065e-09,  2.49758e-09,  6.70186e-09,  2.93475e-10,  2.93475e-10,  3.62966e-09,  3.39081e-10,
00:01:02,     62604,   140.2121,  8.66352e-09,  1.27065e-09,  2.28019e-09,  6.14286e-09,  1.95650e-10,  4.89125e-10,  3.42080e-09,  3.39081e-10,
00:01:03,     63167,   140.3443,  9.32807e-09,  1.27065e-09,  2.28019e-09,  6.23602e-09,  9.78250e-11,  3.91300e-10,  3.42080e-09,  1.69541e-10,
00:01:03,     63730,   140.0798,  9.10573e-09,  1.17282e-09,  2.38889e-09,  6.79502e-09,  3.91300e-10,  3.91300e-10,  3.69954e-09,  1.69541e-10,
00:01:04,     64293,   140.2121,  8.21886e-09,  1.27065e-09,  2.38889e-09,  6.32919e-09,  2.93475e-10,  4.89125e-10,  3.55979e-09,  3.39081e-10,
00:01:04,     64856,   140.0798,  8.44118e-09,  1.17282e-09,  2.38889e-09,  6.42235e-09,  2.93475e-10,  4.89125e-10,  3.56055e-09,  5.08622e-10,
00:01:05,     65419,   140.0798,  8.21886e-09,  1.27065e-09,  2.28019e-09,  6.51552e-09,  1.95650e-10,  3.91300e-10,  3.49068e-09,  3.39081e-10,
00:01:05,     65982,   140.0798,  8.66352e-09,  1.27065e-09,  2.38889e-09,  6.42235e-09,  2.93475e-10,  1.17282e-09,  4.11879e-09,  5.08622e-10,
00:01:06,     66545,   140.3443,  8.66352e-09,  1.85652e-09,  2.82367e-09,  7.25983e-09,  8.79350e-10,  6.54782e-09,  5.02639e-09,  1.86308e-09,
00:01:07,     67108,   140.7410,  8.44118e-09,  2.44347e-09,  3.58333e-09,  8.28365e-09,  8.79350e-10,  3.51847e-09,  5.16537e-09,  2.03262e-09,
00:01:07,     67671,   141.2699,  8.88584e-09,  2.44347e-09,  5.32124e-09,  8.28365e-09,  7.81525e-10,  3.32282e-09,  5.37500e-09,  2.20217e-09,
00:01:08,     68234,   142.7243,  9.55039e-09,  2.34565e-09,  6.29830e-09,  8.56314e-09,  8.79350e-10,  4.00760e-09,  5.72437e-09,  2.03262e-09,
00:01:08,     68797,   144.1788,  1.04397e-08,  2.83370e-09,  7.38406e-09,  8.28365e-09,  1.36847e-09,  8.69783e-09,  6.49224e-09,  2.03262e-09,
00:01:09,     69360,   146.1622,  9.32807e-09,  5.08152e-09,  1.32476e-08,  9.40062e-09,  2.83477e-09,  3.67456e-08,  9.91221e-09,  7.28279e-09,
00:01:09,     69923,   149.6001,  9.32807e-09,  1.26065e-08,  2.76896e-08,  1.25651e-08,  8.69783e-09,  1.28706e-07,  2.22679e-08,  2.98094e-08,
00:01:10,     70486,   153.1702,  9.32807e-09,  2.97087e-08,  3.83309e-08,  1.98250e-08,  1.60271e-08,  2.06595e-07,  4.12546e-08,  5.23359e-08,
00:01:11,     71049,   157.7981,  9.10573e-09,  2.28684e-08,  2.83406e-08,  1.97318e-08,  7.03695e-09,  6.21543e-08,  3.79744e-08,  2.16789e-08,
00:01:11,     71612,   162.6905,  9.32807e-09,  1.65163e-08,  2.38889e-08,  1.70321e-08,  4.49565e-09,  2.91228e-08,  3.11335e-08,  1.38893e-08,
00:01:12,     72175,   167.1862,  9.99505e-09,  1.25087e-08,  1.93284e-08,  1.60092e-08,  3.42065e-09,  1.63206e-08,  2.69449e-08,  9.65451e-09,
00:01:12,     72738,   171.6819,  8.44118e-09,  1.04565e-08,  1.37910e-08,  1.50776e-08,  2.63912e-09,  1.12391e-08,  2.28959e-08,  7.62187e-09,
00:01:13,     73301,   175.9131,  9.10573e-09,  9.28370e-09,  1.03152e-08,  1.36822e-08,  1.95435e-09,  8.69783e-09,  2.02438e-08,  6.26742e-09,
00:01:13,     73864,   179.4832,  9.32807e-09,  8.20977e-09,  8.03502e-09,  1.28447e-08,  1.95435e-09,  7.32935e-09,  1.89868e-08,  5.92834e-09,
00:01:14,     74427,   182.3922,  9.10573e-09,  8.01412e-09,  7.16667e-09,  1.24720e-08,  1.75870e-09,  6.64565e-09,  1.68229e-08,  5.41971e-09,
00:01:14,     74990,   184.7723,  8.88341e-09,  7.52500e-09,  5.97222e-09,  1.20062e-08,  1.85652e-09,  6.93912e-09,  1.57065e-08,  4.57386e-09,
00:01:15,     75553,   187.1523,  8.44118e-09,  6.84130e-09,  5.75483e-09,  1.18209e-08,  1.66195e-09,  6.15652e-09,  1.49386e-08,  4.23478e-09,
00:01:16,     76116,   189.1357,  9.32807e-09,  6.64565e-09,  5.64613e-09,  1.09824e-08,  1.75977e-09,  6.05977e-09,  1.40310e-08,  4.57386e-09,
00:01:16,     76679,   190.8547,  8.66107e-09,  6.25435e-09,  5.10386e-09,  1.11687e-08,  1.56412e-09,  6.05870e-09,  1.32631e-08,  4.57386e-09,
00:01:17,     77242,   192.8381,  8.66352e-09,  6.25435e-09,  5.42994e-09,  1.12619e-08,  1.56412e-09,  6.15652e-09,  1.32631e-08,  4.91109e-09,
00:01:17,     77805,   194.0281,  9.10573e-09,  6.15652e-09,  5.32124e-09,  1.08892e-08,  1.66195e-09,  6.74347e-09,  1.29836e-08,  5.08062e-09,
00:01:18,     78368,   195.6148,  9.10573e-09,  5.96195e-09,  5.42994e-09,  1.08892e-08,  1.75870e-09,  7.72065e-09,  1.26351e-08,  6.26742e-09,
00:01:18,     78931,   197.2015,  9.32807e-09,  6.15652e-09,  5.32124e-09,  1.04244e-08,  2.05217e-09,  8.60000e-09,  1.28439e-08,  6.77603e-09,
00:01:19,     79494,   198.5238,  9.55039e-09,  6.54782e-09,  5.21256e-09,  1.09834e-08,  2.15000e-09,  1.01641e-08,  1.25652e-08,  8.63912e-09,
00:01:20,     80057,   200.2427,  8.88341e-09,  7.13477e-09,  5.86352e-09,  1.12619e-08,  2.54130e-09,  1.23141e-08,  1.34728e-08,  9.99359e-09,
00:01:20,     80620,   201.8294,  9.10573e-09,  7.81848e-09,  6.08091e-09,  1.14482e-08,  2.63912e-09,  1.51478e-08,  1.43098e-08,  1.30416e-08,
00:01:21,     81183,   203.9451,  8.88584e-09,  8.99130e-09,  6.29830e-09,  1.16346e-08,  3.61630e-09,  2.03271e-08,  1.59852e-08,  1.69373e-08,
00:01:21,     81746,   205.9285,  9.10573e-09,  1.07500e-08,  7.71013e-09,  1.29378e-08,  4.59347e-09,  2.68750e-08,  1.81491e-08,  2.25265e-08,
00:01:22,     82309,   208.3085,  9.10573e-09,  1.30956e-08,  8.14372e-09,  1.46128e-08,  6.45000e-09,  3.59641e-08,  2.18494e-08,  3.37050e-08,
00:01:22,     82872,   210.8208,  9.32807e-09,  1.71021e-08,  9.33817e-09,  1.63810e-08,  7.52500e-09,  4.80815e-08,  2.58975e-08,  4.48835e-08,
00:01:23,     83435,   213.0687,  9.77273e-09,  2.03271e-08,  1.07500e-08,  1.74048e-08,  9.77283e-09,  5.90272e-08,  2.98766e-08,  5.31835e-08,
00:01:23,     83998,   215.8454,  1.06620e-08,  2.29663e-08,  1.22704e-08,  1.98250e-08,  1.10434e-08,  6.39141e-08,  3.53214e-08,  5.74165e-08,
00:01:24,     84561,   218.7544,  1.11067e-08,  2.41391e-08,  1.25966e-08,  2.01967e-08,  1.00663e-08,  5.76598e-08,  3.80442e-08,  5.08118e-08,
00:01:25,     85124,   221.3989,  1.04397e-08,  2.15978e-08,  1.17270e-08,  2.01977e-08,  8.01412e-09,  4.53456e-08,  3.65776e-08,  3.84484e-08,
00:01:25,     85687,   223.7790,  9.77273e-09,  1.95456e-08,  1.05326e-08,  1.89875e-08,  6.25435e-09,  3.41065e-08,  3.43439e-08,  2.76071e-08,
00:01:26,     86250,   226.6880,  9.32807e-09,  1.60271e-08,  9.77294e-09,  1.78706e-08,  4.98477e-09,  2.45293e-08,  3.22500e-08,  1.94785e-08,
00:01:26,     86813,   229.0680,  1.04397e-08,  1.43663e-08,  8.25241e-09,  1.74979e-08,  3.71412e-09,  1.72978e-08,  2.82709e-08,  1.33807e-08,
00:01:27,     87376,   231.7126,  9.32807e-09,  1.20206e-08,  7.92633e-09,  1.61946e-08,  3.32282e-09,  1.25097e-08,  2.63866e-08,  9.65451e-09,
00:01:27,     87939,   234.0926,  9.55039e-09,  1.02619e-08,  7.05797e-09,  1.47991e-08,  2.63912e-09,  9.57718e-09,  2.31056e-08,  7.11326e-09,
00:01:28,     88502,   236.3405,  9.32807e-09,  9.28478e-09,  6.51569e-09,  1.41470e-08,  2.05217e-09,  7.42717e-09,  2.05225e-08,  5.92834e-09,
00:01:29,     89065,   238.4561,  9.77273e-09,  8.50218e-09,  6.08091e-09,  1.34027e-08,  1.85652e-09,  6.05977e-09,  1.91964e-08,  4.57386e-09,
00:01:29,     89628,   240.4395,  9.32807e-09,  7.62282e-09,  5.64613e-09,  1.28447e-08,  1.56412e-09,  5.27717e-09,  1.80101e-08,  3.89570e-09,
00:01:30,     90191,   242.8196,  9.10573e-09,  7.03695e-09,  5.53744e-09,  1.22857e-08,  1.66195e-09,  4.59347e-09,  1.66832e-08,  3.55662e-09,
00:01:30,     90754,   244.9352,  8.88341e-09,  6.74347e-09,  5.42874e-09,  1.22857e-08,  1.46630e-09,  4.30000e-09,  1.59154e-08,  2.71078e-09,
00:01:31,     91317,   246.7863,  9.10573e-09,  6.15652e-09,  4.99517e-09,  1.12619e-08,  1.27065e-09,  3.71412e-09,  1.42406e-08,  2.54125e-09,
00:01:31,     91880,   248.9019,  9.10573e-09,  5.76630e-09,  5.21256e-09,  1.13550e-08,  1.27065e-09,  3.61630e-09,  1.36816e-08,  2.54125e-09,
00:01:32,     92443,   251.0176,  8.44118e-09,  5.17935e-09,  5.10386e-09,  1.08902e-08,  1.17282e-09,  3.12717e-09,  1.28439e-08,  2.37170e-09,
00:01:33,     93006,   253.1332,  9.32807e-09,  5.27717e-09,  4.66908e-09,  1.07039e-08,  1.07500e-09,  3.12717e-09,  1.23556e-08,  2.20217e-09,
00:01:33,     93569,   255.3810,  1.02174e-08,  5.08152e-09,  4.99517e-09,  1.07039e-08,  9.77175e-10,  2.83370e-09,  1.20069e-08,  2.20217e-09,
00:01:34,     94132,   257.6289,  9.77273e-09,  4.78912e-09,  4.66908e-09,  1.11687e-08,  9.77175e-10,  3.02935e-09,  1.07500e-08,  2.03262e-09,
00:01:34,     94695,   259.8767,  9.32807e-09,  4.98477e-09,  4.99517e-09,  1.06108e-08,  1.07500e-09,  3.02935e-09,  1.10994e-08,  1.69354e-09,
00:01:35,     95258,   262.3890,  1.02174e-08,  4.59347e-09,  4.66908e-09,  1.02381e-08,  9.77175e-10,  2.63912e-09,  1.05404e-08,  1.86308e-09,
00:01:35,     95821,   264.3724,  1.04397e-08,  4.49565e-09,  4.56039e-09,  9.95857e-09,  8.79350e-10,  2.63912e-09,  9.98214e-09,  2.03262e-09,
00:01:36,     96384,   266.6203,  1.04397e-08,  4.00652e-09,  4.77778e-09,  9.49379e-09,  9.77175e-10,  2.73695e-09,  1.02616e-08,  1.86308e-09,
00:01:36,     96947,   269.0003,  1.11067e-08,  3.90870e-09,  4.66908e-09,  9.40062e-09,  9.77175e-10,  2.54130e-09,  9.56364e-09,  1.86308e-09,
00:01:37,     97510,   271.1160,  1.06620e-08,  4.00652e-09,  4.56039e-09,  9.77324e-09,  1.07500e-09,  2.54130e-09,  9.49379e-09,  1.86308e-09,
00:01:38,     98073,   273.6283,  1.15489e-08,  3.90870e-09,  4.23550e-09,  9.30746e-09,  9.77175e-10,  2.34565e-09,  9.21429e-09,  1.35446e-09,
00:01:38,     98636,   276.1406,  1.22159e-08,  3.61630e-09,  4.23550e-09,  9.49379e-09,  8.79350e-10,  2.24782e-09,  8.93550e-09,  1.52400e-09,
00:01:39,     99199,   278.3884,  1.11067e-08,  3.81195e-09,  4.34300e-09,  9.12112e-09,  8.79350e-10,  2.15000e-09,  8.72593e-09,  1.52400e-09,
00:01:39,     99762,   280.6362,  1.24382e-08,  3.71412e-09,  3.90941e-09,  8.93479e-09,  9.77175e-10,  2.15000e-09,  8.65600e-09,  1.35446e-09,
00:01:40,    100325,   282.8841,  1.22159e-08,  3.51847e-09,  4.12680e-09,  9.02795e-09,  7.81525e-10,  2.05217e-09,  8.09779e-09,  1.35446e-09,
00:01:40,    100888,   284.9997,  1.22159e-08,  3.42065e-09,  3.80072e-09,  8.93479e-09,  7.81525e-10,  2.15000e-09,  8.37650e-09,  1.35446e-09,
00:01:41,    101451,   286.9831,  1.26606e-08,  3.22500e-09,  4.01811e-09,  8.74948e-09,  7.81525e-10,  1.95435e-09,  8.16764e-09,  1.35446e-09,
00:01:42,    102014,   289.8920,  1.31052e-08,  3.32282e-09,  3.90941e-09,  8.74948e-09,  8.79350e-10,  1.85652e-09,  7.81829e-09,  1.18492e-09,
00:01:42,    102577,   292.0077,  1.39921e-08,  3.12717e-09,  3.90941e-09,  8.28365e-09,  7.81525e-10,  1.95435e-09,  7.74843e-09,  1.18492e-09,
00:01:43,    103140,   293.9911,  1.35474e-08,  2.93152e-09,  3.80072e-09,  8.56314e-09,  7.81525e-10,  1.66195e-09,  7.67857e-09,  1.18679e-09,
00:01:43,    103703,   296.3711,  1.46591e-08,  3.02935e-09,  4.01811e-09,  8.37681e-09,  6.84775e-10,  1.66195e-09,  7.19021e-09,  1.01724e-09,
00:01:44,    104266,   298.6190,  1.48814e-08,  2.93260e-09,  4.01811e-09,  8.46998e-09,  6.83700e-10,  1.66195e-09,  7.26007e-09,  1.35446e-09,
00:01:44,    104829,   300.8668,  1.48814e-08,  2.83477e-09,  4.12680e-09,  8.19048e-09,  6.83700e-10,  1.66195e-09,  7.12034e-09,  1.01724e-09,
00:01:45,    105392,   302.9824,  1.46591e-08,  2.54130e-09,  3.90941e-09,  8.93479e-09,  5.86950e-10,  1.56412e-09,  6.84084e-09,  8.47704e-10,
00:01:45,    105955,   305.3625,  1.53261e-08,  2.83370e-09,  3.69202e-09,  8.19048e-09,  6.84775e-10,  1.66195e-09,  6.91071e-09,  8.47704e-10,
00:01:46,    106518,   307.4781,  1.46591e-08,  2.73695e-09,  3.80072e-09,  8.00414e-09,  5.86950e-10,  1.66195e-09,  6.70109e-09,  1.18492e-09,
00:01:47,    107081,   309.8582,  1.59931e-08,  2.54130e-09,  3.80072e-09,  8.09731e-09,  7.81525e-10,  1.66195e-09,  6.63121e-09,  8.47704e-10,
00:01:47,    107644,   311.9738,  1.44368e-08,  2.44347e-09,  4.12680e-09,  7.91097e-09,  5.85875e-10,  1.17282e-09,  6.49224e-09,  1.18679e-09,
00:01:48,    108207,   314.2217,  1.68799e-08,  2.54130e-09,  4.01811e-09,  8.19048e-09,  8.79350e-10,  1.46630e-09,  6.84084e-09,  6.78163e-10,
00:01:48,    108770,   316.6017,  1.62154e-08,  2.54130e-09,  3.58333e-09,  7.81883e-09,  7.82600e-10,  1.27065e-09,  6.07299e-09,  6.78163e-10,
00:01:49,    109333,   318.9818,  1.59931e-08,  2.44347e-09,  3.58333e-09,  7.91097e-09,  6.84775e-10,  1.27065e-09,  6.35249e-09,  8.47704e-10,
00:01:49,    109896,   321.8908,  1.66576e-08,  2.15000e-09,  3.69202e-09,  7.81883e-09,  4.89125e-10,  1.27065e-09,  6.14286e-09,  8.47704e-10,
00:01:50,    110459,   324.1386,  1.53261e-08,  2.34565e-09,  3.90941e-09,  8.00414e-09,  7.81525e-10,  1.27065e-09,  5.72437e-09,  8.47704e-10,
00:01:51,    111022,   326.5187,  1.64353e-08,  2.24782e-09,  3.90941e-09,  7.81781e-09,  5.86950e-10,  1.46630e-09,  5.79425e-09,  6.78163e-10,
00:01:51,    111585,   328.7666,  1.59931e-08,  2.34565e-09,  3.80072e-09,  8.09731e-09,  5.86950e-10,  1.27065e-09,  5.93323e-09,  8.47704e-10,
00:01:52,    112148,   331.0144,  1.55484e-08,  2.24782e-09,  3.80072e-09,  7.63250e-09,  4.89125e-10,  1.27065e-09,  5.72437e-09,  5.08622e-10,
00:01:52,    112711,   333.3945,  1.57707e-08,  2.05217e-09,  4.01811e-09,  7.81883e-09,  5.86950e-10,  1.17282e-09,  5.72437e-09,  8.47704e-10,
00:01:53,    113274,   335.6423,  1.51038e-08,  1.95435e-09,  3.69202e-09,  7.35300e-09,  6.84775e-10,  1.07500e-09,  5.72437e-09,  6.78163e-10,
00:01:53,    113837,   337.0968,  1.44368e-08,  2.24782e-09,  3.69202e-09,  7.72567e-09,  5.86950e-10,  1.27065e-09,  5.65450e-09,  8.47704e-10,
00:01:54,    114400,   339.3447,  1.51038e-08,  2.24782e-09,  3.58333e-09,  7.44617e-09,  5.86950e-10,  1.17282e-09,  5.79425e-09,  8.47704e-10,
00:01:54,    114963,   341.3281,  1.51038e-08,  1.85652e-09,  3.80072e-09,  7.63250e-09,  5.86950e-10,  1.07500e-09,  5.51475e-09,  1.01724e-09,
00:01:55,    115526,   343.7081,  1.53261e-08,  1.85652e-09,  3.58333e-09,  7.16667e-09,  5.86950e-10,  1.27065e-09,  5.72437e-09,  5.08622e-10,
00:01:56,    116089,   345.9560,  1.35499e-08,  2.05217e-09,  3.36594e-09,  7.44617e-09,  4.89125e-10,  9.77175e-10,  5.86336e-09,  5.08622e-10,
00:01:56,    116652,   348.0716,  1.35499e-08,  1.95435e-09,  3.47463e-09,  7.63250e-09,  4.89125e-10,  1.27065e-09,  5.72437e-09,  6.78163e-10,
00:01:57,    117215,   350.1872,  1.37722e-08,  2.05217e-09,  3.36594e-09,  7.44617e-09,  5.86950e-10,  1.17282e-09,  5.93323e-09,  5.08622e-10,
00:01:57,    117778,   352.5672,  1.44368e-08,  1.95435e-09,  3.58333e-09,  7.72567e-09,  4.89125e-10,  1.17282e-09,  6.14286e-09,  8.47704e-10,
00:01:58,    118341,   354.9473,  1.37722e-08,  1.85652e-09,  3.47463e-09,  7.35300e-09,  5.86950e-10,  1.17282e-09,  6.14286e-09,  8.47704e-10,
00:01:58,    118904,   356.9307,  1.39921e-08,  1.85652e-09,  3.47463e-09,  7.53933e-09,  6.84775e-10,  8.79350e-10,  6.07299e-09,  5.08622e-10,
00:01:59,    119467,   359.3108,  1.31052e-08,  1.95435e-09,  3.25844e-09,  7.53933e-09,  5.86950e-10,  1.07500e-09,  6.28261e-09,  6.78163e-10,
00:02:00,    120030,   361.5586,  1.39921e-08,  1.85652e-09,  3.25724e-09,  7.81781e-09,  5.86950e-10,  1.17282e-09,  6.63199e-09,  6.78163e-10,
00:02:00,    120593,   363.8065,  1.37698e-08,  2.05217e-09,  3.36594e-09,  7.63250e-09,  4.89125e-10,  8.79350e-10,  6.42236e-09,  6.78163e-10,
00:02:01,    121156,   366.4510,  1.37722e-08,  1.75977e-09,  3.25724e-09,  7.53933e-09,  3.91300e-10,  9.77175e-10,  6.70109e-09,  6.78163e-10,
00:02:01,    121719,   368.6988,  1.31052e-08,  1.85652e-09,  3.36594e-09,  7.72567e-09,  4.89125e-10,  1.07500e-09,  6.35249e-09,  6.78163e-10,
00:02:02,    122282,   370.8145,  1.37698e-08,  1.75977e-09,  3.47463e-09,  7.53933e-09,  5.86950e-10,  9.77175e-10,  6.56211e-09,  8.47704e-10,
00:02:02,    122845,   373.1945,  1.26606e-08,  1.95435e-09,  3.25724e-09,  7.44617e-09,  3.91300e-10,  9.77175e-10,  6.35249e-09,  5.08622e-10,
00:02:03,    123408,   375.7068,  1.22159e-08,  1.75977e-09,  3.25724e-09,  7.25983e-09,  3.91300e-10,  9.77175e-10,  6.28261e-09,  8.47704e-10,
00:02:03,    123971,   377.6902,  1.31052e-08,  1.95435e-09,  3.25724e-09,  7.63250e-09,  4.89125e-10,  8.79350e-10,  6.00311e-09,  6.78163e-10,
00:02:04,    124534,   379.9381,  1.28829e-08,  1.66195e-09,  3.04106e-09,  7.63250e-09,  4.89125e-10,  1.17282e-09,  5.79425e-09,  6.78163e-10,
00:02:05,    125097,   382.1859,  1.24382e-08,  1.66195e-09,  3.69202e-09,  7.91200e-09,  4.89125e-10,  9.77175e-10,  5.51475e-09,  5.08622e-10,
00:02:05,    125660,   384.4338,  1.19936e-08,  1.75977e-09,  3.14856e-09,  7.53933e-09,  4.89125e-10,  1.07500e-09,  5.79425e-09,  6.78163e-10,
00:02:06,    126223,   386.5494,  1.26606e-08,  1.56412e-09,  3.25844e-09,  7.44617e-09,  4.89125e-10,  8.79350e-10,  5.37500e-09,  6.78163e-10,
00:02:06,    126786,   388.7972,  1.24382e-08,  1.56412e-09,  3.36594e-09,  7.91097e-09,  4.89125e-10,  7.81525e-10,  5.44487e-09,  5.08622e-10,
00:02:07,    127349,   391.0451,  1.19936e-08,  1.66195e-09,  3.36594e-09,  7.35300e-09,  3.91300e-10,  8.79350e-10,  5.16537e-09,  6.78163e-10,
00:02:07,    127912,   393.2929,  1.15489e-08,  1.66195e-09,  3.14856e-09,  7.81883e-09,  4.89125e-10,  9.77175e-10,  5.23525e-09,  5.08622e-10,
00:02:08,    128475,   395.6730,  1.31052e-08,  1.66195e-09,  3.04106e-09,  7.81781e-09,  4.89125e-10,  7.81525e-10,  5.23525e-09,  6.78163e-10,
00:02:09,    129038,   398.0531,  1.26606e-08,  1.66195e-09,  3.25724e-09,  8.46998e-09,  3.91300e-10,  8.79350e-10,  5.16537e-09,  5.08622e-10,
00:02:09,    129601,   399.9042,  1.11067e-08,  1.66195e-09,  3.14856e-09,  8.00414e-09,  4.89125e-10,  8.79350e-10,  4.95651e-09,  6.78163e-10,
00:02:10,    130164,   402.2843,  1.11067e-08,  1.56412e-09,  3.04106e-09,  8.19048e-09,  3.91300e-10,  7.81525e-10,  5.02639e-09,  6.78163e-10,
00:02:10,    130727,   404.6644,  1.17713e-08,  1.75870e-09,  3.14856e-09,  8.46998e-09,  5.86950e-10,  8.79350e-10,  5.09626e-09,  3.39081e-10,
00:02:11,    131290,   407.0445,  1.11067e-08,  1.46630e-09,  2.93236e-09,  8.19048e-09,  4.89125e-10,  8.79350e-10,  4.67701e-09,  5.08622e-10,
00:02:11,    131853,   409.2923,  1.19936e-08,  1.56412e-09,  3.04106e-09,  8.65631e-09,  6.84775e-10,  8.79350e-10,  4.74689e-09,  5.08622e-10,
00:02:12,    132416,   411.5401,  1.13266e-08,  1.56412e-09,  3.25724e-09,  8.65631e-09,  4.89125e-10,  1.07500e-09,  4.88664e-09,  6.78163e-10,
00:02:12,    132979,   413.7880,  1.08844e-08,  1.56412e-09,  2.82367e-09,  8.56314e-09,  4.89125e-10,  8.79350e-10,  4.74689e-09,  6.78163e-10,
00:02:13,    133542,   415.7713,  1.26606e-08,  1.56412e-09,  3.04106e-09,  9.12112e-09,  4.89125e-10,  9.77175e-10,  4.67701e-09,  5.08622e-10,
00:02:14,    134105,   418.1514,  1.17713e-08,  1.75870e-09,  3.36594e-09,  8.93479e-09,  4.89125e-10,  9.77175e-10,  4.60714e-09,  6.78163e-10,
00:02:14,    134668,   420.5315,  1.13290e-08,  1.46630e-09,  3.47463e-09,  9.49379e-09,  5.86950e-10,  9.77175e-10,  4.53726e-09,  3.39081e-10,
00:02:15,    135231,   422.6471,  1.13266e-08,  1.56412e-09,  2.93236e-09,  9.68010e-09,  3.91300e-10,  8.79350e-10,  4.67701e-09,  5.08622e-10,
00:02:15,    135794,   425.1594,  1.04397e-08,  1.46630e-09,  3.04106e-09,  9.86543e-09,  4.89125e-10,  8.79350e-10,  4.46739e-09,  6.78163e-10,
00:02:16,    136357,   427.1428,  1.15489e-08,  1.56412e-09,  3.04106e-09,  9.86638e-09,  4.89125e-10,  8.79350e-10,  4.60714e-09,  5.08622e-10,
00:02:16,    136920,   429.2584,  1.11067e-08,  1.66195e-09,  3.25724e-09,  9.30746e-09,  3.91300e-10,  8.79350e-10,  4.74689e-09,  5.08622e-10,
00:02:17,    137483,   431.7707,  1.17713e-08,  1.46630e-09,  3.14856e-09,  9.58695e-09,  4.89125e-10,  9.77175e-10,  4.53726e-09,  6.78163e-10,
00:02:18,    138046,   433.8863,  1.11042e-08,  1.75870e-09,  2.82367e-09,  1.04244e-08,  5.86950e-10,  9.77175e-10,  4.25854e-09,  6.78163e-10,
00:02:18,    138609,   436.2664,  1.08844e-08,  1.56412e-09,  2.93236e-09,  1.02381e-08,  4.89125e-10,  7.81525e-10,  4.46739e-09,  3.39081e-10,
00:02:19,    139172,   438.3820,  1.04397e-08,  1.56412e-09,  3.25724e-09,  1.02381e-08,  4.89125e-10,  9.77175e-10,  4.53726e-09,  8.47704e-10,
00:02:19,    139735,   440.8943,  1.11067e-08,  1.66195e-09,  3.14974e-09,  1.07039e-08,  6.84775e-10,  7.81525e-10,  4.18866e-09,  5.08622e-10,
00:02:20,    140298,   443.1422,  1.15514e-08,  1.66195e-09,  3.04106e-09,  1.04244e-08,  5.86950e-10,  1.07500e-09,  4.53726e-09,  5.08622e-10,
00:02:20,    140861,   445.3900,  1.19936e-08,  1.36847e-09,  3.04106e-09,  1.06108e-08,  4.89125e-10,  8.79350e-10,  4.39751e-09,  8.47704e-10,
00:02:21,    141424,   447.6379,  1.02174e-08,  1.46630e-09,  3.04106e-09,  1.09824e-08,  4.89125e-10,  1.17282e-09,  4.32764e-09,  6.78163e-10,
00:02:21,    141987,   449.7535,  1.11067e-08,  1.56412e-09,  3.25724e-09,  1.09824e-08,  5.86950e-10,  8.79350e-10,  4.32764e-09,  5.08622e-10,
00:02:22,    142550,   452.1336,  1.11067e-08,  1.46630e-09,  3.14856e-09,  1.07039e-08,  5.86950e-10,  8.79350e-10,  4.39751e-09,  5.08622e-10,
00:02:23,    143113,   454.2492,  1.15514e-08,  1.36847e-09,  3.14856e-09,  1.09824e-08,  5.86950e-10,  9.77175e-10,  4.32841e-09,  5.08622e-10,
00:02:23,    143676,   456.4970,  1.11067e-08,  1.36847e-09,  2.93236e-09,  1.11687e-08,  3.91300e-10,  8.79350e-10,  4.32764e-09,  3.39081e-10,
00:02:24,    144239,   458.8771,  1.11067e-08,  1.75977e-09,  3.14856e-09,  1.13550e-08,  4.89125e-10,  9.77175e-10,  4.11879e-09,  3.39081e-10,
00:02:24,    144802,   460.8605,  1.02174e-08,  1.66195e-09,  2.93236e-09,  1.09824e-08,  3.91300e-10,  9.77175e-10,  4.32841e-09,  5.08622e-10,
00:02:25,    145365,   463.3728,  1.06620e-08,  1.56412e-09,  2.93236e-09,  1.04244e-08,  4.89125e-10,  9.77175e-10,  4.32764e-09,  6.78163e-10,
00:02:25,    145928,   465.7529,  1.04397e-08,  1.66195e-09,  2.71497e-09,  1.10755e-08,  4.89125e-10,  1.07500e-09,  4.11879e-09,  3.39081e-10,
00:02:26,    146491,   468.0007,  1.15489e-08,  1.56412e-09,  2.93236e-09,  1.09824e-08,  4.89125e-10,  1.07500e-09,  4.18866e-09,  3.39081e-10,
00:02:27,    147054,   469.9841,  1.04397e-08,  1.66195e-09,  3.04106e-09,  1.16346e-08,  5.86950e-10,  9.77175e-10,  4.46739e-09,  6.78163e-10,
00:02:27,    147617,   472.2319,  1.02174e-08,  1.75977e-09,  3.25724e-09,  1.09824e-08,  4.89125e-10,  8.79350e-10,  3.97904e-09,  5.08622e-10,
00:02:28,    148180,   474.4798,  1.17713e-08,  1.56412e-09,  3.14974e-09,  1.10755e-08,  4.89125e-10,  8.79350e-10,  3.97904e-09,  5.08622e-10,
00:02:28,    148743,   476.9921,  1.04397e-08,  1.46630e-09,  3.04106e-09,  1.10755e-08,  4.89125e-10,  1.07500e-09,  4.25854e-09,  5.08622e-10,
00:02:29,    149306,   479.1077,  1.04397e-08,  1.56412e-09,  3.14974e-09,  1.10755e-08,  3.91300e-10,  1.07500e-09,  3.97904e-09,  6.78163e-10,
00:02:29,    149869,   481.2233,  1.06620e-08,  1.17282e-09,  2.93236e-09,  1.08902e-08,  4.89125e-10,  8.79350e-10,  3.90916e-09,  6.78163e-10,
00:02:30,    150432,   483.3390,  1.06620e-08,  1.56412e-09,  3.25724e-09,  1.08902e-08,  5.86950e-10,  1.07500e-09,  4.25854e-09,  5.08622e-10,
00:02:30,    150995,   485.9835,  1.04397e-08,  1.56412e-09,  3.36594e-09,  1.00517e-08,  5.86950e-10,  9.77175e-10,  4.25854e-09,  6.78163e-10,
00:02:31,    151558,   488.0991,  1.02174e-08,  1.66195e-09,  3.04106e-09,  1.03312e-08,  3.91300e-10,  1.07500e-09,  4.11879e-09,  6.78163e-10,
00:02:32,    152121,   490.6114,  1.08844e-08,  1.36847e-09,  3.04106e-09,  1.03312e-08,  5.86950e-10,  9.77175e-10,  4.25854e-09,  5.08622e-10,
00:02:32,    152684,   492.8592,  1.04397e-08,  1.66195e-09,  3.04106e-09,  9.68010e-09,  5.86950e-10,  8.79350e-10,  4.04891e-09,  5.08622e-10,
00:02:33,    153247,   495.1071,  1.02174e-08,  1.46630e-09,  3.04106e-09,  9.77324e-09,  4.89125e-10,  8.79350e-10,  4.04891e-09,  6.78163e-10,
00:02:33,    153810,   497.2227,  1.06620e-08,  1.36847e-09,  2.93236e-09,  9.68010e-09,  3.91300e-10,  8.79350e-10,  3.97904e-09,  5.08622e-10,
00:02:34,    154373,   499.6027,  9.99505e-09,  1.36847e-09,  3.14856e-09,  9.21429e-09,  4.89125e-10,  1.07500e-09,  4.04891e-09,  6.78163e-10,
00:02:34,    154936,   501.8506,  1.06620e-08,  1.27065e-09,  3.14974e-09,  9.30746e-09,  4.89125e-10,  7.81525e-10,  4.25854e-09,  5.08622e-10,
00:02:35,    155499,   504.0984,  1.02174e-08,  1.56412e-09,  3.14974e-09,  9.02795e-09,  3.91300e-10,  1.07500e-09,  4.11879e-09,  5.08622e-10,
00:02:36,    156062,   506.2141,  1.02174e-08,  1.56412e-09,  3.04106e-09,  9.12112e-09,  2.93475e-10,  7.81525e-10,  4.04891e-09,  5.08622e-10,
00:02:36,    156625,   508.5941,  1.08844e-08,  1.66195e-09,  2.93236e-09,  8.93479e-09,  2.93475e-10,  1.07500e-09,  4.11879e-09,  5.08622e-10,
00:02:37,    157188,   510.9742,  1.02174e-08,  1.46630e-09,  3.04106e-09,  8.19048e-09,  3.91300e-10,  9.77175e-10,  3.97904e-09,  5.08622e-10,
00:02:37,    157751,   512.9576,  1.02174e-08,  1.75977e-09,  3.14856e-09,  8.56314e-09,  3.91300e-10,  9.77175e-10,  4.11879e-09,  6.78163e-10,
00:02:38,    158314,   515.4699,  1.06620e-08,  1.46630e-09,  2.93236e-09,  8.28365e-09,  4.89125e-10,  9.77175e-10,  3.90916e-09,  8.47704e-10,
00:02:38,    158877,   517.8499,  9.99505e-09,  1.36847e-09,  2.93236e-09,  8.37681e-09,  2.93475e-10,  1.07500e-09,  4.04891e-09,  6.78163e-10,
00:02:39,    159440,   520.0978,  1.06620e-08,  1.66195e-09,  3.14856e-09,  8.37681e-09,  3.91300e-10,  1.17282e-09,  4.25854e-09,  6.78163e-10,
00:02:40,    160003,   521.9490,  1.08844e-08,  1.66195e-09,  3.14856e-09,  7.81781e-09,  2.93475e-10,  1.07500e-09,  4.11879e-09,  6.78163e-10,
00:02:40,    160566,   524.7257,  9.77273e-09,  1.36847e-09,  3.36594e-09,  8.28365e-09,  5.86950e-10,  9.77175e-10,  4.04891e-09,  5.08622e-10,
00:02:41,    161129,   526.7091,  1.02174e-08,  1.36847e-09,  3.14974e-09,  7.91097e-09,  5.86950e-10,  9.77175e-10,  4.18866e-09,  6.78163e-10,
00:02:41,    161692,   528.8247,  9.99505e-09,  1.46630e-09,  3.04106e-09,  7.91097e-09,  3.91300e-10,  1.07500e-09,  3.83929e-09,  6.78163e-10,
00:02:42,    162255,   531.2048,  9.99505e-09,  1.75977e-09,  3.03986e-09,  8.00414e-09,  4.89125e-10,  1.07500e-09,  4.11879e-09,  6.78163e-10,
00:02:42,    162818,   533.3204,  1.04397e-08,  1.56412e-09,  2.93236e-09,  7.91097e-09,  4.89125e-10,  1.07500e-09,  4.39751e-09,  5.08622e-10,
00:02:43,    163381,   535.7005,  1.06620e-08,  1.46630e-09,  3.04106e-09,  7.81781e-09,  6.84775e-10,  1.07500e-09,  3.90916e-09,  3.39081e-10,
00:02:43,    163944,   538.0806,  1.02174e-08,  1.56412e-09,  2.82367e-09,  8.00414e-09,  5.86950e-10,  9.77175e-10,  4.39751e-09,  5.08622e-10,
00:02:44,    164507,   540.1962,  9.99505e-09,  1.36847e-09,  2.93236e-09,  7.81781e-09,  4.89125e-10,  9.77175e-10,  4.18866e-09,  1.01724e-09,
00:02:45,    165070,   542.5763,  9.99505e-09,  1.46630e-09,  2.93236e-09,  7.91097e-09,  5.86950e-10,  1.07500e-09,  4.11879e-09,  8.47704e-10,
00:02:45,    165633,   544.6919,  9.99505e-09,  1.56412e-09,  3.04106e-09,  7.63250e-09,  5.86950e-10,  1.17282e-09,  4.04891e-09,  6.78163e-10,
00:02:46,    166196,   546.9397,  9.77273e-09,  1.66195e-09,  2.82367e-09,  7.81781e-09,  4.89125e-10,  1.27065e-09,  4.04891e-09,  5.08622e-10,
00:02:46,    166759,   549.0553,  1.06620e-08,  1.66195e-09,  2.71497e-09,  7.44617e-09,  4.89125e-10,  1.27065e-09,  3.97904e-09,  6.78163e-10,
00:02:47,    167322,   551.1710,  9.99505e-09,  1.56412e-09,  2.93236e-09,  7.53933e-09,  3.91300e-10,  1.17282e-09,  4.25854e-09,  5.08622e-10,
00:02:47,    167885,   553.5510,  9.99505e-09,  1.75977e-09,  3.25724e-09,  7.63250e-09,  3.91300e-10,  1.17282e-09,  3.97904e-09,  6.78163e-10,
00:02:48,    168448,   555.9311,  1.06620e-08,  1.36847e-09,  2.93236e-09,  7.63250e-09,  3.91300e-10,  1.07500e-09,  4.18866e-09,  6.78163e-10,
00:02:49,    169011,   558.1789,  9.77273e-09,  1.56412e-09,  3.04106e-09,  7.81781e-09,  3.91300e-10,  1.17282e-09,  4.18866e-09,  6.78163e-10,
00:02:49,    169574,   560.5590,  1.02174e-08,  1.75977e-09,  3.14974e-09,  8.28365e-09,  5.86950e-10,  1.17282e-09,  4.04891e-09,  5.08622e-10,
00:02:50,    170137,   562.8068,  1.06620e-08,  1.46630e-09,  3.47463e-09,  7.63250e-09,  3.91300e-10,  1.17282e-09,  4.18866e-09,  6.78163e-10,
00:02:50,    170700,   564.9224,  1.02174e-08,  1.66195e-09,  3.04106e-09,  7.81781e-09,  4.89125e-10,  1.07500e-09,  4.04891e-09,  8.47704e-10,
00:02:51,    171263,   567.3026,  9.32807e-09,  1.46630e-09,  2.93236e-09,  7.53933e-09,  4.89125e-10,  7.81525e-10,  4.11879e-09,  6.78163e-10,
00:02:51,    171826,   569.4182,  9.99505e-09,  1.66195e-09,  3.04106e-09,  7.72567e-09,  4.89125e-10,  9.77175e-10,  4.04891e-09,  6.78163e-10,
00:02:52,    172389,   571.9304,  9.99505e-09,  1.75977e-09,  3.04106e-09,  8.00414e-09,  5.86950e-10,  1.07500e-09,  4.18866e-09,  5.08622e-10,
00:02:52,    172952,   574.1783,  9.77273e-09,  1.56412e-09,  2.93236e-09,  8.09731e-09,  3.91300e-10,  1.17282e-09,  4.18866e-09,  6.78163e-10,
00:02:53,    173515,   576.1617,  9.55039e-09,  1.46630e-09,  3.04106e-09,  7.44617e-09,  5.86950e-10,  9.77175e-10,  3.90916e-09,  6.78163e-10,
00:02:54,    174078,   578.5418,  9.77273e-09,  1.56412e-09,  3.14974e-09,  7.35300e-09,  4.89125e-10,  9.77175e-10,  4.04891e-09,  5.08622e-10,
00:02:54,    174641,   580.7896,  9.77273e-09,  1.66195e-09,  3.36594e-09,  7.44617e-09,  3.91300e-10,  1.27065e-09,  3.90916e-09,  6.78163e-10,
00:02:55,    175204,   582.9052,  9.10573e-09,  1.66195e-09,  3.25724e-09,  7.81883e-09,  4.89125e-10,  9.77175e-10,  3.90916e-09,  6.78163e-10,
00:02:55,    175767,   585.2853,  9.99505e-09,  1.56412e-09,  3.04106e-09,  7.81883e-09,  6.84775e-10,  1.27065e-09,  4.11879e-09,  8.47704e-10,
00:02:56,    176330,   587.4009,  9.99505e-09,  1.36847e-09,  2.82367e-09,  7.63250e-09,  3.91300e-10,  9.77175e-10,  4.11879e-09,  6.78163e-10,
00:02:56,    176893,   589.9132,  9.32807e-09,  1.66195e-09,  3.04106e-09,  7.25983e-09,  4.89125e-10,  1.17282e-09,  3.97904e-09,  6.78163e-10,
00:02:57,    177456,   592.0288,  9.77273e-09,  1.75977e-09,  3.04106e-09,  7.25983e-09,  4.89125e-10,  9.77175e-10,  3.83929e-09,  8.47704e-10,
00:02:58,    178019,   594.5412,  9.55039e-09,  1.75977e-09,  3.36594e-09,  7.72567e-09,  3.91300e-10,  1.07500e-09,  4.25854e-09,  5.08622e-10,
00:02:58,    178582,   596.6568,  1.04397e-08,  1.46630e-09,  3.14974e-09,  7.35300e-09,  5.86950e-10,  1.17282e-09,  4.11879e-09,  6.78163e-10,
00:02:59,    179145,   598.9046,  9.32807e-09,  1.56412e-09,  2.82367e-09,  7.72567e-09,  4.89125e-10,  9.77175e-10,  3.97904e-09,  5.08622e-10,
00:02:59,    179708,   601.1524,  9.99505e-09,  1.56412e-09,  2.93236e-09,  7.53933e-09,  3.91300e-10,  1.17282e-09,  4.04891e-09,  8.47704e-10,
00:03:00,    180271,   603.2681,  9.55039e-09,  1.56412e-09,  3.25724e-09,  7.44617e-09,  3.91300e-10,  1.07500e-09,  3.90916e-09,  6.78163e-10,
00:03:00,    180834,   605.6482,  9.55039e-09,  1.56412e-09,  3.04106e-09,  7.35300e-09,  3.91300e-10,  9.77175e-10,  3.90916e-09,  6.78163e-10,
00:03:01,    181397,   607.7638,  9.99505e-09,  1.46630e-09,  2.93236e-09,  7.81883e-09,  2.93475e-10,  1.07500e-09,  3.90916e-09,  6.78163e-10,
00:03:01,    181960,   610.0116,  9.77273e-09,  1.56412e-09,  3.14974e-09,  7.63250e-09,  3.91300e-10,  1.17282e-09,  3.83929e-09,  6.78163e-10,
00:03:02,    182523,   612.5239,  9.10573e-09,  1.46630e-09,  3.25844e-09,  7.35300e-09,  3.91300e-10,  8.79350e-10,  4.18866e-09,  6.78163e-10,
00:03:03,    183086,   614.7718,  8.88341e-09,  1.66195e-09,  2.82367e-09,  7.72567e-09,  3.91300e-10,  9.77175e-10,  3.90916e-09,  6.78163e-10,
00:03:03,    183648,   617.0196,  1.04397e-08,  1.66195e-09,  3.25724e-09,  7.44617e-09,  4.89125e-10,  1.07500e-09,  3.76941e-09,  6.78163e-10,
00:03:04,    184210,   619.3997,  9.77273e-09,  1.46630e-09,  3.14856e-09,  7.07350e-09,  4.89125e-10,  8.79350e-10,  3.83929e-09,  6.78163e-10,
00:03:04,    184773,   621.5153,  9.77273e-09,  1.56412e-09,  2.93236e-09,  7.91097e-09,  4.89125e-10,  7.81525e-10,  4.04891e-09,  5.08622e-10,
00:03:05,    185336,   623.7631,  9.32807e-09,  1.66195e-09,  2.93236e-09,  7.63250e-09,  3.91300e-10,  1.07500e-09,  3.69954e-09,  5.08622e-10,
00:03:05,    185899,   625.7465,  8.66352e-09,  1.46630e-09,  3.04106e-09,  7.16667e-09,  3.91300e-10,  9.77175e-10,  4.11879e-09,  6.78163e-10,
00:03:06,    186462,   628.2588,  9.10573e-09,  1.75977e-09,  3.04106e-09,  7.44617e-09,  4.89125e-10,  9.77175e-10,  3.97904e-09,  6.78163e-10,
00:03:07,    187025,   630.5067,  8.88584e-09,  1.56412e-09,  3.04106e-09,  7.35300e-09,  4.89125e-10,  9.77175e-10,  3.62966e-09,  8.47704e-10,
00:03:07,    187588,   632.8867,  9.32807e-09,  1.66195e-09,  3.14856e-09,  7.16667e-09,  1.95650e-10,  9.77175e-10,  3.69954e-09,  6.78163e-10,
00:03:08,    188151,   635.1345,  9.77273e-09,  1.66195e-09,  3.25724e-09,  7.25983e-09,  3.91300e-10,  9.77175e-10,  3.97904e-09,  5.08622e-10,
00:03:08,    188714,   637.3824,  9.10573e-09,  1.36847e-09,  2.82367e-09,  7.35300e-09,  3.91300e-10,  8.79350e-10,  3.69954e-09,  6.78163e-10,
00:03:09,    189277,   639.6303,  9.55039e-09,  1.46630e-09,  3.04106e-09,  7.53933e-09,  4.89125e-10,  1.07500e-09,  3.49068e-09,  6.78163e-10,
00:03:09,    189840,   641.6137,  9.32807e-09,  1.75977e-09,  3.04106e-09,  7.53933e-09,  3.91300e-10,  9.77175e-10,  3.83929e-09,  5.08622e-10,
00:03:10,    190403,   643.8615,  9.55039e-09,  1.46630e-09,  3.47463e-09,  7.35300e-09,  4.89125e-10,  8.79350e-10,  3.69954e-09,  6.78163e-10,
00:03:10,    190966,   646.1093,  9.10573e-09,  1.36847e-09,  2.71497e-09,  7.53933e-09,  5.86950e-10,  8.79350e-10,  3.69954e-09,  5.08622e-10,
00:03:11,    191529,   648.4894,  9.55039e-09,  1.56412e-09,  2.93236e-09,  7.91097e-09,  3.91300e-10,  1.07500e-09,  3.76941e-09,  6.78163e-10,
00:03:12,    192092,   650.7373,  8.88341e-09,  1.36847e-09,  3.25724e-09,  7.16667e-09,  3.91300e-10,  8.79350e-10,  3.76941e-09,  6.78163e-10,
00:03:12,    192655,   652.9851,  8.66352e-09,  1.46630e-09,  3.14974e-09,  8.00414e-09,  4.89125e-10,  9.77175e-10,  3.76941e-09,  6.78163e-10,
00:03:13,    193218,   655.2329,  9.32807e-09,  1.36847e-09,  3.14974e-09,  7.81781e-09,  4.89125e-10,  1.07500e-09,  3.90916e-09,  5.08622e-10,
00:03:13,    193781,   657.4808,  8.66352e-09,  1.66195e-09,  2.93236e-09,  7.44617e-09,  4.89125e-10,  8.79350e-10,  3.76941e-09,  6.78163e-10,
00:03:14,    194344,   659.7287,  9.77273e-09,  1.46630e-09,  2.82367e-09,  7.53933e-09,  4.89125e-10,  1.07500e-09,  3.69954e-09,  6.78163e-10,
00:03:14,    194907,   661.9765,  9.32807e-09,  1.66195e-09,  2.93236e-09,  8.00414e-09,  3.91300e-10,  9.77175e-10,  3.62966e-09,  5.08622e-10,
00:03:15,    195470,   664.3565,  8.88341e-09,  1.75977e-09,  3.04106e-09,  7.16667e-09,  3.91300e-10,  8.79350e-10,  3.76941e-09,  5.08622e-10,
00:03:16,    196033,   666.3399,  9.99505e-09,  1.46630e-09,  2.82367e-09,  7.44617e-09,  3.91300e-10,  9.77175e-10,  3.56055e-09,  6.78163e-10,
00:03:16,    196596,   668.7200,  8.88584e-09,  1.46630e-09,  3.04106e-09,  7.53933e-09,  4.89125e-10,  8.79350e-10,  3.49068e-09,  6.78163e-10,
00:03:17,    197159,   670.8357,  9.32807e-09,  1.46630e-09,  3.14856e-09,  7.53933e-09,  3.91300e-10,  1.07500e-09,  3.56055e-09,  5.08622e-10,
00:03:17,    197721,   673.0835,  9.32807e-09,  1.36847e-09,  3.14974e-09,  7.53933e-09,  4.89125e-10,  7.81525e-10,  3.69954e-09,  5.08622e-10,
00:03:18,    198284,   675.5958,  9.55039e-09,  1.56412e-09,  2.93236e-09,  7.44617e-09,  3.91300e-10,  8.79350e-10,  3.56055e-09,  6.78163e-10,
00:03:18,    198847,   677.8436,  9.32807e-09,  1.46630e-09,  3.25724e-09,  7.72567e-09,  4.89125e-10,  9.77175e-10,  3.83929e-09,  8.47704e-10,
00:03:19,    199410,   679.9593,  8.21886e-09,  1.46630e-09,  2.93236e-09,  7.53933e-09,  4.89125e-10,  9.77175e-10,  3.49068e-09,  8.47704e-10,
00:03:19,    199973,   682.4715,  8.88584e-09,  1.46630e-09,  2.93236e-09,  7.63250e-09,  3.91300e-10,  9.77175e-10,  3.62966e-09,  5.08622e-10,
00:03:20,    200536,   684.5872,  9.10573e-09,  1.56412e-09,  3.14974e-09,  7.81883e-09,  4.89125e-10,  7.81525e-10,  3.69954e-09,  3.39081e-10,
00:03:21,    201099,   686.9672,  8.66352e-09,  1.36847e-09,  2.93236e-09,  7.35300e-09,  2.93475e-10,  7.81525e-10,  3.62966e-09,  5.08622e-10,
00:03:21,    201662,   689.0828,  9.32807e-09,  1.46630e-09,  3.36594e-09,  7.16667e-09,  5.86950e-10,  7.81525e-10,  3.49068e-09,  6.78163e-10,
00:03:22,    202225,   691.4629,  9.32807e-09,  1.56412e-09,  3.14856e-09,  7.63250e-09,  4.89125e-10,  7.81525e-10,  3.69954e-09,  8.47704e-10,
00:03:22,    202788,   693.7108,  8.21886e-09,  1.66195e-09,  3.04106e-09,  7.53933e-09,  3.91300e-10,  8.79350e-10,  3.69954e-09,  8.47704e-10,
00:03:23,    203351,   695.8264,  8.88584e-09,  1.46630e-09,  2.82367e-09,  8.19048e-09,  3.91300e-10,  7.81525e-10,  3.55979e-09,  5.08622e-10,
00:03:23,    203914,   698.2064,  9.10573e-09,  1.36847e-09,  3.04106e-09,  7.72567e-09,  5.86950e-10,  8.79350e-10,  3.56055e-09,  6.78163e-10,
00:03:24,    204477,   700.0576,  8.88584e-09,  1.36847e-09,  3.14974e-09,  7.63250e-09,  2.93475e-10,  8.79350e-10,  3.55979e-09,  5.08622e-10,
00:03:25,    205040,   702.7021,  9.32807e-09,  1.46630e-09,  3.14856e-09,  7.81883e-09,  5.86950e-10,  8.79350e-10,  3.42080e-09,  3.39081e-10,
00:03:25,    205603,   705.0822,  9.32807e-09,  1.46630e-09,  2.93236e-09,  7.72567e-09,  4.89125e-10,  7.81525e-10,  3.56055e-09,  5.08622e-10,
00:03:26,    206166,   707.1978,  9.10573e-09,  1.56412e-09,  3.14974e-09,  7.81883e-09,  4.89125e-10,  7.81525e-10,  3.69954e-09,  5.08622e-10,
00:03:26,    206729,   709.3134,  9.10573e-09,  1.56412e-09,  2.93236e-09,  8.09731e-09,  3.91300e-10,  7.81525e-10,  3.69954e-09,  3.39081e-10,
00:03:27,    207292,   711.5613,  8.44118e-09,  1.66195e-09,  2.93236e-09,  7.91097e-09,  4.89125e-10,  8.79350e-10,  3.69954e-09,  5.08622e-10,
00:03:27,    207855,   713.8091,  9.32807e-09,  1.36847e-09,  2.93236e-09,  7.63250e-09,  2.93475e-10,  8.79350e-10,  3.55979e-09,  6.78163e-10,
00:03:28,    208418,   716.0570,  9.32807e-09,  1.46630e-09,  3.25724e-09,  7.63250e-09,  3.91300e-10,  1.07500e-09,  3.62966e-09,  3.39081e-10,
00:03:28,    208981,   718.1726,  8.66352e-09,  1.46630e-09,  3.14856e-09,  7.53933e-09,  4.89125e-10,  8.79350e-10,  3.62966e-09,  5.08622e-10,
00:03:29,    209544,   720.5527,  1.02174e-08,  1.36847e-09,  3.14974e-09,  7.81883e-09,  3.91300e-10,  8.79350e-10,  3.69954e-09,  8.47704e-10,
00:03:30,    210107,   723.0650,  9.10573e-09,  1.27065e-09,  3.25724e-09,  7.53933e-09,  3.91300e-10,  7.81525e-10,  3.62966e-09,  6.78163e-10,
00:03:30,    210670,   725.1806,  8.88584e-09,  1.27065e-09,  3.14856e-09,  7.63250e-09,  3.91300e-10,  8.79350e-10,  3.69954e-09,  5.08622e-10,
00:03:31,    211233,   727.5606,  9.32807e-09,  1.56412e-09,  3.04106e-09,  7.53933e-09,  3.91300e-10,  9.77175e-10,  3.49068e-09,  5.08622e-10,
00:03:31,    211796,   729.6763,  8.44118e-09,  1.56412e-09,  3.25724e-09,  7.63250e-09,  4.89125e-10,  9.77175e-10,  3.55979e-09,  5.08622e-10,
00:03:32,    212359,   731.9241,  8.21886e-09,  1.56412e-09,  2.71497e-09,  7.53933e-09,  4.89125e-10,  7.81525e-10,  3.35093e-09,  6.78163e-10,
00:03:32,    212922,   734.3042,  9.32807e-09,  1.46630e-09,  2.93236e-09,  7.16667e-09,  2.93475e-10,  8.79350e-10,  3.56055e-09,  6.78163e-10,
00:03:33,    213485,   736.2876,  9.10573e-09,  1.46630e-09,  3.25724e-09,  7.25983e-09,  4.89125e-10,  7.81525e-10,  3.42080e-09,  5.08622e-10,
00:03:34,    214048,   738.4032,  8.21886e-09,  1.66195e-09,  3.25724e-09,  7.72567e-09,  3.91300e-10,  8.79350e-10,  3.62966e-09,  5.08622e-10,
00:03:34,    214611,   740.6510,  8.44118e-09,  1.46630e-09,  3.14856e-09,  7.44617e-09,  3.91300e-10,  8.79350e-10,  3.49068e-09,  5.08622e-10,
00:03:35,    215174,   743.4278,  8.88584e-09,  1.36847e-09,  3.14856e-09,  7.44617e-09,  4.89125e-10,  7.81525e-10,  3.76941e-09,  5.08622e-10,
00:03:35,    215737,   745.6756,  9.10573e-09,  1.27065e-09,  3.14974e-09,  7.35300e-09,  4.89125e-10,  7.81525e-10,  3.49068e-09,  3.39081e-10,
00:03:36,    216300,   747.7913,  9.55039e-09,  1.46630e-09,  3.04106e-09,  7.63250e-09,  3.91300e-10,  9.77175e-10,  3.35093e-09,  5.08622e-10,
00:03:36,    216863,   749.9069,  8.66352e-09,  1.46630e-09,  3.14856e-09,  7.53933e-09,  2.93475e-10,  1.07500e-09,  3.42080e-09,  5.08622e-10,
00:03:37,    217426,   752.2870,  8.66352e-09,  1.46630e-09,  3.36594e-09,  7.35300e-09,  3.91300e-10,  9.77175e-10,  3.62966e-09,  6.78163e-10,
00:03:37,    217989,   754.5348,  8.44118e-09,  1.36847e-09,  3.04106e-09,  7.07350e-09,  3.91300e-10,  8.79350e-10,  3.62966e-09,  3.39081e-10,
00:03:38,    218552,   756.9149,  9.10573e-09,  1.46630e-09,  3.25724e-09,  7.44617e-09,  4.89125e-10,  9.77175e-10,  3.35093e-09,  5.08622e-10,
00:03:39,    219115,   759.1627,  9.32807e-09,  1.56412e-09,  3.25724e-09,  7.25983e-09,  4.89125e-10,  9.77175e-10,  3.42080e-09,  6.78163e-10,
00:03:39,    219678,   761.4105,  8.88341e-09,  1.36847e-09,  3.14974e-09,  7.44617e-09,  4.89125e-10,  6.83700e-10,  3.42080e-09,  3.39081e-10,
00:03:40,    220241,   763.5261,  7.99652e-09,  1.27065e-09,  2.93236e-09,  7.35300e-09,  4.89125e-10,  9.77175e-10,  3.35093e-09,  5.08622e-10,
00:03:40,    220804,   765.7740,  9.77273e-09,  1.56412e-09,  3.14856e-09,  7.16667e-09,  3.91300e-10,  6.83700e-10,  3.35093e-09,  5.08622e-10,
00:03:41,    221367,   768.2863,  8.44118e-09,  1.46630e-09,  3.25724e-09,  7.35300e-09,  5.86950e-10,  6.83700e-10,  3.35093e-09,  6.78163e-10,
00:03:41,    221930,   770.2697,  8.88341e-09,  1.36847e-09,  3.14974e-09,  7.63250e-09,  4.89125e-10,  8.79350e-10,  3.49068e-09,  6.78163e-10,
00:03:42,    222493,   772.7820,  8.44118e-09,  1.27065e-09,  3.25724e-09,  7.35300e-09,  3.91300e-10,  8.79350e-10,  3.35093e-09,  6.78163e-10,
00:03:43,    223056,   774.6331,  9.32807e-09,  1.36847e-09,  3.25724e-09,  7.35300e-09,  3.91300e-10,  6.84775e-10,  3.62966e-09,  5.08622e-10,
00:03:43,    223619,   777.0133,  8.66352e-09,  1.36847e-09,  3.25724e-09,  7.63250e-09,  3.91300e-10,  8.79350e-10,  3.56055e-09,  5.08622e-10,
00:03:44,    224182,   779.5255,  8.21886e-09,  1.46630e-09,  3.04106e-09,  7.72567e-09,  3.91300e-10,  6.83700e-10,  3.42080e-09,  5.08622e-10,
00:03:44,    224745,   781.6411,  8.88584e-09,  1.27065e-09,  3.58333e-09,  7.44617e-09,  3.91300e-10,  8.79350e-10,  3.35093e-09,  6.78163e-10,
00:03:45,    225308,   783.8890,  8.66107e-09,  1.36847e-09,  3.14974e-09,  7.53933e-09,  4.89125e-10,  7.81525e-10,  3.28105e-09,  3.39081e-10,
00:03:45,    225871,   786.1369,  8.21886e-09,  1.36847e-09,  3.36594e-09,  7.35300e-09,  5.86950e-10,  7.81525e-10,  3.56055e-09,  6.78163e-10,
00:03:46,    226434,   788.5169,  9.10818e-09,  1.46630e-09,  3.25724e-09,  7.16667e-09,  2.93475e-10,  8.79350e-10,  3.42080e-09,  5.08622e-10,
00:03:46,    226997,   790.6325,  9.55039e-09,  1.36847e-09,  3.25724e-09,  7.53933e-09,  4.89125e-10,  7.81525e-10,  3.42080e-09,  6.78163e-10,
00:03:47,    227560,   792.8804,  8.66107e-09,  1.36847e-09,  3.14974e-09,  7.63250e-09,  3.91300e-10,  6.83700e-10,  3.69954e-09,  3.39081e-10,
00:03:48,    228123,   795.2605,  9.32807e-09,  1.27065e-09,  2.93236e-09,  7.63250e-09,  4.89125e-10,  7.81525e-10,  3.42080e-09,  6.78163e-10,
00:03:48,    228686,   797.3761,  8.88341e-09,  1.36847e-09,  3.04106e-09,  7.63250e-09,  3.91300e-10,  7.81525e-10,  3.49068e-09,  8.47704e-10,
00:03:49,    229249,   799.7561,  8.66352e-09,  1.27065e-09,  3.04106e-09,  7.91097e-09,  4.89125e-10,  6.84775e-10,  3.49068e-09,  6.78163e-10,
00:03:49,    229812,   801.8717,  8.88584e-09,  1.46630e-09,  3.14856e-09,  7.25983e-09,  4.89125e-10,  7.81525e-10,  3.14130e-09,  6.78163e-10,
00:03:50,    230375,   804.3841,  8.88341e-09,  1.36847e-09,  3.14974e-09,  7.63250e-09,  3.91300e-10,  9.77175e-10,  3.28105e-09,  6.78163e-10,
00:03:50,    230938,   806.6319,  8.88341e-09,  1.17282e-09,  3.04106e-09,  7.72567e-09,  4.89125e-10,  9.77175e-10,  3.28105e-09,  6.78163e-10,
00:03:51,    231501,   808.6153,  8.66352e-09,  1.27065e-09,  3.25844e-09,  8.00414e-09,  3.91300e-10,  7.81525e-10,  3.42080e-09,  6.78163e-10,
00:03:52,    232064,   810.9954,  9.10573e-09,  1.36847e-09,  2.93236e-09,  7.81781e-09,  3.91300e-10,  7.81525e-10,  3.42080e-09,  6.78163e-10,
00:03:52,    232627,   813.2432,  7.77420e-09,  1.36847e-09,  3.25724e-09,  7.44617e-09,  2.93475e-10,  6.83700e-10,  3.28105e-09,  5.08622e-10,
00:03:53,    233190,   815.4911,  8.88341e-09,  1.27065e-09,  3.04106e-09,  7.81781e-09,  3.91300e-10,  6.83700e-10,  3.21118e-09,  5.08622e-10,
00:03:53,    233753,   817.6067,  8.66352e-09,  1.17282e-09,  3.14974e-09,  7.91200e-09,  4.89125e-10,  7.81525e-10,  3.28105e-09,  3.39081e-10,
00:03:54,    234316,   819.8545,  8.44118e-09,  1.07500e-09,  3.36594e-09,  7.91097e-09,  3.91300e-10,  7.81525e-10,  3.69954e-09,  5.08622e-10,
00:03:54,    234879,   822.2346,  9.32807e-09,  1.36847e-09,  3.04106e-09,  7.91097e-09,  3.91300e-10,  8.79350e-10,  3.14130e-09,  6.78163e-10,
00:03:55,    235442,   824.4824,  8.88584e-09,  1.36847e-09,  3.14856e-09,  8.28365e-09,  6.84775e-10,  7.81525e-10,  3.49068e-09,  8.47704e-10,
00:03:56,    236005,   826.5980,  7.77420e-09,  1.36847e-09,  3.25724e-09,  8.46998e-09,  4.89125e-10,  7.81525e-10,  3.62966e-09,  5.08622e-10,
00:03:56,    236568,   828.8459,  8.44118e-09,  1.07500e-09,  3.47463e-09,  8.28365e-09,  3.91300e-10,  6.83700e-10,  3.21118e-09,  5.08622e-10,
00:03:57,    237131,   831.2260,  8.66352e-09,  9.77175e-10,  3.25724e-09,  8.37681e-09,  4.89125e-10,  7.81525e-10,  3.28105e-09,  5.08622e-10,
00:03:57,    237694,   833.6060,  9.10573e-09,  1.27065e-09,  3.14974e-09,  8.28365e-09,  3.91300e-10,  6.83700e-10,  3.21118e-09,  5.08622e-10,
00:03:58,    238257,   835.7216,  8.66352e-09,  1.27065e-09,  3.14856e-09,  8.37681e-09,  5.86950e-10,  7.81525e-10,  3.42080e-09,  6.78163e-10,
00:03:58,    238820,   837.9695,  8.21886e-09,  1.36847e-09,  3.47463e-09,  8.56314e-09,  3.91300e-10,  8.79350e-10,  3.21118e-09,  6.78163e-10,
00:03:59,    239383,   840.2174,  9.32807e-09,  1.27065e-09,  3.04106e-09,  8.28365e-09,  3.91300e-10,  7.81525e-10,  3.42080e-09,  6.78163e-10,
00:03:59,    239946,   842.7296,  9.55039e-09,  1.07500e-09,  3.58333e-09,  8.65631e-09,  4.89125e-10,  6.83700e-10,  3.14130e-09,  3.39081e-10,
00:04:00,    240509,   844.8452,  9.10573e-09,  9.77175e-10,  3.25724e-09,  8.46998e-09,  3.91300e-10,  5.86950e-10,  3.14130e-09,  8.47704e-10,
00:04:01,    241072,   847.0931,  8.66352e-09,  1.17282e-09,  3.36594e-09,  8.46998e-09,  4.89125e-10,  8.79350e-10,  3.35093e-09,  5.08622e-10,
00:04:01,    241635,   849.2087,  8.88584e-09,  1.17282e-09,  3.36594e-09,  8.74948e-09,  4.89125e-10,  7.81525e-10,  3.21118e-09,  6.78163e-10,
00:04:02,    242198,   851.5888,  8.44118e-09,  1.27065e-09,  3.36594e-09,  8.56314e-09,  2.93475e-10,  6.84775e-10,  3.35093e-09,  5.08622e-10,
00:04:02,    242761,   853.5722,  9.55039e-09,  1.27065e-09,  3.36594e-09,  8.56314e-09,  4.89125e-10,  8.79350e-10,  3.35093e-09,  5.08622e-10,
00:04:03,    243324,   856.2167,  9.32807e-09,  1.17282e-09,  3.36594e-09,  8.65631e-09,  4.89125e-10,  9.77175e-10,  3.35093e-09,  5.08622e-10,
00:04:03,    243887,   858.3323,  9.10573e-09,  1.17282e-09,  3.69202e-09,  9.02795e-09,  4.89125e-10,  8.79350e-10,  3.28105e-09,  3.39081e-10,
00:04:04,    244450,   860.7124,  8.88584e-09,  1.27065e-09,  3.47463e-09,  8.65631e-09,  2.93475e-10,  7.81525e-10,  3.14130e-09,  5.08622e-10,
00:04:05,    245013,   862.6958,  8.44118e-09,  1.27065e-09,  3.14974e-09,  8.93479e-09,  3.91300e-10,  8.79350e-10,  3.21118e-09,  3.39081e-10,
00:04:05,    245576,   864.9436,  9.32807e-09,  1.46630e-09,  3.14856e-09,  9.12112e-09,  4.89125e-10,  6.83700e-10,  3.28105e-09,  5.08622e-10,
00:04:06,    246139,   867.5882,  8.66352e-09,  1.17282e-09,  3.25724e-09,  9.40062e-09,  3.91300e-10,  6.83700e-10,  3.35093e-09,  8.47704e-10,
00:04:06,    246702,   869.8360,  7.77420e-09,  1.17282e-09,  3.25724e-09,  8.93479e-09,  4.89125e-10,  6.83700e-10,  3.28105e-09,  5.08622e-10,
00:04:07,    247265,   871.9516,  8.44118e-09,  1.46630e-09,  3.14856e-09,  9.30746e-09,  3.91300e-10,  6.84775e-10,  3.21118e-09,  3.39081e-10,
00:04:07,    247828,   874.1995,  8.21886e-09,  1.27065e-09,  3.04106e-09,  8.84162e-09,  3.91300e-10,  7.81525e-10,  3.42080e-09,  5.08622e-10,
00:04:08,    248391,   876.4473,  8.88584e-09,  1.46630e-09,  3.36594e-09,  9.02795e-09,  3.91300e-10,  7.81525e-10,  3.14130e-09,  5.08622e-10,
00:04:08,    248954,   878.6952,  8.21886e-09,  1.27065e-09,  3.25724e-09,  9.21429e-09,  4.89125e-10,  7.81525e-10,  3.21118e-09,  3.39081e-10,
00:04:09,    249517,   881.0752,  9.10573e-09,  1.17282e-09,  3.25724e-09,  9.21429e-09,  2.93475e-10,  6.83700e-10,  3.28105e-09,  6.78163e-10,
00:04:10,    250080,   883.1908,  9.10573e-09,  1.27065e-09,  3.47463e-09,  8.84162e-09,  3.91300e-10,  7.81525e-10,  3.49068e-09,  5.08622e-10,
00:04:10,    250643,   885.5709,  8.21886e-09,  1.17282e-09,  3.36594e-09,  9.02795e-09,  1.95650e-10,  5.86950e-10,  3.28105e-09,  8.47704e-10,
00:04:11,    251206,   887.6866,  8.66352e-09,  1.17282e-09,  3.36594e-09,  9.58695e-09,  4.89125e-10,  8.79350e-10,  3.21118e-09,  5.08622e-10,
00:04:11,    251769,   890.0666,  8.21886e-09,  1.17282e-09,  3.47463e-09,  9.30746e-09,  4.89125e-10,  7.81525e-10,  3.35093e-09,  3.39081e-10,
00:04:12,    252332,   892.1822,  9.10573e-09,  1.07500e-09,  3.47463e-09,  9.21429e-09,  3.91300e-10,  7.81525e-10,  3.35093e-09,  3.39081e-10,
00:04:12,    252895,   894.6946,  7.99652e-09,  1.36847e-09,  3.25724e-09,  9.21429e-09,  2.93475e-10,  6.84775e-10,  3.21118e-09,  6.78163e-10,
00:04:13,    253458,   896.8102,  7.99652e-09,  1.07500e-09,  3.58333e-09,  9.40062e-09,  3.91300e-10,  6.84775e-10,  3.14130e-09,  3.39081e-10,
00:04:14,    254021,   899.0580,  8.66352e-09,  1.17282e-09,  3.36594e-09,  9.40062e-09,  4.89125e-10,  7.81525e-10,  3.28105e-09,  3.39081e-10,
00:04:14,    254584,   901.5703,  8.44118e-09,  1.17282e-09,  3.36594e-09,  9.49379e-09,  4.89125e-10,  6.83700e-10,  3.21118e-09,  3.39081e-10,
00:04:15,    255147,   903.4215,  9.10573e-09,  1.17282e-09,  3.47463e-09,  9.86543e-09,  3.91300e-10,  7.81525e-10,  3.07143e-09,  5.08622e-10,
00:04:15,    255710,   905.9338,  7.77420e-09,  1.27065e-09,  3.36594e-09,  9.02795e-09,  3.91300e-10,  7.81525e-10,  3.07143e-09,  5.08622e-10,
00:04:16,    256273,   907.9172,  7.77420e-09,  1.27065e-09,  3.69202e-09,  9.30746e-09,  2.93475e-10,  6.84775e-10,  3.07143e-09,  5.08622e-10,
00:04:16,    256836,   910.1650,  8.44118e-09,  1.17282e-09,  3.47463e-09,  8.65631e-09,  2.93475e-10,  6.84775e-10,  3.21118e-09,  5.08622e-10,
00:04:17,    257399,   912.6773,  8.66352e-09,  1.17282e-09,  3.36594e-09,  8.93479e-09,  3.91300e-10,  7.81525e-10,  3.28105e-09,  3.39081e-10,
00:04:17,    257962,   914.7929,  8.66352e-09,  1.17282e-09,  3.47463e-09,  9.21429e-09,  4.89125e-10,  6.83700e-10,  3.35093e-09,  3.39081e-10,
00:04:18,    258525,   916.9085,  8.21886e-09,  1.07500e-09,  3.25724e-09,  9.40062e-09,  3.91300e-10,  6.84775e-10,  3.35093e-09,  5.08622e-10,
00:04:19,    259088,   919.1563,  9.32807e-09,  1.17282e-09,  3.58333e-09,  9.30746e-09,  4.89125e-10,  7.81525e-10,  3.35093e-09,  6.78163e-10,
00:04:19,    259651,   921.4042,  8.66352e-09,  1.17282e-09,  3.36594e-09,  8.84162e-09,  3.91300e-10,  7.81525e-10,  3.49068e-09,  5.08622e-10,
00:04:20,    260214,   923.6521,  8.44118e-09,  1.27065e-09,  3.36594e-09,  9.30746e-09,  4.89125e-10,  6.83700e-10,  3.21118e-09,  3.39081e-10,
00:04:20,    260777,   926.1643,  7.99652e-09,  1.07500e-09,  3.69202e-09,  8.84265e-09,  4.89125e-10,  6.83700e-10,  3.21118e-09,  5.08622e-10,
00:04:21,    261340,   928.2800,  8.66352e-09,  1.07500e-09,  3.47463e-09,  9.12112e-09,  3.91300e-10,  7.81525e-10,  3.28105e-09,  3.39081e-10,
00:04:21,    261903,   930.7922,  7.77420e-09,  1.17282e-09,  3.36594e-09,  9.12112e-09,  4.89125e-10,  6.83700e-10,  3.28105e-09,  5.08622e-10,
00:04:22,    262466,   932.9078,  9.10573e-09,  1.27065e-09,  3.58333e-09,  9.30746e-09,  2.93475e-10,  6.84775e-10,  3.28105e-09,  5.08622e-10,
00:04:23,    263029,   935.2879,  8.21886e-09,  1.27065e-09,  3.47463e-09,  9.02795e-09,  4.89125e-10,  7.81525e-10,  3.14130e-09,  5.08622e-10,
00:04:23,    263592,   937.4036,  8.88341e-09,  1.17282e-09,  3.36594e-09,  9.02795e-09,  3.91300e-10,  7.81525e-10,  3.00155e-09,  6.78163e-10,
00:04:24,    264155,   939.7836,  8.44118e-09,  1.27065e-09,  3.14856e-09,  9.12112e-09,  2.93475e-10,  5.86950e-10,  3.21118e-09,  3.39081e-10,
00:04:24,    264718,   941.8992,  9.10573e-09,  1.36847e-09,  3.90941e-09,  9.12112e-09,  3.91300e-10,  7.81525e-10,  3.28105e-09,  1.69541e-10,
00:04:25,    265281,   944.1471,  8.44118e-09,  1.07500e-09,  3.69202e-09,  8.19048e-09,  2.93475e-10,  6.84775e-10,  3.21118e-09,  5.08622e-10,
00:04:25,    265844,   946.1305,  7.99652e-09,  1.27065e-09,  3.58333e-09,  8.56314e-09,  4.89125e-10,  7.81525e-10,  3.14130e-09,  3.39081e-10,
00:04:26,    266407,   948.5106,  8.88341e-09,  1.07500e-09,  3.58333e-09,  8.37681e-09,  4.89125e-10,  6.83700e-10,  3.35093e-09,  5.08622e-10,
00:04:26,    266970,   950.8906,  7.99652e-09,  1.07500e-09,  3.58333e-09,  8.28365e-09,  3.91300e-10,  4.89125e-10,  3.21118e-09,  3.39081e-10,
00:04:27,    267533,   953.2707,  8.66352e-09,  1.17282e-09,  3.69202e-09,  8.84265e-09,  3.91300e-10,  5.86950e-10,  3.14130e-09,  6.78163e-10,
00:04:28,    268096,   955.2541,  8.44118e-09,  1.17282e-09,  3.47463e-09,  8.56314e-09,  2.93475e-10,  7.81525e-10,  3.14130e-09,  6.78163e-10,
00:04:28,    268659,   957.7664,  8.21886e-09,  1.07500e-09,  3.90941e-09,  8.74948e-09,  3.91300e-10,  5.86950e-10,  3.42080e-09,  5.08622e-10,
00:04:29,    269222,   960.0142,  8.66352e-09,  1.17282e-09,  3.69202e-09,  8.46998e-09,  4.89125e-10,  8.79350e-10,  3.14130e-09,  3.39081e-10,
00:04:29,    269785,   962.1298,  9.10573e-09,  1.36847e-09,  3.58333e-09,  8.28365e-09,  4.89125e-10,  7.81525e-10,  3.35093e-09,  6.78163e-10,
00:04:30,    270348,   964.2455,  8.44118e-09,  1.17282e-09,  3.69202e-09,  8.37681e-09,  5.86950e-10,  7.81525e-10,  3.21118e-09,  5.08622e-10,
00:04:30,    270911,   965.9644,  8.88341e-09,  1.27065e-09,  3.47463e-09,  7.81781e-09,  4.89125e-10,  6.83700e-10,  3.21118e-09,  5.08622e-10,
00:04:31,    271474,   969.1378,  8.44118e-09,  1.07500e-09,  3.69202e-09,  8.19048e-09,  4.89125e-10,  9.77175e-10,  3.42080e-09,  5.08622e-10,
00:04:32,    272037,   971.3857,  8.44118e-09,  1.36847e-09,  3.80072e-09,  8.37681e-09,  4.89125e-10,  8.79350e-10,  3.14130e-09,  5.08622e-10,
00:04:32,    272600,   973.7658,  7.99652e-09,  1.07500e-09,  3.58333e-09,  7.91097e-09,  4.89125e-10,  7.81525e-10,  3.07143e-09,  3.39081e-10,
00:04:33,    273163,   975.7492,  8.66352e-09,  9.77175e-10,  3.36594e-09,  8.28365e-09,  3.91300e-10,  7.81525e-10,  3.00155e-09,  3.39081e-10,
00:04:33,    273726,   977.8648,  8.66352e-09,  1.07500e-09,  3.36594e-09,  7.81781e-09,  3.91300e-10,  5.86950e-10,  3.14130e-09,  6.78163e-10,
00:04:34,    274289,   980.2448,  8.44118e-09,  1.27065e-09,  3.58333e-09,  8.19048e-09,  3.91300e-10,  6.84775e-10,  3.21118e-09,  3.39081e-10,
00:04:34,    274852,   982.3604,  8.88341e-09,  1.07500e-09,  3.69202e-09,  8.00414e-09,  3.91300e-10,  8.79350e-10,  3.14130e-09,  3.39081e-10,
00:04:35,    275415,   984.6083,  8.21886e-09,  1.07500e-09,  3.90941e-09,  7.91097e-09,  3.91300e-10,  5.86950e-10,  3.07143e-09,  6.78163e-10,
00:04:35,    275978,   986.9884,  8.44118e-09,  1.17282e-09,  3.58333e-09,  7.44617e-09,  3.91300e-10,  7.81525e-10,  3.14130e-09,  5.08622e-10,
00:04:36,    276541,   989.1040,  9.32807e-09,  1.17282e-09,  3.58333e-09,  7.91097e-09,  4.89125e-10,  5.86950e-10,  3.62966e-09,  5.08622e-10,
00:04:37,    277104,   991.2196,  7.99652e-09,  1.17282e-09,  3.80072e-09,  8.19048e-09,  2.93475e-10,  8.79350e-10,  3.28105e-09,  6.78163e-10,
00:04:37,    277667,   993.5997,  8.66352e-09,  1.46630e-09,  3.36594e-09,  7.72465e-09,  1.95650e-10,  6.84775e-10,  3.21118e-09,  6.78163e-10,
00:04:38,    278230,   995.8476,  8.88584e-09,  1.17282e-09,  3.36594e-09,  7.81883e-09,  4.89125e-10,  7.81525e-10,  3.35093e-09,  1.69541e-10,
00:04:38,    278793,   997.9632,  8.66352e-09,  1.46630e-09,  3.90941e-09,  7.63250e-09,  4.89125e-10,  5.86950e-10,  3.28105e-09,  5.08622e-10,
00:04:39,    279356,  1000.4754,  8.44118e-09,  1.27065e-09,  3.69202e-09,  7.72567e-09,  3.91300e-10,  6.83700e-10,  3.21118e-09,  1.69541e-10,
00:04:39,    279919,  1002.7233,  9.32807e-09,  1.17282e-09,  3.80072e-09,  7.72567e-09,  4.89125e-10,  7.81525e-10,  3.14130e-09,  1.69541e-10,
00:04:40,    280482,  1004.9712,  7.99652e-09,  1.17282e-09,  3.90941e-09,  7.72567e-09,  4.89125e-10,  7.82600e-10,  3.07143e-09,  3.39081e-10,
00:04:41,    281045,  1007.2190,  8.44118e-09,  1.17282e-09,  4.01811e-09,  7.53933e-09,  3.91300e-10,  6.84775e-10,  3.21118e-09,  6.78163e-10,
00:04:41,    281608,  1009.5990,  9.10573e-09,  1.27065e-09,  3.69202e-09,  7.72567e-09,  3.91300e-10,  6.84775e-10,  3.21118e-09,  6.78163e-10,
00:04:42,    282171,  1011.5824,  8.88584e-09,  1.36847e-09,  4.12680e-09,  7.44617e-09,  2.93475e-10,  6.83700e-10,  3.28105e-09,  5.08622e-10,
00:04:42,    282734,  1014.0948,  8.66352e-09,  1.07500e-09,  3.90941e-09,  7.25983e-09,  3.91300e-10,  7.81525e-10,  3.14130e-09,  5.08622e-10,
