0000000457,scans,0000000146,DataLength
"header",0000000028,"lines"
"Date",5/13/2016,"Time",8:36:44 AM
"ID","HAL RC RGA 301 #14852","Version",3
"Scans",9
"Scan ID","Mode","Input","Scanned","Start","Stop","Increment","Dwell","Settle","RS","RelSEM"
"Scan 1","RGA","Temperature","none",0.40,0.40,0.01,10.000,10.000,1.000000,1.000000,
"Scan 2","RGA","SEM","mass",2.00,2.00,0.01,11.000,10.000,0.440000,1.000000,
"Scan 3","RGA","SEM","mass",14.00,14.00,0.01,11.000,10.000,1.000000,1.000000,
"Scan 4","RGA","SEM","mass",18.00,18.00,0.01,11.000,10.000,0.900000,1.000000,
"Scan 5","RGA","SEM","mass",28.00,28.00,0.01,11.000,10.000,1.050000,1.000000,
"Scan 6","RGA","SEM","mass",29.00,29.00,0.01,11.000,10.000,1.000000,1.000000,
"Scan 7","RGA","SEM","mass",43.00,43.00,0.01,11.000,10.000,1.000000,1.000000,
"Scan 8","RGA","SEM","mass",44.00,44.00,0.01,11.000,10.000,1.400000,1.000000,
"Scan 9","RGA","SEM","mass",60.00,60.00,0.01,11.000,10.000,0.577000,1.000000,
"Environment",
"Global","RGA"
"F1",1,"( 1 = on, 0 = off )"
"F2",0,"( 1 = on, 0 = off )"
"cage",3.3,"V"
"delta-m",0,"%"
"electron-energy",70.0,"V"
"emission",1000.000,"uA"
"focus",-90,"V"
"mass",5.50,"amu"
"mode-change-delay",1000,"ms"
"multiplier",1100,"V"
"resolution",0,"%"
"Data",9
"Time","ms","Temperature","Hydrogen","Ketene","Water","Carbon monoxide","Acetaldehyde","Acetic acid","Carbon dioxide","Acetic acid",
00:00:01,      1241,   140.3443,  0.00000e+00, -9.78250e-11, -1.08694e-10,  9.31667e-11,  0.00000e+00, -1.95650e-10,  0.00000e+00,  1.69541e-10,
00:00:01,      1804,   140.4765,  1.11165e-09,  1.36847e-09,  2.93236e-09,  1.11687e-08,  5.86950e-10,  3.91300e-10,  2.32453e-08,  1.69541e-10,
00:00:02,      2366,   140.3443,  7.99652e-09,  6.45000e-09,  4.23550e-09,  1.18209e-08,  4.89125e-10,  4.89125e-10,  1.59852e-08,  0.00000e+00,
00:00:02,      2929,   139.8154,  7.32955e-09,  4.49565e-09,  3.69202e-09,  9.86543e-09,  4.89125e-10,  2.93475e-10,  1.22857e-08,  1.69541e-10,
00:00:03,      3491,   140.0798,  7.55186e-09,  3.90870e-09,  3.36594e-09,  9.40062e-09,  2.93475e-10,  2.93475e-10,  9.98214e-09,  3.39081e-10,
00:00:04,      4054,   140.0798,  7.32955e-09,  3.32282e-09,  2.71497e-09,  8.56314e-09,  1.95650e-10,  2.93475e-10,  8.51629e-09,  3.39081e-10,
00:00:04,      4617,   140.2121,  7.32955e-09,  3.02935e-09,  2.38889e-09,  7.91097e-09,  2.93475e-10,  1.95650e-10,  7.26007e-09,  1.69541e-10,
00:00:05,      5180,   140.3443,  7.10720e-09,  2.93152e-09,  2.49758e-09,  7.81883e-09,  3.91300e-10,  2.93475e-10,  6.49224e-09,  0.00000e+00,
00:00:05,      5743,   140.4765,  7.10720e-09,  2.24782e-09,  2.28019e-09,  7.53933e-09,  1.95650e-10,  1.95650e-10,  5.86412e-09,  3.39081e-10,
00:00:06,      6306,   140.2121,  8.21886e-09,  2.15000e-09,  1.95411e-09,  6.60869e-09,  1.95650e-10,  1.95650e-10,  5.58463e-09,  1.69541e-10,
00:00:06,      6869,   140.0798,  6.66255e-09,  2.15000e-09,  2.17150e-09,  6.79400e-09,  2.93475e-10,  2.93475e-10,  4.74689e-09,  3.39081e-10,
00:00:07,      7432,   140.3443,  7.55186e-09,  1.85652e-09,  2.17150e-09,  6.51552e-09,  3.91300e-10,  1.95650e-10,  4.67701e-09,  1.69541e-10,
00:00:07,      7995,   140.3443,  6.88489e-09,  1.85652e-09,  2.17150e-09,  6.32919e-09,  2.93475e-10,  1.95650e-10,  4.32764e-09,  1.69541e-10,
00:00:08,      8558,   140.3443,  8.21886e-09,  1.66195e-09,  2.06280e-09,  6.42235e-09,  2.93475e-10,  1.95650e-10,  3.97904e-09,  1.69541e-10,
00:00:09,      9121,   140.0798,  7.32955e-09,  1.36847e-09,  1.84661e-09,  6.04969e-09,  1.95650e-10,  9.78250e-11,  3.83929e-09,  1.69541e-10,
00:00:09,      9684,   140.2121,  6.66255e-09,  1.36847e-09,  1.95530e-09,  5.77019e-09,  1.95650e-10,  1.95650e-10,  3.42080e-09,  3.39081e-10,
00:00:10,     10247,   140.2121,  7.10720e-09,  1.46630e-09,  1.84661e-09,  5.95652e-09,  2.93475e-10,  3.91300e-10,  3.49068e-09,  0.00000e+00,
00:00:10,     10810,   140.2121,  6.66255e-09,  1.27065e-09,  1.73791e-09,  5.95652e-09,  2.93475e-10,  3.91300e-10,  3.21118e-09,  1.69541e-10,
00:00:11,     11373,   140.2121,  7.10720e-09,  1.36847e-09,  1.73791e-09,  5.39854e-09,  1.95650e-10,  2.93475e-10,  3.14130e-09,  3.39081e-10,
00:00:11,     11936,   140.2121,  6.66255e-09,  1.27065e-09,  1.95411e-09,  5.67805e-09,  0.00000e+00,  1.95650e-10,  2.93168e-09,  1.69541e-10,
00:00:12,     12499,   140.2121,  6.88489e-09,  1.27065e-09,  1.95530e-09,  5.39854e-09,  1.95650e-10,  2.93475e-10,  3.00155e-09,  1.69541e-10,
00:00:13,     13062,   140.2121,  7.32955e-09,  1.17282e-09,  1.73791e-09,  5.77121e-09,  2.93475e-10,  2.93475e-10,  2.86180e-09,  1.69541e-10,
00:00:13,     13625,   140.3443,  6.88489e-09,  1.27065e-09,  1.84661e-09,  5.39854e-09,  1.95650e-10,  9.78250e-11,  2.93168e-09,  1.69541e-10,
00:00:14,     14188,   140.6087,  7.10720e-09,  1.17282e-09,  1.84661e-09,  5.49171e-09,  1.95650e-10,  1.95650e-10,  2.79193e-09,  1.69541e-10,
00:00:14,     14751,   140.2121,  6.66255e-09,  1.07500e-09,  1.62922e-09,  5.11905e-09,  1.95650e-10,  9.78250e-11,  2.93168e-09,  1.69541e-10,
00:00:15,     15314,   140.2121,  6.88489e-09,  1.07500e-09,  1.95411e-09,  5.49171e-09,  1.95650e-10,  1.95650e-10,  2.58307e-09,  1.69541e-10,
00:00:15,     15877,   140.2121,  7.32955e-09,  1.17282e-09,  1.73791e-09,  5.21221e-09,  2.93475e-10,  1.95650e-10,  2.51319e-09,  1.69541e-10,
00:00:16,     16440,   140.2121,  7.32955e-09,  8.79350e-10,  1.84661e-09,  5.30538e-09,  9.78250e-11,  2.93475e-10,  2.30357e-09,  0.00000e+00,
00:00:17,     17003,   140.3443,  7.32955e-09,  1.07500e-09,  1.52052e-09,  5.30538e-09,  2.93475e-10,  2.93475e-10,  2.37344e-09,  1.69541e-10,
00:00:17,     17566,   140.0798,  6.88489e-09,  8.79350e-10,  1.73791e-09,  5.39854e-09,  1.95650e-10,  2.93475e-10,  2.37344e-09,  1.69541e-10,
00:00:18,     18129,   140.0798,  6.44266e-09,  8.79350e-10,  1.95411e-09,  5.49171e-09,  1.95650e-10,  2.93475e-10,  2.37344e-09, -1.69541e-10,
00:00:18,     18692,   140.3443,  7.10720e-09,  8.79350e-10,  1.73791e-09,  5.49171e-09,  1.95650e-10,  2.93475e-10,  2.16382e-09,  1.69541e-10,
00:00:19,     19255,   140.0798,  6.66255e-09,  7.81525e-10,  1.73791e-09,  5.39854e-09,  1.95650e-10,  2.93475e-10,  2.23369e-09,  1.69541e-10,
00:00:19,     19818,   140.0798,  7.55186e-09,  7.81525e-10,  1.62922e-09,  5.30538e-09,  1.95650e-10,  1.95650e-10,  2.09394e-09,  1.69541e-10,
00:00:20,     20381,   140.0798,  7.55186e-09,  7.81525e-10,  1.52052e-09,  5.11905e-09,  1.95650e-10,  2.93475e-10,  2.02407e-09,  0.00000e+00,
00:00:20,     20944,   139.9476,  6.44266e-09,  8.79350e-10,  1.95411e-09,  5.02588e-09,  1.95650e-10,  1.95650e-10,  2.23369e-09,  1.69541e-10,
00:00:21,     21507,   140.0798,  7.55186e-09,  8.79350e-10,  1.62922e-09,  5.39854e-09,  1.95650e-10,  1.95650e-10,  2.16382e-09,  0.00000e+00,
00:00:22,     22070,   139.9476,  6.88489e-09,  7.81525e-10,  1.73791e-09,  5.11905e-09,  1.95650e-10,  9.78250e-11,  2.09394e-09,  0.00000e+00,
00:00:22,     22633,   140.2121,  7.10720e-09,  8.79350e-10,  1.62922e-09,  5.02588e-09,  1.95650e-10,  2.93475e-10,  2.09394e-09,  0.00000e+00,
00:00:23,     23196,   140.2121,  7.55186e-09,  8.79350e-10,  1.52052e-09,  4.83954e-09,  1.95650e-10,  1.95650e-10,  1.95496e-09,  0.00000e+00,
00:00:23,     23759,   140.0798,  7.10720e-09,  7.81525e-10,  1.73791e-09,  4.74638e-09,  9.78250e-11,  3.91300e-10,  2.02407e-09,  1.69541e-10,
00:00:24,     24322,   140.0798,  7.55186e-09,  6.83700e-10,  1.62922e-09,  4.93271e-09,  1.95650e-10,  3.91300e-10,  2.09394e-09,  1.69541e-10,
00:00:24,     24885,   140.2121,  6.44023e-09,  7.81525e-10,  1.73791e-09,  4.83954e-09,  9.78250e-11,  1.95650e-10,  1.95496e-09,  0.00000e+00,
00:00:25,     25448,   140.3443,  6.22034e-09,  6.83700e-10,  1.41183e-09,  4.93271e-09,  1.95650e-10,  2.93475e-10,  1.81521e-09,  1.69541e-10,
00:00:26,     26011,   140.0798,  6.88489e-09,  8.79350e-10,  1.52052e-09,  4.83954e-09,  1.95650e-10,  1.95650e-10,  1.81521e-09,  1.69541e-10,
00:00:26,     26574,   140.0798,  7.32955e-09,  7.81525e-10,  1.41183e-09,  4.83954e-09,  9.78250e-11,  3.91300e-10,  1.88509e-09,  1.69541e-10,
00:00:27,     27137,   139.9476,  6.88489e-09,  7.81525e-10,  1.62922e-09,  6.23602e-09,  9.78250e-11,  1.95650e-10,  1.95496e-09,  3.39081e-10,
00:00:27,     27700,   140.2121,  7.10720e-09,  5.86950e-10,  1.62922e-09,  5.67805e-09,  1.95650e-10,  1.95650e-10,  1.81521e-09,  1.69541e-10,
00:00:28,     28263,   139.9476,  6.66255e-09,  8.79350e-10,  1.84661e-09,  5.21221e-09,  9.78250e-11,  1.95650e-10,  1.74534e-09,  0.00000e+00,
00:00:28,     28826,   140.4765,  7.32955e-09,  7.81525e-10,  1.62922e-09,  5.77121e-09,  2.93475e-10,  2.93475e-10,  1.81521e-09,  1.69541e-10,
00:00:29,     29389,   140.3443,  7.32955e-09,  6.83700e-10,  1.62922e-09,  5.86335e-09,  1.95650e-10,  1.95650e-10,  1.81521e-09,  1.69541e-10,
00:00:29,     29952,   140.2121,  7.55186e-09,  7.81525e-10,  1.62922e-09,  5.67805e-09,  9.78250e-11,  1.95650e-10,  2.02484e-09,  1.69541e-10,
00:00:30,     30515,   140.0798,  7.32955e-09,  5.86950e-10,  1.73791e-09,  5.49171e-09,  0.00000e+00,  2.93475e-10,  1.81521e-09,  1.69541e-10,
00:00:31,     31078,   140.0798,  7.32955e-09,  6.83700e-10,  1.73791e-09,  5.02588e-09,  1.95650e-10,  3.91300e-10,  1.81521e-09,  1.69541e-10,
00:00:31,     31641,   140.0798,  7.77420e-09,  8.79350e-10,  1.84661e-09,  5.11905e-09,  0.00000e+00,  2.93475e-10,  1.88509e-09,  1.69541e-10,
00:00:32,     32204,   140.0798,  7.77420e-09,  6.83700e-10,  1.52052e-09,  4.93271e-09,  1.95650e-10,  1.95650e-10,  1.95496e-09,  3.39081e-10,
00:00:32,     32767,   140.2121,  7.55186e-09,  7.81525e-10,  1.41183e-09,  4.83954e-09,  1.95650e-10,  1.95650e-10,  1.81521e-09,  1.69541e-10,
00:00:33,     33330,   140.0798,  6.66255e-09,  5.86950e-10,  1.41183e-09,  4.83954e-09,  2.93475e-10,  2.93475e-10,  1.74534e-09,  1.69541e-10,
00:00:33,     33893,   140.3443,  7.10720e-09,  6.83700e-10,  1.52052e-09,  4.65424e-09,  9.78250e-11,  1.95650e-10,  1.81521e-09,  0.00000e+00,
00:00:34,     34456,   140.2121,  7.55186e-09,  7.81525e-10,  1.62922e-09,  4.74638e-09,  9.78250e-11,  1.95650e-10,  1.74534e-09,  0.00000e+00,
00:00:35,     35019,   140.2121,  6.88489e-09,  8.79350e-10,  1.52052e-09,  4.74740e-09,  1.95650e-10,  3.91300e-10,  1.74534e-09,  3.39081e-10,
00:00:35,     35582,   140.3443,  6.88489e-09,  5.86950e-10,  1.62922e-09,  4.83954e-09,  9.78250e-11,  1.95650e-10,  1.81521e-09,  3.39081e-10,
00:00:36,     36145,   140.2121,  7.10720e-09,  6.84775e-10,  1.52052e-09,  4.74740e-09,  9.78250e-11,  2.93475e-10,  1.95496e-09,  3.39081e-10,
00:00:36,     36708,   140.3443,  7.10720e-09,  6.83700e-10,  1.73791e-09,  4.46790e-09,  1.95650e-10,  1.95650e-10,  1.74534e-09,  1.69541e-10,
00:00:37,     37271,   140.4765,  7.55186e-09,  7.81525e-10,  1.62922e-09,  4.74740e-09,  1.95650e-10,  1.95650e-10,  1.74534e-09,  1.69541e-10,
00:00:37,     37834,   140.3443,  6.88489e-09,  5.86950e-10,  1.73791e-09,  4.74740e-09,  1.95650e-10,  1.95650e-10,  1.60559e-09,  0.00000e+00,
00:00:38,     38397,   140.0798,  7.55186e-09,  6.84775e-10,  1.62922e-09,  4.65321e-09,  1.95650e-10,  1.95650e-10,  1.74534e-09,  1.69541e-10,
00:00:38,     38960,   140.2121,  7.55186e-09,  6.84775e-10,  1.41183e-09,  4.56107e-09,  1.95650e-10,  1.95650e-10,  1.60559e-09,  1.69541e-10,
00:00:39,     39523,   140.0798,  7.10720e-09,  5.86950e-10,  1.41183e-09,  4.65424e-09,  1.95650e-10,  1.95650e-10,  1.74534e-09,  1.69541e-10,
00:00:40,     40086,   140.3443,  7.10720e-09,  5.86950e-10,  1.62922e-09,  4.65424e-09,  9.78250e-11,  1.95650e-10,  1.88509e-09,  0.00000e+00,
00:00:40,     40649,   140.3443,  7.10720e-09,  7.81525e-10,  1.52052e-09,  3.90890e-09,  1.95650e-10,  1.95650e-10,  1.74534e-09,  1.69541e-10,
00:00:41,     41212,   140.4765,  7.55186e-09,  6.83700e-10,  1.62922e-09,  4.83954e-09,  9.78250e-11,  1.95650e-10,  1.74534e-09,  3.39081e-10,
00:00:41,     41775,   140.2121,  7.10720e-09,  6.84775e-10,  1.62922e-09,  4.46790e-09,  1.95650e-10,  2.93475e-10,  1.46584e-09,  0.00000e+00,
00:00:42,     42338,   140.2121,  7.10720e-09,  7.81525e-10,  1.73791e-09,  4.74740e-09,  9.78250e-11,  1.95650e-10,  1.60559e-09,  1.69541e-10,
00:00:42,     42901,   140.3443,  7.10720e-09,  6.84775e-10,  1.73791e-09,  4.65424e-09,  9.78250e-11,  1.95650e-10,  1.88509e-09,  3.39081e-10,
00:00:43,     43464,   140.6087,  6.88489e-09,  6.84775e-10,  1.52052e-09,  5.02588e-09,  3.91300e-10,  7.81525e-10,  2.09394e-09,  3.39081e-10,
00:00:44,     44027,   140.8732,  7.10720e-09,  7.81525e-10,  1.73791e-09,  5.21221e-09,  2.93475e-10,  8.79350e-10,  2.09394e-09,  6.78163e-10,
00:00:44,     44590,   141.2699,  7.10720e-09,  1.07500e-09,  2.60628e-09,  5.67805e-09,  2.93475e-10,  1.66195e-09,  2.09394e-09,  1.01724e-09,
00:00:45,     45153,   142.0632,  7.77420e-09,  1.17282e-09,  3.36594e-09,  6.04969e-09,  5.86950e-10,  2.05217e-09,  2.44332e-09,  1.52400e-09,
00:00:45,     45716,   143.7821,  7.77420e-09,  1.27065e-09,  3.14974e-09,  6.04969e-09,  4.89125e-10,  1.95435e-09,  2.79269e-09,  1.01724e-09,
00:00:46,     46279,   146.0300,  7.10720e-09,  1.36847e-09,  3.58333e-09,  5.95652e-09,  7.81525e-10,  4.88695e-09,  2.86180e-09,  6.78163e-10,
00:00:46,     46842,   148.6745,  7.77420e-09,  2.63912e-09,  5.10386e-09,  6.70186e-09,  1.36847e-09,  1.54413e-08,  4.25854e-09,  2.37170e-09,
00:00:47,     47405,   152.3768,  7.10720e-09,  3.42065e-09,  6.08091e-09,  6.42235e-09,  1.46630e-09,  1.25097e-08,  4.81676e-09,  2.37170e-09,
00:00:47,     47968,   156.6081,  7.32955e-09,  2.93152e-09,  8.68720e-09,  6.14286e-09,  1.07500e-09,  5.17935e-09,  4.60714e-09,  1.69354e-09,
00:00:48,     48531,   161.5005,  6.66255e-09,  2.24782e-09,  1.19444e-08,  6.04969e-09,  6.83700e-10,  3.22500e-09,  3.97904e-09,  1.69354e-09,
00:00:49,     49094,   166.2606,  6.88489e-09,  1.95435e-09,  1.29214e-08,  5.95652e-09,  5.86950e-10,  2.24782e-09,  3.97904e-09,  1.52400e-09,
00:00:49,     49657,   171.0207,  7.10720e-09,  1.85652e-09,  1.09674e-08,  5.86335e-09,  4.89125e-10,  1.95435e-09,  3.28105e-09,  1.52400e-09,
00:00:50,     50220,   174.9875,  6.44266e-09,  1.66195e-09,  7.71013e-09,  5.77121e-09,  4.89125e-10,  2.05217e-09,  3.49068e-09,  1.18492e-09,
00:00:50,     50783,   179.3510,  6.88489e-09,  1.66195e-09,  4.88647e-09,  5.49171e-09,  4.89125e-10,  1.75870e-09,  3.28105e-09,  1.18679e-09,
00:00:51,     51346,   182.3922,  6.88489e-09,  1.66195e-09,  4.01811e-09,  5.49171e-09,  3.91300e-10,  1.75977e-09,  3.42080e-09,  1.18492e-09,
00:00:51,     51909,   185.1689,  7.10720e-09,  1.56412e-09,  3.36594e-09,  5.30538e-09,  3.91300e-10,  1.46630e-09,  3.14130e-09,  1.01724e-09,
00:00:52,     52472,   187.5490,  6.88489e-09,  1.56412e-09,  3.14974e-09,  5.39854e-09,  4.89125e-10,  1.66195e-09,  3.07143e-09,  1.18679e-09,
00:00:53,     53035,   189.1357,  7.99652e-09,  1.56412e-09,  2.60628e-09,  5.39854e-09,  4.89125e-10,  1.75977e-09,  3.00155e-09,  1.18492e-09,
00:00:53,     53598,   191.2513,  7.32955e-09,  1.56412e-09,  2.71497e-09,  5.30538e-09,  6.84775e-10,  1.85652e-09,  3.14130e-09,  1.35446e-09,
00:00:54,     54161,   193.1025,  7.32955e-09,  1.46630e-09,  2.49758e-09,  5.67805e-09,  5.86950e-10,  1.95435e-09,  3.07143e-09,  1.52400e-09,
00:00:54,     54724,   194.2925,  8.21886e-09,  1.95435e-09,  2.71497e-09,  5.49171e-09,  5.86950e-10,  2.34565e-09,  3.14130e-09,  1.52400e-09,
00:00:55,     55287,   196.1437,  6.88489e-09,  2.05217e-09,  2.82367e-09,  5.49171e-09,  5.86950e-10,  2.63912e-09,  3.35093e-09,  1.86308e-09,
00:00:55,     55850,   197.4660,  7.55186e-09,  1.85652e-09,  2.82367e-09,  5.30538e-09,  7.81525e-10,  2.83370e-09,  3.49068e-09,  1.86308e-09,
00:00:56,     56413,   199.1849,  6.66255e-09,  2.15000e-09,  2.71497e-09,  5.95652e-09,  9.77175e-10,  3.61630e-09,  3.76941e-09,  3.04986e-09,
00:00:56,     56976,   200.6394,  6.66255e-09,  2.54130e-09,  2.93236e-09,  5.95652e-09,  1.07500e-09,  4.69130e-09,  4.04891e-09,  3.72617e-09,
00:00:57,     57539,   202.0939,  7.10720e-09,  2.93152e-09,  3.25844e-09,  6.42235e-09,  1.36847e-09,  6.35217e-09,  4.60714e-09,  5.25017e-09,
00:00:58,     58102,   204.0773,  6.66255e-09,  3.81195e-09,  3.58333e-09,  6.98033e-09,  1.75977e-09,  8.69783e-09,  5.02639e-09,  7.62187e-09,
00:00:58,     58665,   205.9285,  7.10720e-09,  4.59347e-09,  3.58333e-09,  7.07350e-09,  2.63912e-09,  1.31934e-08,  6.35249e-09,  1.13480e-08,
00:00:59,     59228,   208.1763,  6.88489e-09,  6.15652e-09,  4.45169e-09,  7.91097e-09,  3.51847e-09,  1.88619e-08,  7.88814e-09,  1.64287e-08,
00:00:59,     59791,   210.4241,  6.66255e-09,  8.11195e-09,  5.10386e-09,  8.74948e-09,  4.20217e-09,  2.61913e-08,  1.07500e-08,  2.40504e-08,
00:01:00,     60354,   212.8042,  7.32955e-09,  1.02619e-08,  6.08091e-09,  9.95857e-09,  5.37500e-09,  3.27391e-08,  1.36118e-08,  2.94702e-08,
00:01:00,     60917,   215.8454,  7.32955e-09,  1.26065e-08,  6.73308e-09,  1.16346e-08,  5.96195e-09,  3.53771e-08,  1.58462e-08,  3.23506e-08,
00:01:01,     61480,   218.2255,  8.21886e-09,  1.24119e-08,  6.94928e-09,  1.27515e-08,  5.57065e-09,  3.29337e-08,  1.74511e-08,  2.84548e-08,
00:01:02,     62043,   220.7378,  7.32955e-09,  1.24119e-08,  6.40700e-09,  1.20062e-08,  4.69130e-09,  2.79500e-08,  1.76607e-08,  2.30352e-08,
00:01:02,     62606,   223.7790,  7.32955e-09,  1.15326e-08,  5.86352e-09,  1.20062e-08,  4.00652e-09,  2.12065e-08,  1.74511e-08,  1.72764e-08,
00:01:03,     63169,   226.4235,  7.55186e-09,  9.87065e-09,  5.42994e-09,  1.13550e-08,  3.22500e-09,  1.65163e-08,  1.64045e-08,  1.33807e-08,
00:01:03,     63732,   229.0680,  6.88489e-09,  8.89348e-09,  5.10386e-09,  1.12619e-08,  2.54130e-09,  1.26065e-08,  1.54270e-08,  1.01631e-08,
00:01:04,     64295,   231.3159,  7.77420e-09,  7.42717e-09,  4.56039e-09,  1.04244e-08,  2.05217e-09,  9.28478e-09,  1.36118e-08,  6.94371e-09,
00:01:04,     64858,   233.9604,  7.10720e-09,  6.84130e-09,  4.01811e-09,  9.86638e-09,  1.66195e-09,  6.25435e-09,  1.26351e-08,  4.74341e-09,
00:01:05,     65421,   236.2082,  7.10720e-09,  5.47282e-09,  3.69202e-09,  8.65631e-09,  1.17282e-09,  4.49565e-09,  1.13781e-08,  3.21754e-09,
00:01:05,     65984,   238.3239,  7.99652e-09,  4.78912e-09,  3.80072e-09,  9.21429e-09,  8.79350e-10,  3.61630e-09,  1.01219e-08,  2.54125e-09,
00:01:06,     66547,   240.7039,  7.10720e-09,  4.59347e-09,  3.47463e-09,  8.37681e-09,  9.77175e-10,  2.83477e-09,  9.00464e-09,  2.03262e-09,
00:01:07,     67110,   242.6873,  7.32955e-09,  4.20217e-09,  3.36594e-09,  8.37681e-09,  8.79350e-10,  2.44347e-09,  8.58614e-09,  1.86308e-09,
00:01:07,     67673,   245.0674,  8.44118e-09,  3.51847e-09,  3.04106e-09,  8.00414e-09,  6.83700e-10,  2.15000e-09,  7.81829e-09,  1.35446e-09,
00:01:08,     68236,   247.0508,  7.32955e-09,  3.42065e-09,  3.04106e-09,  8.37681e-09,  7.81525e-10,  2.05217e-09,  7.60864e-09,  1.52400e-09,
00:01:08,     68799,   249.1664,  6.44023e-09,  3.12717e-09,  2.93236e-09,  7.63250e-09,  6.83700e-10,  1.85652e-09,  6.70109e-09,  1.35446e-09,
00:01:09,     69362,   251.0176,  6.88489e-09,  3.12717e-09,  2.71497e-09,  7.35300e-09,  6.84775e-10,  1.75977e-09,  6.98059e-09,  1.35446e-09,
00:01:09,     69925,   253.1332,  7.99652e-09,  3.22500e-09,  2.93236e-09,  7.07350e-09,  5.86950e-10,  1.66195e-09,  6.21274e-09,  1.18492e-09,
00:01:10,     70488,   255.2488,  7.55186e-09,  2.73695e-09,  2.82367e-09,  6.88716e-09,  6.83700e-10,  1.66087e-09,  6.42236e-09,  1.01724e-09,
00:01:11,     71051,   257.7611,  7.32955e-09,  2.73695e-09,  2.93236e-09,  6.98033e-09,  5.86950e-10,  1.95435e-09,  6.07299e-09,  1.18679e-09,
00:01:11,     71614,   259.8767,  7.32955e-09,  2.63912e-09,  2.82367e-09,  7.16667e-09,  4.89125e-10,  1.56412e-09,  5.79425e-09,  1.01724e-09,
00:01:12,     72177,   262.1246,  8.44118e-09,  2.63912e-09,  2.93236e-09,  7.25983e-09,  3.91300e-10,  1.75977e-09,  5.30512e-09,  1.35446e-09,
00:01:12,     72740,   264.2402,  7.99652e-09,  2.54130e-09,  2.38889e-09,  6.98033e-09,  3.91300e-10,  1.66195e-09,  5.44487e-09,  1.18492e-09,
00:01:13,     73303,   266.8847,  8.66352e-09,  2.73695e-09,  2.93236e-09,  6.88716e-09,  4.89125e-10,  1.56412e-09,  5.30512e-09,  1.18679e-09,
00:01:13,     73866,   269.0003,  8.21886e-09,  2.34565e-09,  2.60628e-09,  6.32919e-09,  4.89125e-10,  1.56412e-09,  5.09626e-09,  1.18492e-09,
00:01:14,     74429,   271.1160,  8.21886e-09,  2.34565e-09,  2.82367e-09,  6.79502e-09,  5.86950e-10,  1.46630e-09,  4.95651e-09,  1.18492e-09,
00:01:14,     74992,   273.7605,  8.66352e-09,  2.44347e-09,  2.71497e-09,  6.79400e-09,  5.86950e-10,  1.46630e-09,  4.53726e-09,  1.01724e-09,
00:01:15,     75555,   276.0083,  8.66352e-09,  2.44347e-09,  2.49758e-09,  6.14286e-09,  5.86950e-10,  1.75977e-09,  4.67701e-09,  1.18679e-09,
00:01:16,     76118,   278.3884,  9.55039e-09,  1.95435e-09,  2.60628e-09,  6.23602e-09,  4.89125e-10,  1.56412e-09,  4.60714e-09,  1.01724e-09,
00:01:16,     76681,   280.5040,  9.99505e-09,  2.05217e-09,  2.60628e-09,  6.32919e-09,  5.86950e-10,  1.56412e-09,  4.53726e-09,  1.01724e-09,
00:01:17,     77244,   282.8841,  9.99505e-09,  2.15000e-09,  2.38889e-09,  6.14286e-09,  6.84775e-10,  1.36847e-09,  4.53726e-09,  8.47704e-10,
00:01:17,     77807,   284.8675,  9.99505e-09,  1.95435e-09,  2.49758e-09,  6.60869e-09,  5.86950e-10,  1.36847e-09,  4.25854e-09,  8.47704e-10,
00:01:18,     78370,   286.9831,  9.99505e-09,  2.24782e-09,  2.38889e-09,  6.32919e-09,  3.91300e-10,  1.17282e-09,  4.25854e-09,  1.01724e-09,
00:01:18,     78933,   289.6276,  1.06620e-08,  1.95435e-09,  2.28019e-09,  6.04969e-09,  3.91300e-10,  9.77175e-10,  4.11879e-09,  5.08622e-10,
00:01:19,     79496,   292.0077,  1.08844e-08,  1.56412e-09,  2.28019e-09,  6.14286e-09,  3.91300e-10,  1.07500e-09,  4.04891e-09,  6.78163e-10,
00:01:20,     80059,   294.1233,  1.08844e-08,  1.66195e-09,  2.49758e-09,  6.14286e-09,  5.86950e-10,  1.17282e-09,  4.18866e-09,  6.78163e-10,
00:01:20,     80622,   296.2389,  1.11067e-08,  1.85652e-09,  2.60628e-09,  5.77019e-09,  3.91300e-10,  9.77175e-10,  3.76941e-09,  1.01724e-09,
00:01:21,     81185,   298.4868,  1.15489e-08,  1.75870e-09,  2.49758e-09,  5.58488e-09,  3.91300e-10,  1.07500e-09,  3.90916e-09,  6.78163e-10,
00:01:21,     81748,   300.8668,  1.19936e-08,  1.56412e-09,  2.38889e-09,  5.77121e-09,  3.91300e-10,  8.79350e-10,  3.69954e-09,  6.78163e-10,
00:01:22,     82311,   302.9824,  1.19936e-08,  1.75977e-09,  2.38889e-09,  5.95652e-09,  3.91300e-10,  9.77175e-10,  3.69954e-09,  6.78163e-10,
00:01:22,     82874,   305.3625,  1.19936e-08,  1.75870e-09,  2.28019e-09,  5.77121e-09,  3.91300e-10,  9.77175e-10,  3.62966e-09,  5.08622e-10,
00:01:23,     83437,   307.3459,  1.22159e-08,  1.66195e-09,  2.17150e-09,  5.58488e-09,  2.93475e-10,  8.79350e-10,  3.56055e-09,  8.47704e-10,
00:01:24,     84000,   309.7260,  1.31052e-08,  1.56412e-09,  2.17150e-09,  5.95652e-09,  2.93475e-10,  8.79350e-10,  3.76941e-09,  6.78163e-10,
00:01:24,     84563,   312.1061,  1.26606e-08,  1.56412e-09,  2.28019e-09,  5.39854e-09,  3.91300e-10,  6.83700e-10,  3.49068e-09,  3.39081e-10,
00:01:25,     85126,   314.3539,  1.35499e-08,  1.36847e-09,  2.38889e-09,  5.95652e-09,  2.93475e-10,  7.81525e-10,  3.28105e-09,  5.08622e-10,
00:01:25,     85689,   316.6017,  1.28829e-08,  1.36847e-09,  2.60628e-09,  5.95652e-09,  3.91300e-10,  6.83700e-10,  3.00155e-09,  5.08622e-10,
00:01:26,     86252,   318.8496,  1.31052e-08,  1.46630e-09,  2.17150e-09,  5.86335e-09,  3.91300e-10,  5.86950e-10,  3.49068e-09,  5.08622e-10,
00:01:26,     86815,   321.2297,  1.31052e-08,  1.27065e-09,  2.71497e-09,  5.49171e-09,  3.91300e-10,  6.84775e-10,  3.14130e-09,  5.08622e-10,
00:01:27,     87378,   323.2131,  1.28829e-08,  1.46630e-09,  2.49758e-09,  5.49171e-09,  2.93475e-10,  7.81525e-10,  2.93168e-09,  5.08622e-10,
00:01:27,     87941,   325.7254,  1.31052e-08,  1.36847e-09,  2.49758e-09,  5.77121e-09,  2.93475e-10,  6.83700e-10,  3.35093e-09,  5.08622e-10,
00:01:28,     88504,   327.9732,  1.42144e-08,  1.46630e-09,  2.28019e-09,  5.49171e-09,  2.93475e-10,  5.85875e-10,  3.21118e-09,  5.08622e-10,
00:01:29,     89067,   330.4855,  1.37698e-08,  1.36847e-09,  2.38889e-09,  4.93271e-09,  2.93475e-10,  7.81525e-10,  3.35093e-09,  3.39081e-10,
00:01:29,     89630,   332.7333,  1.31052e-08,  1.07500e-09,  2.17150e-09,  5.67805e-09,  2.93475e-10,  6.84775e-10,  3.35093e-09,  3.39081e-10,
00:01:30,     90193,   334.7167,  1.51038e-08,  1.36847e-09,  2.49758e-09,  5.67805e-09,  4.89125e-10,  4.89125e-10,  3.35093e-09,  3.39081e-10,
00:01:30,     90756,   336.7001,  1.42144e-08,  1.27065e-09,  2.38889e-09,  5.67805e-09,  3.91300e-10,  6.83700e-10,  3.21118e-09,  3.39081e-10,
00:01:31,     91319,   339.0802,  1.33275e-08,  1.27065e-09,  2.28019e-09,  5.58488e-09,  2.93475e-10,  4.89125e-10,  3.42080e-09,  5.08622e-10,
00:01:31,     91882,   341.4603,  1.39921e-08,  1.27065e-09,  2.06280e-09,  5.49171e-09,  4.89125e-10,  6.84775e-10,  3.49068e-09,  3.39081e-10,
00:01:32,     92445,   343.9726,  1.39921e-08,  1.27065e-09,  2.38889e-09,  5.39854e-09,  3.91300e-10,  6.84775e-10,  3.76941e-09,  3.39081e-10,
00:01:33,     93008,   345.9560,  1.37698e-08,  1.07500e-09,  2.17150e-09,  5.67805e-09,  2.93475e-10,  6.84775e-10,  3.76941e-09,  1.69541e-10,
00:01:33,     93571,   348.2038,  1.39921e-08,  1.07500e-09,  2.28019e-09,  5.77019e-09,  2.93475e-10,  4.89125e-10,  3.83929e-09,  5.08622e-10,
00:01:34,     94134,   350.7161,  1.37698e-08,  1.07500e-09,  2.28019e-09,  5.58488e-09,  3.91300e-10,  5.86950e-10,  4.11879e-09,  1.69541e-10,
00:01:34,     94697,   352.6995,  1.39921e-08,  1.07500e-09,  2.60628e-09,  5.39854e-09,  2.93475e-10,  6.84775e-10,  4.25854e-09,  5.08622e-10,
00:01:35,     95260,   355.2118,  1.39921e-08,  1.17282e-09,  2.17150e-09,  5.77121e-09,  2.93475e-10,  6.84775e-10,  4.60714e-09,  3.39081e-10,
00:01:35,     95823,   357.1952,  1.46591e-08,  1.07500e-09,  2.17150e-09,  6.04969e-09,  1.95650e-10,  4.89125e-10,  4.39751e-09,  5.08622e-10,
00:01:36,     96386,   359.5752,  1.35499e-08,  1.07500e-09,  2.38889e-09,  5.49171e-09,  3.91300e-10,  5.86950e-10,  4.95651e-09,  5.08622e-10,
00:01:36,     96949,   361.9553,  1.33275e-08,  9.77175e-10,  2.38889e-09,  5.58488e-09,  1.95650e-10,  4.89125e-10,  4.88664e-09,  3.39081e-10,
00:01:37,     97512,   364.2032,  1.44368e-08,  1.07500e-09,  2.49758e-09,  5.67805e-09,  2.93475e-10,  5.86950e-10,  4.74689e-09,  1.69541e-10,
00:01:38,     98075,   366.7155,  1.35499e-08,  1.07500e-09,  2.06280e-09,  5.58488e-09,  3.91300e-10,  6.84775e-10,  4.81676e-09,  3.39081e-10,
00:01:38,     98638,   368.5666,  1.28829e-08,  9.77175e-10,  2.06280e-09,  5.58488e-09,  3.91300e-10,  4.89125e-10,  4.74689e-09,  3.39081e-10,
00:01:39,     99201,   371.0789,  1.46591e-08,  1.07500e-09,  2.17150e-09,  6.14286e-09,  3.91300e-10,  5.86950e-10,  4.67701e-09,  5.08622e-10,
00:01:39,     99764,   373.0623,  1.28829e-08,  1.07500e-09,  2.17150e-09,  5.86335e-09,  2.93475e-10,  4.89125e-10,  4.32841e-09,  1.69541e-10,
00:01:40,    100327,   375.3102,  1.28829e-08,  1.07500e-09,  2.28019e-09,  5.58488e-09,  2.93475e-10,  5.86950e-10,  4.11879e-09,  3.39081e-10,
00:01:40,    100890,   377.6902,  1.35499e-08,  8.79350e-10,  2.17150e-09,  5.77121e-09,  3.91300e-10,  5.86950e-10,  4.18866e-09,  3.39081e-10,
00:01:41,    101453,   379.9381,  1.26606e-08,  1.07500e-09,  2.28019e-09,  5.95652e-09,  2.93475e-10,  3.91300e-10,  3.76941e-09,  3.39081e-10,
00:01:42,    102016,   382.3181,  1.33275e-08,  9.77175e-10,  2.38889e-09,  5.58488e-09,  3.91300e-10,  4.89125e-10,  3.76941e-09,  3.39081e-10,
00:01:42,    102579,   384.4338,  1.24382e-08,  9.77175e-10,  1.95530e-09,  5.49171e-09,  1.95650e-10,  5.86950e-10,  3.62966e-09,  3.39081e-10,
00:01:43,    103142,   386.8138,  1.24382e-08,  8.79350e-10,  2.49758e-09,  5.49171e-09,  2.93475e-10,  4.89125e-10,  3.76941e-09,  3.39081e-10,
00:01:43,    103705,   388.7972,  1.26606e-08,  1.07500e-09,  2.06280e-09,  5.95652e-09,  2.93475e-10,  4.89125e-10,  3.42080e-09,  3.39081e-10,
00:01:44,    104268,   391.4418,  1.15489e-08,  8.79350e-10,  1.84661e-09,  5.95652e-09,  2.93475e-10,  5.86950e-10,  3.49068e-09,  3.39081e-10,
00:01:44,    104831,   393.5574,  1.15489e-08,  9.77175e-10,  2.17150e-09,  5.95652e-09,  1.95650e-10,  4.89125e-10,  3.49068e-09,  5.08622e-10,
00:01:45,    105394,   396.0697,  1.17713e-08,  8.79350e-10,  2.17150e-09,  6.14286e-09,  1.95650e-10,  4.89125e-10,  3.56055e-09,  1.69541e-10,
00:01:45,    105957,   398.0531,  1.11067e-08,  8.79350e-10,  2.38889e-09,  6.23602e-09,  1.95650e-10,  4.89125e-10,  3.62966e-09,  3.39081e-10,
00:01:46,    106520,   400.5654,  1.19936e-08,  6.83700e-10,  2.06280e-09,  6.42235e-09,  2.93475e-10,  3.91300e-10,  3.35093e-09,  3.39081e-10,
00:01:47,    107083,   403.2099,  1.06620e-08,  9.77175e-10,  2.17150e-09,  6.42235e-09,  1.95650e-10,  2.93475e-10,  3.42080e-09,  3.39081e-10,
00:01:47,    107646,   405.5900,  1.19936e-08,  9.77175e-10,  2.06280e-09,  6.23602e-09,  2.93475e-10,  3.91300e-10,  3.14130e-09,  1.69541e-10,
00:01:48,    108209,   407.7056,  1.04397e-08,  7.81525e-10,  2.28019e-09,  6.32919e-09,  2.93475e-10,  3.91300e-10,  3.00155e-09,  3.39081e-10,
00:01:48,    108772,   410.2179,  1.11067e-08,  9.77175e-10,  2.17150e-09,  6.42235e-09,  2.93475e-10,  3.91300e-10,  3.07143e-09,  1.69541e-10,
00:01:49,    109335,   412.3335,  9.77273e-09,  8.79350e-10,  2.28019e-09,  6.70186e-09,  2.93475e-10,  2.93475e-10,  2.93168e-09,  3.39081e-10,
00:01:49,    109898,   414.1846,  1.08844e-08,  9.77175e-10,  2.17150e-09,  6.70186e-09,  2.93475e-10,  4.89125e-10,  3.07143e-09,  3.39081e-10,
00:01:50,    110461,   416.1680,  9.99505e-09,  9.77175e-10,  2.06280e-09,  7.07350e-09,  1.95650e-10,  3.91300e-10,  3.00155e-09,  1.69541e-10,
00:01:51,    111024,   418.5481,  1.04397e-08,  9.77175e-10,  2.17150e-09,  6.79400e-09,  1.95650e-10,  3.91300e-10,  2.79193e-09,  1.69541e-10,
00:01:51,    111587,   420.7960,  1.02174e-08,  6.83700e-10,  1.84541e-09,  7.07350e-09,  3.91300e-10,  4.89125e-10,  3.21118e-09,  3.39081e-10,
00:01:52,    112150,   422.6471,  1.04397e-08,  9.77175e-10,  1.95411e-09,  7.25983e-09,  2.93475e-10,  5.86950e-10,  2.93168e-09,  3.39081e-10,
00:01:52,    112713,   424.7627,  9.99505e-09,  8.79350e-10,  2.06280e-09,  7.35300e-09,  1.95650e-10,  4.89125e-10,  2.93168e-09,  3.39081e-10,
00:01:53,    113276,   427.1428,  1.04397e-08,  7.81525e-10,  2.06280e-09,  7.53933e-09,  1.95650e-10,  3.91300e-10,  2.86180e-09,  1.69541e-10,
00:01:53,    113839,   429.3907,  1.11067e-08,  8.79350e-10,  2.06280e-09,  7.25983e-09,  2.93475e-10,  3.91300e-10,  3.00155e-09,  1.69541e-10,
00:01:54,    114402,   431.5063,  1.04397e-08,  8.79350e-10,  2.17150e-09,  7.35300e-09,  1.95650e-10,  3.91300e-10,  3.00155e-09,  1.69541e-10,
00:01:54,    114965,   433.8863,  1.06620e-08,  6.83700e-10,  2.06280e-09,  7.72567e-09,  1.95650e-10,  4.89125e-10,  2.86180e-09,  3.39081e-10,
00:01:55,    115528,   436.2664,  9.99505e-09,  9.77175e-10,  2.49758e-09,  7.53933e-09,  3.91300e-10,  3.91300e-10,  3.00155e-09,  1.69541e-10,
00:01:56,    116091,   438.2498,  1.02174e-08,  7.81525e-10,  2.06280e-09,  7.91097e-09,  2.93475e-10,  4.89125e-10,  3.07143e-09,  3.39081e-10,
00:01:56,    116654,   440.8943,  1.02174e-08,  8.79350e-10,  2.17150e-09,  7.53933e-09,  2.93475e-10,  3.91300e-10,  3.07143e-09,  1.69541e-10,
00:01:57,    117217,   443.2744,  9.55039e-09,  6.83700e-10,  2.28019e-09,  7.63250e-09,  1.95650e-10,  3.91300e-10,  2.86180e-09,  5.08622e-10,
00:01:57,    117780,   445.3900,  1.04397e-08,  7.81525e-10,  2.17150e-09,  7.81781e-09,  1.95650e-10,  5.86950e-10,  2.93168e-09,  3.39081e-10,
00:01:58,    118343,   447.6379,  1.02174e-08,  7.81525e-10,  2.28019e-09,  7.63250e-09,  2.93475e-10,  3.91300e-10,  2.72282e-09,  1.69541e-10,
00:01:58,    118906,   449.8857,  1.02174e-08,  7.81525e-10,  2.28019e-09,  8.19048e-09,  2.93475e-10,  3.91300e-10,  2.86180e-09,  1.69541e-10,
00:01:59,    119469,   452.1336,  1.02174e-08,  8.79350e-10,  2.06280e-09,  8.19048e-09,  2.93475e-10,  3.91300e-10,  3.07143e-09,  5.08622e-10,
00:02:00,    120032,   454.2492,  9.32807e-09,  7.81525e-10,  2.28019e-09,  8.09731e-09,  9.78250e-11,  3.91300e-10,  2.86180e-09,  3.39081e-10,
00:02:00,    120595,   456.6293,  9.10573e-09,  8.79350e-10,  2.06280e-09,  8.28365e-09,  2.93475e-10,  3.91300e-10,  2.65294e-09,  3.39081e-10,
00:02:01,    121158,   458.6126,  1.02174e-08,  8.79350e-10,  1.95411e-09,  8.56314e-09,  2.93475e-10,  4.89125e-10,  3.00155e-09,  1.69541e-10,
00:02:01,    121721,   460.9927,  9.32807e-09,  6.83700e-10,  2.06280e-09,  8.46998e-09,  2.93475e-10,  2.93475e-10,  2.72282e-09,  3.39081e-10,
00:02:02,    122284,   463.2406,  9.77273e-09,  9.77175e-10,  2.17150e-09,  8.65631e-09,  3.91300e-10,  4.89125e-10,  2.79193e-09,  3.39081e-10,
00:02:02,    122847,   465.7529,  9.55039e-09,  9.77175e-10,  2.06280e-09,  8.28365e-09,  3.91300e-10,  3.91300e-10,  2.65294e-09,  1.69541e-10,
00:02:03,    123410,   468.0007,  9.55039e-09,  7.81525e-10,  1.84661e-09,  8.46998e-09,  2.93475e-10,  3.91300e-10,  2.72282e-09,  5.08622e-10,
00:02:03,    123973,   470.1163,  9.32807e-09,  9.77175e-10,  2.06280e-09,  8.09731e-09,  2.93475e-10,  4.89125e-10,  2.65294e-09,  3.39081e-10,
00:02:04,    124536,   472.2319,  9.32807e-09,  7.81525e-10,  1.84661e-09,  8.37681e-09,  1.95650e-10,  3.91300e-10,  2.58307e-09,  0.00000e+00,
00:02:05,    125099,   474.6120,  9.55039e-09,  8.79350e-10,  2.06280e-09,  8.19048e-09,  3.91300e-10,  2.93475e-10,  2.79193e-09,  1.69541e-10,
00:02:05,    125662,   476.5954,  9.10573e-09,  7.81525e-10,  1.95530e-09,  8.56314e-09,  2.93475e-10,  4.89125e-10,  2.65294e-09,  1.69541e-10,
00:02:06,    126225,   479.2399,  9.32807e-09,  8.79350e-10,  2.06280e-09,  8.19048e-09,  2.93475e-10,  4.89125e-10,  2.58307e-09,  1.69541e-10,
00:02:06,    126788,   481.6200,  9.55039e-09,  7.81525e-10,  2.06280e-09,  8.00414e-09,  2.93475e-10,  4.89125e-10,  2.79193e-09,  1.69541e-10,
00:02:07,    127351,   483.6034,  9.32807e-09,  9.77175e-10,  2.17150e-09,  7.72567e-09,  2.93475e-10,  5.86950e-10,  2.37344e-09,  1.69541e-10,
00:02:07,    127914,   485.9835,  8.66352e-09,  9.77175e-10,  1.84661e-09,  7.63250e-09,  2.93475e-10,  3.91300e-10,  2.58307e-09,  3.39081e-10,
00:02:08,    128477,   488.2313,  9.32807e-09,  6.83700e-10,  1.95411e-09,  7.81883e-09,  2.93475e-10,  4.89125e-10,  2.72282e-09,  3.39081e-10,
00:02:09,    129040,   490.6114,  8.88341e-09,  6.84775e-10,  2.17150e-09,  7.35300e-09,  3.91300e-10,  3.91300e-10,  2.79269e-09,  1.69541e-10,
00:02:09,    129603,   492.5948,  8.66352e-09,  9.77175e-10,  2.17150e-09,  7.53933e-09,  2.93475e-10,  2.93475e-10,  2.72282e-09,  1.69541e-10,
00:02:10,    130166,   494.8426,  8.66352e-09,  8.79350e-10,  2.06280e-09,  7.25983e-09,  2.93475e-10,  3.91300e-10,  2.86180e-09,  0.00000e+00,
00:02:10,    130729,   497.4871,  8.88341e-09,  8.79350e-10,  1.95530e-09,  7.25983e-09,  2.93475e-10,  3.91300e-10,  2.58307e-09,  1.69541e-10,
00:02:11,    131292,   499.4705,  8.88584e-09,  7.81525e-10,  2.06280e-09,  6.88716e-09,  1.95650e-10,  1.95650e-10,  2.51319e-09,  3.39081e-10,
00:02:11,    131855,   501.8506,  8.66352e-09,  7.81525e-10,  2.17150e-09,  7.25983e-09,  1.95650e-10,  3.91300e-10,  2.58307e-09,  5.08622e-10,
00:02:12,    132418,   503.9662,  8.44118e-09,  9.77175e-10,  2.28019e-09,  6.88716e-09,  1.95650e-10,  4.89125e-10,  2.44332e-09,  1.69541e-10,
00:02:12,    132981,   506.3463,  8.88584e-09,  7.81525e-10,  2.28019e-09,  6.79502e-09,  1.95650e-10,  4.89125e-10,  2.58307e-09,  1.69541e-10,
00:02:13,    133544,   508.5941,  9.55039e-09,  7.81525e-10,  1.95411e-09,  6.98033e-09,  2.93475e-10,  5.86950e-10,  2.65294e-09,  3.39081e-10,
00:02:14,    134107,   510.5775,  8.88341e-09,  8.79350e-10,  2.28019e-09,  6.42235e-09,  2.93475e-10,  4.89125e-10,  2.65294e-09,  0.00000e+00,
00:02:14,    134670,   512.6931,  7.99652e-09,  7.81525e-10,  1.95530e-09,  6.32919e-09,  3.91300e-10,  3.91300e-10,  2.51319e-09,  3.39081e-10,
00:02:15,    135233,   515.4699,  8.44118e-09,  7.81525e-10,  2.06280e-09,  6.23602e-09,  2.93475e-10,  3.91300e-10,  2.58307e-09,  3.39081e-10,
00:02:15,    135796,   517.8499,  9.32807e-09,  7.81525e-10,  2.28019e-09,  6.51552e-09,  1.95650e-10,  4.89125e-10,  2.58307e-09,  1.69541e-10,
00:02:16,    136359,   519.9656,  8.88341e-09,  9.77175e-10,  2.06280e-09,  6.42235e-09,  1.95650e-10,  3.91300e-10,  2.37344e-09,  3.39081e-10,
00:02:16,    136922,   522.2134,  8.21886e-09,  7.81525e-10,  2.06280e-09,  6.32919e-09,  3.91300e-10,  4.89125e-10,  2.65294e-09,  1.69541e-10,
00:02:17,    137485,   524.5935,  8.66352e-09,  7.81525e-10,  2.17150e-09,  6.32919e-09,  2.93475e-10,  3.91300e-10,  2.58307e-09,  1.69541e-10,
00:02:18,    138048,   526.8413,  9.32807e-09,  7.81525e-10,  2.17150e-09,  6.23602e-09,  1.95650e-10,  5.86950e-10,  2.51319e-09,  1.69541e-10,
00:02:18,    138611,   528.9569,  7.99652e-09,  9.77175e-10,  2.38889e-09,  6.04969e-09,  2.93475e-10,  3.91300e-10,  2.51319e-09,  3.39081e-10,
00:02:19,    139174,   531.0726,  8.44118e-09,  8.79350e-10,  2.17150e-09,  6.23602e-09,  3.91300e-10,  3.91300e-10,  2.58307e-09,  1.69541e-10,
00:02:19,    139737,   533.5849,  8.88341e-09,  8.79350e-10,  2.17150e-09,  5.86335e-09,  1.95650e-10,  3.91300e-10,  2.58307e-09,  3.39081e-10,
00:02:20,    140300,   535.7005,  8.66352e-09,  7.81525e-10,  2.17150e-09,  5.86335e-09,  1.95650e-10,  4.89125e-10,  2.44332e-09,  1.69541e-10,
00:02:20,    140863,   537.8161,  8.66352e-09,  6.83700e-10,  2.06280e-09,  6.23602e-09,  2.93475e-10,  4.89125e-10,  2.51319e-09,  1.69541e-10,
00:02:21,    141426,   540.0640,  8.66352e-09,  6.83700e-10,  2.17150e-09,  5.86335e-09,  2.93475e-10,  4.89125e-10,  2.37344e-09,  3.39081e-10,
00:02:21,    141989,   542.1796,  8.66352e-09,  7.81525e-10,  2.17150e-09,  5.58488e-09,  9.78250e-11,  2.93475e-10,  2.37344e-09,  0.00000e+00,
00:02:22,    142552,   544.5597,  9.10573e-09,  6.83700e-10,  2.17150e-09,  6.14286e-09,  3.91300e-10,  3.91300e-10,  2.44332e-09,  3.39081e-10,
00:02:23,    143115,   546.9397,  8.66352e-09,  6.84775e-10,  1.95411e-09,  6.32919e-09,  1.95650e-10,  4.89125e-10,  2.51319e-09,  3.39081e-10,
00:02:23,    143678,   549.0553,  7.77420e-09,  5.86950e-10,  2.06280e-09,  5.95652e-09,  2.93475e-10,  4.89125e-10,  2.44332e-09,  5.08622e-10,
00:02:24,    144241,   551.1710,  8.21886e-09,  7.81525e-10,  2.17150e-09,  5.77019e-09,  1.95650e-10,  3.91300e-10,  2.37344e-09,  1.69541e-10,
00:02:24,    144804,   553.5510,  8.66352e-09,  8.79350e-10,  2.06280e-09,  6.04969e-09,  2.93475e-10,  3.91300e-10,  2.44332e-09,  1.69541e-10,
00:02:25,    145367,   555.7989,  8.66107e-09,  8.79350e-10,  2.06280e-09,  5.95652e-09,  9.78250e-11,  5.86950e-10,  2.58307e-09,  1.69541e-10,
00:02:25,    145930,   558.1789,  7.77420e-09,  7.81525e-10,  2.06280e-09,  6.04969e-09,  2.93475e-10,  3.91300e-10,  2.58307e-09,  3.39081e-10,
00:02:26,    146493,   560.4268,  7.99652e-09,  6.83700e-10,  2.17150e-09,  6.04969e-09,  2.93475e-10,  4.89125e-10,  2.37344e-09,  1.69541e-10,
00:02:27,    147056,   562.6746,  8.21886e-09,  7.81525e-10,  2.06280e-09,  5.95652e-09,  3.91300e-10,  4.89125e-10,  2.51319e-09,  1.69541e-10,
00:02:27,    147619,   564.7902,  8.44118e-09,  7.81525e-10,  2.28019e-09,  5.77121e-09,  2.93475e-10,  3.91300e-10,  2.37344e-09,  1.69541e-10,
00:02:28,    148182,   567.0381,  8.21886e-09,  7.81525e-10,  2.38889e-09,  5.86335e-09,  2.93475e-10,  2.93475e-10,  2.37344e-09,  3.39081e-10,
00:02:28,    148745,   569.4182,  8.66352e-09,  1.07500e-09,  1.95411e-09,  5.77019e-09,  3.91300e-10,  2.93475e-10,  2.37344e-09,  1.69541e-10,
00:02:29,    149308,   571.7982,  8.21886e-09,  7.81525e-10,  2.17150e-09,  5.77121e-09,  1.95650e-10,  5.86950e-10,  2.37344e-09,  1.69541e-10,
00:02:29,    149871,   573.6494,  8.44118e-09,  7.81525e-10,  1.84661e-09,  5.86335e-09,  1.95650e-10,  3.91300e-10,  2.30357e-09,  3.39081e-10,
00:02:30,    150434,   576.2939,  7.99652e-09,  7.81525e-10,  1.95411e-09,  5.49171e-09,  1.95650e-10,  4.89125e-10,  2.44332e-09,  5.08622e-10,
00:02:30,    150997,   578.5418,  8.21886e-09,  7.81525e-10,  2.06280e-09,  5.95652e-09,  2.93475e-10,  4.89125e-10,  2.58307e-09,  3.39081e-10,
00:02:31,    151560,   580.6574,  8.66352e-09,  8.79350e-10,  2.49758e-09,  5.49171e-09,  2.93475e-10,  2.93475e-10,  2.23369e-09,  3.39081e-10,
00:02:32,    152123,   583.0374,  7.99652e-09,  7.81525e-10,  2.28019e-09,  5.67805e-09,  1.95650e-10,  3.91300e-10,  2.23369e-09,  1.69541e-10,
00:02:32,    152686,   585.2853,  7.99652e-09,  7.81525e-10,  2.17150e-09,  5.86335e-09,  2.93475e-10,  2.93475e-10,  2.30357e-09,  3.39081e-10,
00:02:33,    153249,   587.5332,  7.99652e-09,  8.79350e-10,  2.17150e-09,  5.77121e-09,  2.93475e-10,  4.89125e-10,  2.23369e-09,  3.39081e-10,
00:02:33,    153812,   589.7810,  7.55186e-09,  8.79350e-10,  2.17150e-09,  6.23602e-09,  9.78250e-11,  3.91300e-10,  2.30357e-09,  3.39081e-10,
00:02:34,    154375,   592.1611,  7.99652e-09,  8.79350e-10,  2.06280e-09,  5.39854e-09,  2.93475e-10,  2.93475e-10,  2.30357e-09,  1.69541e-10,
00:02:34,    154938,   594.2767,  9.10573e-09,  8.79350e-10,  2.28019e-09,  5.67805e-09,  1.95650e-10,  3.91300e-10,  2.44332e-09,  3.39081e-10,
00:02:35,    155501,   596.6568,  8.66352e-09,  7.81525e-10,  2.17150e-09,  5.95652e-09,  1.95650e-10,  1.95650e-10,  2.30357e-09,  1.69541e-10,
00:02:36,    156064,   598.6402,  7.99652e-09,  8.79350e-10,  2.38889e-09,  5.77121e-09,  1.95650e-10,  3.91300e-10,  2.23369e-09,  0.00000e+00,
00:02:36,    156627,   601.0202,  7.77420e-09,  6.83700e-10,  2.28019e-09,  5.39854e-09,  2.93475e-10,  2.93475e-10,  2.37344e-09,  1.69541e-10,
00:02:37,    157190,   603.1358,  7.55186e-09,  8.79350e-10,  2.38889e-09,  5.58488e-09,  1.95650e-10,  4.89125e-10,  2.09394e-09,  3.39081e-10,
00:02:37,    157753,   605.2514,  8.44118e-09,  7.81525e-10,  2.28019e-09,  5.58488e-09,  2.93475e-10,  3.91300e-10,  2.16382e-09,  1.69541e-10,
00:02:38,    158316,   607.6316,  8.44118e-09,  7.81525e-10,  2.28019e-09,  5.58488e-09,  1.95650e-10,  4.89125e-10,  2.16382e-09,  0.00000e+00,
00:02:38,    158879,   610.0116,  8.21886e-09,  9.77175e-10,  2.17150e-09,  5.67805e-09,  1.95650e-10,  4.89125e-10,  2.02407e-09,  1.69541e-10,
00:02:39,    159442,   612.2594,  7.77420e-09,  6.83700e-10,  2.17150e-09,  5.30538e-09,  1.95650e-10,  3.91300e-10,  2.02407e-09,  3.39081e-10,
00:02:40,    160005,   614.5073,  7.77420e-09,  8.79350e-10,  2.28019e-09,  5.49171e-09,  1.95650e-10,  3.91300e-10,  2.09394e-09,  3.39081e-10,
00:02:40,    160568,   616.8874,  7.99652e-09,  7.81525e-10,  2.38889e-09,  5.86335e-09,  2.93475e-10,  3.91300e-10,  2.09394e-09,  3.39081e-10,
00:02:41,    161131,   619.3997,  8.44118e-09,  6.83700e-10,  1.95411e-09,  5.67805e-09,  2.93475e-10,  3.91300e-10,  2.30357e-09,  5.08622e-10,
00:02:41,    161694,   621.5153,  7.10720e-09,  7.81525e-10,  2.17150e-09,  5.39854e-09,  2.93475e-10,  3.91300e-10,  2.02407e-09,  1.69541e-10,
00:02:42,    162257,   623.7631,  8.21886e-09,  7.81525e-10,  2.06280e-09,  5.49171e-09,  2.93475e-10,  4.89125e-10,  2.30357e-09,  3.39081e-10,
00:02:42,    162820,   625.7465,  7.10720e-09,  7.81525e-10,  2.38889e-09,  5.77019e-09,  1.95650e-10,  2.93475e-10,  2.09394e-09,  3.39081e-10,
00:02:43,    163383,   628.2588,  7.99652e-09,  8.79350e-10,  2.17150e-09,  5.86335e-09,  1.95650e-10,  4.89125e-10,  2.09394e-09,  1.69541e-10,
00:02:43,    163946,   630.6389,  7.77420e-09,  8.79350e-10,  2.28019e-09,  5.49171e-09,  1.95650e-10,  4.89125e-10,  2.09394e-09,  1.69541e-10,
00:02:44,    164509,   632.8867,  7.99652e-09,  7.81525e-10,  2.28019e-09,  5.77121e-09,  2.93475e-10,  4.89125e-10,  1.95496e-09,  0.00000e+00,
00:02:45,    165072,   635.0023,  7.55186e-09,  8.79350e-10,  2.06280e-09,  5.77121e-09,  2.93475e-10,  4.89125e-10,  2.23369e-09,  1.69541e-10,
00:02:45,    165635,   637.2502,  8.21886e-09,  6.84775e-10,  2.06280e-09,  5.86335e-09,  1.95650e-10,  3.91300e-10,  2.09394e-09,  3.39081e-10,
00:02:46,    166198,   639.6303,  8.21886e-09,  8.79350e-10,  2.17150e-09,  5.67805e-09,  1.95650e-10,  3.91300e-10,  1.95496e-09,  1.69541e-10,
00:02:46,    166761,   642.0103,  8.21886e-09,  7.81525e-10,  2.38889e-09,  5.58488e-09,  2.93475e-10,  3.91300e-10,  2.16382e-09,  1.69541e-10,
00:02:47,    167324,   643.9937,  7.77420e-09,  8.79350e-10,  2.17150e-09,  5.77121e-09,  1.95650e-10,  3.91300e-10,  2.09394e-09,  0.00000e+00,
00:02:47,    167887,   646.1093,  7.99652e-09,  7.81525e-10,  2.28019e-09,  5.86335e-09,  2.93475e-10,  5.86950e-10,  2.09394e-09,  1.69541e-10,
00:02:48,    168450,   648.3572,  7.77420e-09,  5.86950e-10,  2.06280e-09,  5.77019e-09,  2.93475e-10,  3.91300e-10,  1.81521e-09,  3.39081e-10,
00:02:49,    169013,   650.7373,  7.99652e-09,  7.81525e-10,  2.28019e-09,  5.58488e-09,  2.93475e-10,  3.91300e-10,  2.23369e-09,  3.39081e-10,
00:02:49,    169576,   652.8529,  8.44118e-09,  8.79350e-10,  2.38889e-09,  5.58488e-09,  1.95650e-10,  2.93475e-10,  2.16382e-09,  3.39081e-10,
00:02:50,    170139,   655.1007,  8.21886e-09,  5.86950e-10,  2.06280e-09,  5.67805e-09,  1.95650e-10,  3.91300e-10,  1.95496e-09,  1.69541e-10,
00:02:50,    170702,   657.3485,  8.21886e-09,  7.81525e-10,  2.17150e-09,  5.49171e-09,  3.91300e-10,  3.91300e-10,  2.09394e-09,  3.39081e-10,
00:02:51,    171265,   659.7287,  7.99652e-09,  8.79350e-10,  2.28019e-09,  6.14286e-09,  1.95650e-10,  3.91300e-10,  2.09394e-09,  1.69541e-10,
00:02:51,    171828,   661.8443,  7.77420e-09,  8.79350e-10,  2.17150e-09,  6.04969e-09,  9.78250e-11,  3.91300e-10,  2.09394e-09,  3.39081e-10,
00:02:52,    172391,   664.2243,  7.55186e-09,  7.81525e-10,  2.28019e-09,  5.67805e-09,  2.93475e-10,  4.89125e-10,  1.95496e-09,  1.69541e-10,
00:02:52,    172954,   666.4722,  7.99652e-09,  7.81525e-10,  1.84541e-09,  6.14286e-09,  1.95650e-10,  4.89125e-10,  1.95496e-09,  3.39081e-10,
00:02:53,    173517,   668.8523,  7.77420e-09,  8.79350e-10,  2.17150e-09,  6.04969e-09,  2.93475e-10,  3.91300e-10,  2.09394e-09,  1.69541e-10,
00:02:54,    174080,   671.1001,  7.55186e-09,  7.81525e-10,  2.38889e-09,  5.86335e-09,  3.91300e-10,  3.91300e-10,  2.02484e-09,  3.39081e-10,
00:02:54,    174643,   673.3479,  7.32955e-09,  8.79350e-10,  2.28019e-09,  5.86335e-09,  3.91300e-10,  4.89125e-10,  2.09394e-09,  1.69541e-10,
00:02:55,    175206,   675.5958,  7.77420e-09,  8.79350e-10,  2.28019e-09,  6.23602e-09,  2.93475e-10,  4.89125e-10,  2.16382e-09,  0.00000e+00,
00:02:55,    175769,   677.7114,  7.99652e-09,  8.79350e-10,  2.49758e-09,  6.42235e-09,  2.93475e-10,  4.89125e-10,  2.02484e-09,  5.08622e-10,
00:02:56,    176332,   680.0915,  8.21886e-09,  6.83700e-10,  2.28019e-09,  5.58488e-09,  9.78250e-11,  4.89125e-10,  2.09394e-09,  0.00000e+00,
00:02:56,    176895,   682.2071,  7.55186e-09,  8.79350e-10,  2.49758e-09,  6.51552e-09,  3.91300e-10,  3.91300e-10,  2.02484e-09,  0.00000e+00,
00:02:57,    177458,   684.4549,  7.55186e-09,  9.77175e-10,  2.17150e-09,  6.23602e-09,  1.95650e-10,  4.89125e-10,  2.02484e-09,  1.69541e-10,
00:02:58,    178021,   686.5705,  7.55186e-09,  7.81525e-10,  2.17150e-09,  6.23602e-09,  1.95650e-10,  2.93475e-10,  1.81521e-09,  3.39081e-10,
00:02:58,    178584,   689.0828,  8.44118e-09,  7.81525e-10,  2.17150e-09,  5.95652e-09,  3.91300e-10,  4.89125e-10,  1.88509e-09,  0.00000e+00,
00:02:59,    179147,   691.3307,  7.99652e-09,  7.81525e-10,  2.38889e-09,  6.14286e-09,  1.95650e-10,  2.93475e-10,  1.88509e-09,  3.39081e-10,
00:02:59,    179710,   693.7108,  8.44118e-09,  7.81525e-10,  2.49758e-09,  6.32919e-09,  2.93475e-10,  3.91300e-10,  2.02484e-09,  1.69541e-10,
00:03:00,    180273,   695.8264,  7.77420e-09,  6.84775e-10,  2.38889e-09,  5.86335e-09,  1.95650e-10,  3.91300e-10,  2.09394e-09,  3.39081e-10,
00:03:00,    180836,   698.0742,  7.32955e-09,  7.81525e-10,  2.38889e-09,  6.32919e-09,  1.95650e-10,  2.93475e-10,  1.95496e-09,  3.39081e-10,
00:03:01,    181399,   700.4543,  7.10720e-09,  7.81525e-10,  2.17150e-09,  6.32919e-09,  2.93475e-10,  3.91300e-10,  1.81521e-09,  1.69541e-10,
00:03:01,    181962,   702.4377,  7.99652e-09,  7.81525e-10,  2.28019e-09,  5.95652e-09,  2.93475e-10,  2.93475e-10,  1.95496e-09,  1.69541e-10,
00:03:02,    182525,   704.8178,  7.77420e-09,  9.77175e-10,  2.49758e-09,  6.70186e-09,  3.91300e-10,  2.93475e-10,  2.09394e-09,  5.08622e-10,
00:03:03,    183088,   707.3300,  7.55186e-09,  6.84775e-10,  2.49758e-09,  6.04969e-09,  1.95650e-10,  3.91300e-10,  2.16382e-09,  3.39081e-10,
00:03:03,    183651,   709.4456,  8.21886e-09,  7.81525e-10,  2.17150e-09,  6.23602e-09,  2.93475e-10,  4.89125e-10,  2.02407e-09,  0.00000e+00,
00:03:04,    184214,   711.6935,  7.99652e-09,  7.81525e-10,  2.28019e-09,  6.32919e-09,  1.95650e-10,  3.91300e-10,  2.09394e-09,  3.39081e-10,
00:03:04,    184777,   713.8091,  7.32955e-09,  7.81525e-10,  2.17150e-09,  6.79400e-09,  2.93475e-10,  4.89125e-10,  2.09394e-09,  1.69541e-10,
00:03:05,    185340,   715.9248,  7.99652e-09,  6.84775e-10,  2.28019e-09,  6.23602e-09,  2.93475e-10,  2.93475e-10,  1.95496e-09,  3.39081e-10,
00:03:05,    185903,   718.3048,  7.10720e-09,  8.79350e-10,  2.38889e-09,  6.60869e-09,  2.93475e-10,  3.91300e-10,  1.95496e-09,  1.69541e-10,
00:03:06,    186466,   720.5527,  7.55186e-09,  7.81525e-10,  2.17150e-09,  6.60869e-09,  2.93475e-10,  3.91300e-10,  2.02407e-09,  1.69541e-10,
00:03:07,    187029,   723.0650,  7.77420e-09,  8.79350e-10,  2.28019e-09,  6.42235e-09,  1.95650e-10,  5.86950e-10,  2.16382e-09,  1.69541e-10,
00:03:07,    187592,   725.1806,  7.32955e-09,  6.83700e-10,  2.38889e-09,  6.70186e-09,  2.93475e-10,  3.91300e-10,  2.02407e-09,  1.69541e-10,
00:03:08,    188155,   727.2962,  7.32955e-09,  6.84775e-10,  2.49758e-09,  6.79400e-09,  2.93475e-10,  3.91300e-10,  1.88509e-09,  3.39081e-10,
00:03:08,    188718,   729.8085,  7.55186e-09,  7.81525e-10,  2.38889e-09,  6.42235e-09,  1.95650e-10,  3.91300e-10,  2.16382e-09,  5.08622e-10,
00:03:09,    189281,   731.9241,  7.99652e-09,  6.84775e-10,  2.28019e-09,  6.70186e-09,  2.93475e-10,  3.91300e-10,  2.02407e-09,  3.39081e-10,
00:03:09,    189844,   734.1720,  7.32955e-09,  8.79350e-10,  2.38889e-09,  6.14286e-09,  3.91300e-10,  3.91300e-10,  2.16382e-09,  1.69541e-10,
00:03:10,    190407,   736.1554,  7.77420e-09,  6.83700e-10,  2.38889e-09,  6.51552e-09,  1.95650e-10,  2.93475e-10,  1.95496e-09,  3.39081e-10,
00:03:10,    190970,   738.1388,  7.55186e-09,  7.81525e-10,  2.38889e-09,  6.51552e-09,  2.93475e-10,  1.95650e-10,  2.09394e-09,  1.69541e-10,
00:03:11,    191533,   740.3866,  8.88584e-09,  9.77175e-10,  2.38889e-09,  6.60869e-09,  9.78250e-11,  4.89125e-10,  2.02407e-09,  1.69541e-10,
00:03:12,    192096,   743.5600,  8.21886e-09,  7.81525e-10,  2.17150e-09,  6.51552e-09,  2.93475e-10,  3.91300e-10,  2.09394e-09,  3.39081e-10,
00:03:12,    192659,   745.6756,  7.55186e-09,  8.79350e-10,  2.60628e-09,  6.32919e-09,  2.93475e-10,  3.91300e-10,  2.02407e-09,  3.39081e-10,
00:03:13,    193222,   747.6590,  7.77420e-09,  6.83700e-10,  2.28019e-09,  6.88716e-09,  1.95650e-10,  3.91300e-10,  1.88509e-09,  3.39081e-10,
00:03:13,    193785,   749.9069,  7.10720e-09,  8.79350e-10,  2.60628e-09,  6.51552e-09,  1.95650e-10,  4.89125e-10,  2.02484e-09,  3.39081e-10,
00:03:14,    194348,   752.1547,  7.77420e-09,  7.81525e-10,  2.28019e-09,  6.79502e-09,  1.95650e-10,  3.91300e-10,  1.95496e-09,  5.08622e-10,
00:03:14,    194911,   754.4026,  7.77420e-09,  8.79350e-10,  2.38889e-09,  6.42235e-09,  2.93475e-10,  3.91300e-10,  1.81521e-09,  3.39081e-10,
00:03:15,    195474,   756.9149,  6.88489e-09,  8.79350e-10,  2.49758e-09,  6.88716e-09,  1.95650e-10,  2.93475e-10,  2.02407e-09,  5.08622e-10,
00:03:16,    196037,   759.1627,  8.21886e-09,  7.81525e-10,  2.38889e-09,  5.95652e-09,  1.95650e-10,  2.93475e-10,  1.95496e-09,  1.69541e-10,
00:03:16,    196600,   761.1461,  7.77420e-09,  7.81525e-10,  2.38889e-09,  6.51552e-09,  1.95650e-10,  2.93475e-10,  1.88509e-09,  5.08622e-10,
00:03:17,    197163,   763.7906,  7.10720e-09,  7.81525e-10,  2.38889e-09,  6.51552e-09,  1.95650e-10,  4.89125e-10,  1.95496e-09,  3.39081e-10,
00:03:17,    197726,   765.9062,  7.77420e-09,  8.79350e-10,  2.49758e-09,  6.51552e-09,  2.93475e-10,  4.89125e-10,  1.81521e-09,  0.00000e+00,
00:03:18,    198289,   768.1541,  7.55186e-09,  8.79350e-10,  2.49758e-09,  6.60869e-09,  2.93475e-10,  2.93475e-10,  1.95496e-09,  1.69541e-10,
00:03:18,    198852,   770.2697,  7.10720e-09,  7.81525e-10,  2.17150e-09,  6.51552e-09,  2.93475e-10,  3.91300e-10,  2.09394e-09,  1.69541e-10,
00:03:19,    199415,   772.5175,  7.32955e-09,  4.89125e-10,  2.38889e-09,  6.70186e-09,  1.95650e-10,  3.91300e-10,  1.95496e-09,  1.69541e-10,
00:03:19,    199978,   774.5009,  7.99652e-09,  8.79350e-10,  2.28019e-09,  6.51552e-09,  2.93475e-10,  4.89125e-10,  1.74534e-09,  1.69541e-10,
00:03:20,    200541,   777.1455,  7.77420e-09,  6.83700e-10,  2.17150e-09,  6.23602e-09,  1.95650e-10,  3.91300e-10,  1.88509e-09,  3.39081e-10,
00:03:21,    201104,   779.5255,  7.99652e-09,  6.83700e-10,  2.38889e-09,  6.14286e-09,  3.91300e-10,  4.89125e-10,  1.88509e-09,  3.39081e-10,
00:03:21,    201667,   781.5089,  7.99652e-09,  5.86950e-10,  2.38889e-09,  6.32919e-09,  1.95650e-10,  2.93475e-10,  2.02484e-09,  3.39081e-10,
00:03:22,    202230,   783.8890,  7.10720e-09,  6.83700e-10,  2.38889e-09,  6.60869e-09,  2.93475e-10,  3.91300e-10,  2.09394e-09,  1.69541e-10,
00:03:22,    202793,   786.1369,  7.77420e-09,  7.81525e-10,  2.38889e-09,  6.14286e-09,  1.95650e-10,  4.89125e-10,  1.95496e-09,  3.39081e-10,
00:03:23,    203356,   788.5169,  7.99652e-09,  6.83700e-10,  2.38889e-09,  6.14286e-09,  3.91300e-10,  2.93475e-10,  2.02407e-09,  1.69541e-10,
00:03:23,    203919,   790.8970,  8.44118e-09,  8.79350e-10,  2.28019e-09,  6.14286e-09,  2.93475e-10,  3.91300e-10,  2.02407e-09,  1.69541e-10,
00:03:24,    204482,   792.8804,  7.55186e-09,  6.84775e-10,  2.60628e-09,  6.42235e-09,  2.93475e-10,  2.93475e-10,  2.02484e-09,  1.69541e-10,
00:03:25,    205045,   795.1282,  7.32955e-09,  7.81525e-10,  2.60628e-09,  6.42235e-09,  1.95650e-10,  2.93475e-10,  1.95496e-09,  3.39081e-10,
00:03:25,    205608,   797.2439,  8.21886e-09,  7.81525e-10,  2.38889e-09,  6.42235e-09,  1.95650e-10,  2.93475e-10,  1.88509e-09,  3.39081e-10,
00:03:26,    206171,   799.6239,  7.77420e-09,  6.83700e-10,  2.17150e-09,  6.32919e-09,  3.91300e-10,  2.93475e-10,  2.16382e-09,  1.69541e-10,
00:03:26,    206734,   801.7395,  7.10720e-09,  6.83700e-10,  2.71497e-09,  6.60869e-09,  2.93475e-10,  3.91300e-10,  2.09394e-09,  5.08622e-10,
00:03:27,    207297,   804.3841,  7.10720e-09,  7.81525e-10,  2.38889e-09,  6.70186e-09,  3.91300e-10,  3.91300e-10,  2.16382e-09,  3.39081e-10,
00:03:27,    207860,   806.3675,  7.77420e-09,  6.84775e-10,  2.38889e-09,  6.51552e-09,  1.95650e-10,  3.91300e-10,  1.88509e-09,  1.69541e-10,
00:03:28,    208423,   808.6153,  7.55186e-09,  6.83700e-10,  2.38889e-09,  6.51552e-09,  2.93475e-10,  3.91300e-10,  2.23369e-09,  1.69541e-10,
00:03:28,    208986,   810.9954,  7.32955e-09,  5.86950e-10,  2.28019e-09,  6.60869e-09,  2.93475e-10,  2.93475e-10,  2.02484e-09,  3.39081e-10,
00:03:29,    209549,   813.2432,  7.77420e-09,  7.81525e-10,  2.17150e-09,  6.51552e-09,  3.91300e-10,  4.89125e-10,  1.67546e-09,  0.00000e+00,
00:03:30,    210112,   815.6233,  7.55186e-09,  7.81525e-10,  2.49758e-09,  6.98033e-09,  9.78250e-11,  2.93475e-10,  1.95496e-09,  1.69541e-10,
00:03:30,    210675,   817.8711,  7.32955e-09,  5.86950e-10,  2.49758e-09,  6.88716e-09,  9.78250e-11,  2.93475e-10,  1.88509e-09,  1.69541e-10,
00:03:31,    211238,   820.1190,  7.10720e-09,  4.89125e-10,  2.49758e-09,  6.88716e-09,  1.95650e-10,  3.91300e-10,  1.88509e-09,  1.69541e-10,
00:03:31,    211801,   822.2346,  7.32955e-09,  6.83700e-10,  2.60628e-09,  6.88716e-09,  2.93475e-10,  4.89125e-10,  2.02407e-09,  5.08622e-10,
00:03:32,    212364,   824.4824,  7.32955e-09,  6.83700e-10,  2.60628e-09,  6.70186e-09,  2.93475e-10,  3.91300e-10,  2.09394e-09,  0.00000e+00,
00:03:32,    212927,   826.8625,  8.21886e-09,  5.86950e-10,  2.38889e-09,  6.98033e-09,  2.93475e-10,  4.89125e-10,  1.88509e-09,  3.39081e-10,
00:03:33,    213490,   829.1104,  6.88489e-09,  7.81525e-10,  2.06280e-09,  6.88716e-09,  3.91300e-10,  4.89125e-10,  2.09394e-09,  3.39081e-10,
00:03:34,    214053,   831.2260,  7.99652e-09,  7.81525e-10,  2.38889e-09,  7.07350e-09,  2.93475e-10,  4.89125e-10,  1.88509e-09,  1.69541e-10,
00:03:34,    214616,   833.3416,  7.55186e-09,  6.83700e-10,  2.38889e-09,  7.07350e-09,  1.95650e-10,  3.91300e-10,  2.02407e-09,  1.69541e-10,
00:03:35,    215179,   835.9861,  7.99652e-09,  7.81525e-10,  2.60628e-09,  7.25983e-09,  3.91300e-10,  3.91300e-10,  1.88509e-09,  3.39081e-10,
00:03:35,    215742,   837.9695,  7.55186e-09,  7.81525e-10,  2.49758e-09,  6.79400e-09,  2.93475e-10,  2.93475e-10,  2.02407e-09,  1.69541e-10,
00:03:36,    216305,   840.0851,  7.55186e-09,  5.86950e-10,  2.60628e-09,  7.16667e-09,  2.93475e-10,  3.91300e-10,  2.02484e-09,  1.69541e-10,
00:03:36,    216868,   842.3330,  7.55186e-09,  6.83700e-10,  2.38889e-09,  7.63250e-09,  2.93475e-10,  3.91300e-10,  1.88509e-09,  1.69541e-10,
00:03:37,    217431,   844.5808,  7.32955e-09,  7.81525e-10,  2.49758e-09,  7.53933e-09,  1.95650e-10,  4.89125e-10,  1.88509e-09,  3.39081e-10,
00:03:37,    217994,   846.9609,  7.55186e-09,  5.86950e-10,  2.38889e-09,  7.25983e-09,  1.95650e-10,  2.93475e-10,  1.95496e-09,  1.69541e-10,
00:03:38,    218557,   849.3410,  7.32955e-09,  7.81525e-10,  2.38889e-09,  7.44617e-09,  2.93475e-10,  2.93475e-10,  1.81521e-09,  3.39081e-10,
00:03:39,    219120,   851.4566,  7.99652e-09,  7.81525e-10,  2.82367e-09,  7.07350e-09,  3.91300e-10,  2.93475e-10,  1.81521e-09,  3.39081e-10,
00:03:39,    219683,   853.4400,  7.77420e-09,  7.81525e-10,  2.49758e-09,  7.16667e-09,  1.95650e-10,  3.91300e-10,  2.02484e-09,  3.39081e-10,
00:03:40,    220246,   856.2167,  7.32955e-09,  8.79350e-10,  2.28019e-09,  7.25983e-09,  1.95650e-10,  4.89125e-10,  1.88509e-09,  1.69541e-10,
00:03:40,    220809,   858.2001,  7.32955e-09,  7.81525e-10,  2.49758e-09,  7.16667e-09,  2.93475e-10,  4.89125e-10,  2.09394e-09,  3.39081e-10,
00:03:41,    221372,   860.5802,  7.32955e-09,  5.86950e-10,  2.38889e-09,  7.16667e-09,  1.95650e-10,  2.93475e-10,  2.02484e-09,  3.39081e-10,
00:03:41,    221935,   862.8280,  7.77420e-09,  7.81525e-10,  2.49758e-09,  7.53933e-09,  1.95650e-10,  2.93475e-10,  1.81521e-09,  1.69541e-10,
00:03:42,    222498,   864.9436,  6.66255e-09,  6.83700e-10,  2.60628e-09,  7.25983e-09,  1.95650e-10,  5.86950e-10,  1.95496e-09,  1.69541e-10,
00:03:43,    223061,   867.3237,  7.32955e-09,  6.84775e-10,  2.71497e-09,  7.53933e-09,  2.93475e-10,  3.91300e-10,  2.02407e-09,  1.69541e-10,
00:03:43,    223624,   869.5716,  7.55186e-09,  6.83700e-10,  2.49758e-09,  7.53933e-09,  3.91300e-10,  4.89125e-10,  1.81521e-09,  0.00000e+00,
00:03:44,    224187,   871.9516,  7.99652e-09,  7.81525e-10,  2.49758e-09,  6.98033e-09,  2.93475e-10,  3.91300e-10,  2.02484e-09,  3.39081e-10,
00:03:44,    224750,   874.3317,  6.66255e-09,  7.81525e-10,  2.49758e-09,  7.25983e-09,  9.78250e-11,  3.91300e-10,  1.88509e-09,  3.39081e-10,
00:03:45,    225313,   876.7118,  7.32955e-09,  5.85875e-10,  2.38889e-09,  7.16667e-09,  1.95650e-10,  2.93475e-10,  1.88509e-09,  1.69541e-10,
00:03:45,    225876,   878.5630,  7.55186e-09,  9.77175e-10,  2.38889e-09,  7.25983e-09,  2.93475e-10,  4.89125e-10,  2.02484e-09,  3.39081e-10,
00:03:46,    226439,   880.9430,  7.32955e-09,  7.81525e-10,  2.71497e-09,  7.35300e-09,  1.95650e-10,  3.91300e-10,  1.74534e-09,  3.39081e-10,
00:03:47,    227002,   883.3231,  6.88489e-09,  6.84775e-10,  2.71497e-09,  7.07350e-09,  2.93475e-10,  3.91300e-10,  1.81521e-09,  3.39081e-10,
00:03:47,    227565,   885.5709,  7.77420e-09,  7.81525e-10,  2.38889e-09,  7.07350e-09,  2.93475e-10,  1.95650e-10,  2.09394e-09,  1.69541e-10,
00:03:48,    228128,   887.5543,  7.77420e-09,  5.86950e-10,  2.38889e-09,  7.16667e-09,  2.93475e-10,  3.91300e-10,  1.95496e-09,  3.39081e-10,
00:03:48,    228691,   890.0666,  7.77420e-09,  6.84775e-10,  2.60628e-09,  6.98033e-09,  3.91300e-10,  2.93475e-10,  1.88509e-09,  0.00000e+00,
00:03:49,    229254,   892.1822,  7.10720e-09,  7.81525e-10,  2.60628e-09,  7.07350e-09,  1.95650e-10,  3.91300e-10,  1.88509e-09,  1.69541e-10,
00:03:49,    229817,   894.5623,  7.10720e-09,  5.86950e-10,  2.28019e-09,  7.07350e-09,  9.78250e-11,  3.91300e-10,  1.88509e-09,  3.39081e-10,
00:03:50,    230380,   896.6780,  7.32955e-09,  6.83700e-10,  2.60628e-09,  6.70186e-09,  2.93475e-10,  4.89125e-10,  1.95496e-09,  3.39081e-10,
00:03:50,    230943,   899.0580,  7.55186e-09,  6.83700e-10,  2.49758e-09,  6.60869e-09,  3.91300e-10,  2.93475e-10,  2.09394e-09,  3.39081e-10,
00:03:51,    231506,   901.3058,  7.55186e-09,  8.79350e-10,  2.60628e-09,  6.88716e-09,  2.93475e-10,  3.91300e-10,  1.95496e-09,  3.39081e-10,
00:03:52,    232069,   903.8182,  7.32955e-09,  6.84775e-10,  2.71497e-09,  6.88716e-09,  1.95650e-10,  3.91300e-10,  1.95496e-09,  3.39081e-10,
00:03:52,    232632,   906.0660,  6.66255e-09,  7.81525e-10,  2.71497e-09,  6.79400e-09,  1.95650e-10,  2.93475e-10,  2.23369e-09,  3.39081e-10,
00:03:53,    233195,   907.9172,  8.21886e-09,  7.81525e-10,  2.71497e-09,  6.42235e-09,  2.93475e-10,  4.89125e-10,  2.09394e-09,  1.69541e-10,
00:03:53,    233758,   910.1650,  7.99652e-09,  5.86950e-10,  2.38889e-09,  6.51552e-09,  3.91300e-10,  2.93475e-10,  2.09394e-09,  3.39081e-10,
00:03:54,    234321,   912.9417,  7.55186e-09,  7.81525e-10,  2.38889e-09,  6.14286e-09,  2.93475e-10,  4.89125e-10,  2.02484e-09,  1.69541e-10,
00:03:54,    234884,   914.7929,  6.88489e-09,  6.83700e-10,  2.60628e-09,  6.14286e-09,  3.91300e-10,  1.95650e-10,  1.95496e-09,  3.39081e-10,
00:03:55,    235447,   916.9085,  7.32955e-09,  6.84775e-10,  2.71497e-09,  6.70186e-09,  1.95650e-10,  3.91300e-10,  2.09394e-09,  3.39081e-10,
00:03:56,    236010,   919.1563,  7.99652e-09,  6.84775e-10,  2.49758e-09,  6.42235e-09,  1.95650e-10,  3.91300e-10,  1.88509e-09,  1.69541e-10,
00:03:56,    236573,   921.4042,  7.10720e-09,  6.83700e-10,  2.71497e-09,  6.70186e-09,  1.95650e-10,  2.93475e-10,  1.88509e-09,  1.69541e-10,
00:03:57,    237136,   923.6521,  7.10720e-09,  6.84775e-10,  2.38889e-09,  6.60869e-09,  1.95650e-10,  1.95650e-10,  1.95496e-09,  1.69541e-10,
00:03:57,    237699,   926.0321,  7.77420e-09,  7.81525e-10,  2.82367e-09,  6.32919e-09,  2.93475e-10,  2.93475e-10,  1.88509e-09,  3.39081e-10,
00:03:58,    238262,   928.2800,  7.32955e-09,  5.86950e-10,  2.71497e-09,  6.32919e-09,  2.93475e-10,  3.91300e-10,  1.95496e-09,  5.08622e-10,
00:03:58,    238825,   930.5278,  7.55186e-09,  6.83700e-10,  2.49758e-09,  6.32919e-09,  3.91300e-10,  2.93475e-10,  2.02484e-09,  1.69541e-10,
00:03:59,    239388,   932.9078,  7.32955e-09,  6.83700e-10,  2.60628e-09,  6.32919e-09,  1.95650e-10,  4.89125e-10,  1.95496e-09,  3.39081e-10,
00:03:59,    239951,   935.1557,  6.88489e-09,  6.84775e-10,  2.93236e-09,  6.42235e-09,  2.93475e-10,  3.91300e-10,  2.02407e-09,  1.69541e-10,
00:04:00,    240514,   937.4036,  7.32955e-09,  5.86950e-10,  3.04106e-09,  6.04969e-09,  2.93475e-10,  3.91300e-10,  2.02484e-09,  1.69541e-10,
00:04:01,    241077,   939.6514,  7.55186e-09,  6.83700e-10,  2.93236e-09,  6.23602e-09,  2.93475e-10,  3.91300e-10,  2.02407e-09,  1.69541e-10,
00:04:01,    241640,   941.8992,  7.99652e-09,  6.83700e-10,  2.93236e-09,  6.23602e-09,  3.91300e-10,  4.89125e-10,  2.02484e-09,  3.39081e-10,
00:04:02,    242203,   944.2793,  7.10720e-09,  6.83700e-10,  2.71497e-09,  5.77019e-09,  3.91300e-10,  3.91300e-10,  1.95496e-09,  3.39081e-10,
00:04:02,    242766,   946.3949,  6.88489e-09,  7.81525e-10,  2.93236e-09,  6.04969e-09,  2.93475e-10,  3.91300e-10,  2.02484e-09,  1.69541e-10,
00:04:03,    243329,   948.6428,  6.88489e-09,  6.84775e-10,  2.82367e-09,  6.04969e-09,  9.78250e-11,  3.91300e-10,  1.88509e-09,  3.39081e-10,
00:04:03,    243892,   951.0228,  8.21886e-09,  7.81525e-10,  2.71497e-09,  6.14286e-09,  2.93475e-10,  3.91300e-10,  1.95496e-09,  3.39081e-10,
00:04:04,    244455,   953.4029,  7.32955e-09,  7.81525e-10,  2.60628e-09,  6.14286e-09,  2.93475e-10,  3.91300e-10,  2.02407e-09,  1.69541e-10,
00:04:05,    245018,   955.5186,  7.55186e-09,  6.84775e-10,  2.71497e-09,  6.04969e-09,  2.93475e-10,  2.93475e-10,  2.02484e-09,  3.39081e-10,
00:04:05,    245581,   957.7664,  6.88489e-09,  7.81525e-10,  2.71497e-09,  5.58488e-09,  3.91300e-10,  3.91300e-10,  2.09394e-09,  1.69541e-10,
00:04:06,    246144,   959.8820,  7.77420e-09,  7.81525e-10,  2.82367e-09,  6.14286e-09,  1.95650e-10,  2.93475e-10,  1.95496e-09,  3.39081e-10,
00:04:06,    246707,   961.9976,  6.88489e-09,  7.81525e-10,  2.60628e-09,  5.77121e-09,  1.95650e-10,  3.91300e-10,  1.88509e-09,  0.00000e+00,
00:04:07,    247270,   964.1132,  7.32955e-09,  7.81525e-10,  2.82367e-09,  6.04969e-09,  1.95650e-10,  2.93475e-10,  1.95496e-09,  3.39081e-10,
00:04:07,    247833,   966.3611,  7.55186e-09,  6.83700e-10,  2.93236e-09,  5.86335e-09,  1.95650e-10,  2.93475e-10,  1.95496e-09,  3.39081e-10,
00:04:08,    248396,   969.1378,  7.10720e-09,  8.79350e-10,  2.82367e-09,  5.95652e-09,  1.95650e-10,  2.93475e-10,  1.88509e-09,  0.00000e+00,
00:04:08,    248959,   970.9890,  7.55186e-09,  6.84775e-10,  2.71497e-09,  6.23602e-09,  1.95650e-10,  1.95650e-10,  2.16382e-09,  1.69541e-10,
00:04:09,    249522,   973.5013,  7.32955e-09,  5.86950e-10,  2.71497e-09,  5.95652e-09,  2.93475e-10,  2.93475e-10,  1.88509e-09,  1.69541e-10,
00:04:10,    250085,   975.6169,  7.32955e-09,  5.86950e-10,  2.71497e-09,  5.77121e-09,  1.95650e-10,  2.93475e-10,  2.02484e-09,  3.39081e-10,
00:04:10,    250648,   978.1292,  7.10720e-09,  6.84775e-10,  2.82367e-09,  5.95652e-09,  1.95650e-10,  2.93475e-10,  1.95496e-09,  3.39081e-10,
00:04:11,    251211,   980.2448,  7.10720e-09,  8.79350e-10,  2.71497e-09,  5.95652e-09,  1.95650e-10,  3.91300e-10,  2.02484e-09,  1.69541e-10,
00:04:11,    251774,   982.3604,  7.55186e-09,  7.81525e-10,  2.60628e-09,  6.04969e-09,  1.95650e-10,  1.95650e-10,  2.09394e-09,  1.69541e-10,
00:04:12,    252337,   984.7406,  7.77420e-09,  6.83700e-10,  2.93236e-09,  6.14286e-09,  1.95650e-10,  3.91300e-10,  2.23369e-09,  3.39081e-10,
00:04:12,    252900,   986.9884,  7.32955e-09,  5.86950e-10,  2.93236e-09,  5.77121e-09,  2.93475e-10,  3.91300e-10,  2.09394e-09,  0.00000e+00,
00:04:13,    253463,   989.1040,  7.32955e-09,  6.83700e-10,  3.14974e-09,  5.67805e-09,  2.93475e-10,  3.91300e-10,  1.95496e-09,  3.39081e-10,
00:04:14,    254026,   991.3518,  7.99652e-09,  6.84775e-10,  3.25724e-09,  5.49171e-09,  9.78250e-11,  3.91300e-10,  1.88509e-09,  1.69541e-10,
00:04:14,    254589,   993.5997,  7.32955e-09,  6.84775e-10,  2.93236e-09,  6.04969e-09,  1.95650e-10,  2.93475e-10,  2.16382e-09,  1.69541e-10,
00:04:15,    255152,   995.8476,  7.99652e-09,  7.81525e-10,  2.82367e-09,  5.77019e-09,  2.93475e-10,  4.89125e-10,  1.95496e-09,  1.69541e-10,
00:04:15,    255715,   998.2276,  7.55186e-09,  6.83700e-10,  2.93236e-09,  5.86335e-09,  2.93475e-10,  3.91300e-10,  2.02407e-09,  1.69541e-10,
00:04:16,    256278,  1000.4754,  7.55186e-09,  5.86950e-10,  3.04106e-09,  6.23602e-09,  2.93475e-10,  3.91300e-10,  2.16382e-09,  1.69541e-10,
00:04:16,    256841,  1002.7233,  8.44118e-09,  6.84775e-10,  2.93236e-09,  5.95652e-09,  2.93475e-10,  3.91300e-10,  1.81521e-09,  1.69541e-10,
00:04:17,    257404,  1005.1034,  7.55186e-09,  5.86950e-10,  3.14974e-09,  5.58488e-09,  2.93475e-10,  2.93475e-10,  1.88509e-09,  1.69541e-10,
00:04:17,    257967,  1006.9546,  7.10720e-09,  5.86950e-10,  3.04106e-09,  5.77019e-09,  1.95650e-10,  3.91300e-10,  1.95496e-09,  0.00000e+00,
