0000000562,scans,0000000146,DataLength
"header",0000000028,"lines"
"Date",5/9/2016,"Time",7:00:08 AM
"ID","HAL RC RGA 301 #14852","Version",3
"Scans",9
"Scan ID","Mode","Input","Scanned","Start","Stop","Increment","Dwell","Settle","RS","RelSEM"
"Scan 1","RGA","Temperature","none",0.40,0.40,0.01,10.000,10.000,1.000000,1.000000,
"Scan 2","RGA","SEM","mass",2.00,2.00,0.01,10.000,10.000,0.440000,1.000000,
"Scan 3","RGA","SEM","mass",14.00,14.00,0.01,10.000,10.000,1.000000,1.000000,
"Scan 4","RGA","SEM","mass",18.00,18.00,0.01,10.000,10.000,0.900000,1.000000,
"Scan 5","RGA","SEM","mass",28.00,28.00,0.01,10.000,10.000,1.050000,1.000000,
"Scan 6","RGA","SEM","mass",29.00,29.00,0.01,10.000,10.000,1.000000,1.000000,
"Scan 7","RGA","SEM","mass",43.00,43.00,0.01,10.000,10.000,1.000000,1.000000,
"Scan 8","RGA","SEM","mass",44.00,44.00,0.01,10.000,10.000,1.400000,1.000000,
"Scan 9","RGA","SEM","mass",60.00,60.00,0.01,10.000,10.000,0.577000,1.000000,
"Environment",
"Global","RGA"
"F1",1,"( 1 = on, 0 = off )"
"F2",0,"( 1 = on, 0 = off )"
"cage",3.3,"V"
"delta-m",0,"%"
"electron-energy",70.0,"V"
"emission",1000.000,"uA"
"focus",-90,"V"
"mass",5.50,"amu"
"mode-change-delay",1000,"ms"
"multiplier",1100,"V"
"resolution",0,"%"
"Data",9
"Time","ms","Temperature","Hydrogen","Ketene","Water","Carbon monoxide","Acetaldehyde","Acetic acid","Carbon dioxide","Acetic acid",
00:00:01,      1241,   140.0798,  2.44318e-10,  0.00000e+00,  0.00000e+00,  0.00000e+00,  1.07500e-10, -1.07500e-10,  0.00000e+00,  0.00000e+00,
00:00:01,      1745,   140.2121,  0.00000e+00,  0.00000e+00,  2.86667e-09,  1.74048e-09,  0.00000e+00,  3.22500e-10,  2.04250e-08,  1.86308e-10,
00:00:02,      2249,   140.0798,  1.73466e-08,  9.92225e-08,  7.57278e-08,  1.19171e-07,  7.84750e-09,  3.87000e-09,  3.19121e-07,  1.11785e-09,
00:00:02,      2753,   139.9476,  1.61250e-08,  5.81575e-08,  4.74194e-08,  8.12905e-08,  5.26750e-09,  3.22500e-09,  2.13694e-07,  9.31542e-10,
00:00:03,      3258,   139.9476,  1.34375e-08,  4.25700e-08,  3.55944e-08,  6.36810e-08,  3.97750e-09,  2.15000e-09,  1.57180e-07,  7.45234e-10,
00:00:03,      3763,   140.3443,  1.29489e-08,  3.38625e-08,  2.86667e-08,  5.20095e-08,  3.44000e-09,  1.93500e-09,  1.23318e-07,  7.45234e-10,
00:00:04,      4268,   139.9476,  1.17273e-08,  2.67675e-08,  2.37694e-08,  4.50476e-08,  2.68750e-09,  1.72000e-09,  1.00359e-07,  5.58925e-10,
00:00:04,      4773,   140.0798,  1.09943e-08,  2.30050e-08,  2.06639e-08,  3.85976e-08,  2.25750e-09,  1.61250e-09,  8.24679e-08,  9.31542e-10,
00:00:05,      5278,   140.2121,  1.07500e-08,  1.95650e-08,  1.85139e-08,  3.55262e-08,  2.25750e-09,  1.50500e-09,  7.24857e-08,  5.58925e-10,
00:00:05,      5783,   140.3443,  1.09943e-08,  1.69850e-08,  1.63639e-08,  3.17381e-08,  1.82750e-09,  1.29000e-09,  6.11214e-08,  5.58925e-10,
00:00:06,      6288,   140.2121,  9.52841e-09,  1.47275e-08,  1.48111e-08,  2.99976e-08,  1.93500e-09,  1.29000e-09,  5.42107e-08,  7.45234e-10,
00:00:06,      6793,   140.2121,  9.28409e-09,  1.29000e-08,  1.43333e-08,  2.80524e-08,  1.61250e-09,  9.67500e-10,  4.89893e-08,  3.72617e-10,
00:00:07,      7298,   140.3443,  1.07500e-08,  1.17175e-08,  1.36167e-08,  2.58000e-08,  1.39750e-09,  1.18250e-09,  4.23089e-08,  5.58925e-10,
00:00:07,      7803,   140.0798,  9.52841e-09,  1.12875e-08,  1.27806e-08,  2.46738e-08,  1.50500e-09,  1.29000e-09,  3.96982e-08,  5.58925e-10,
00:00:08,      8308,   140.0798,  9.77273e-09,  1.03200e-08,  1.19444e-08,  2.26262e-08,  1.29000e-09,  9.67500e-10,  3.64732e-08,  7.45234e-10,
00:00:08,      8813,   140.2121,  9.03977e-09,  9.24500e-09,  1.12278e-08,  2.13976e-08,  1.18250e-09,  1.07500e-09,  3.34018e-08,  3.72617e-10,
00:00:09,      9318,   140.0798,  9.03977e-09,  8.49250e-09,  1.18250e-08,  2.13976e-08,  1.29000e-09,  1.18250e-09,  3.13286e-08,  1.86308e-10,
00:00:09,      9823,   140.2121,  8.79545e-09,  8.27750e-09,  1.09889e-08,  1.96571e-08,  1.07500e-09,  1.07500e-09,  2.91786e-08,  7.45234e-10,
00:00:10,     10328,   139.9476,  8.79545e-09,  7.74000e-09,  1.02722e-08,  1.93500e-08,  1.07500e-09,  1.18250e-09,  2.70286e-08,  5.58925e-10,
00:00:10,     10833,   140.2121,  9.03977e-09,  7.09500e-09,  1.01528e-08,  1.82238e-08,  9.67500e-10,  8.60000e-10,  2.58768e-08,  1.86308e-10,
00:00:11,     11338,   140.2121,  9.03977e-09,  6.23500e-09,  9.43611e-09,  1.78143e-08,  1.18250e-09,  9.67500e-10,  2.38036e-08,  7.45234e-10,
00:00:11,     11843,   140.2121,  1.00170e-08,  6.45000e-09,  1.00333e-08,  1.70976e-08,  9.67500e-10,  1.07500e-09,  2.31893e-08,  3.72617e-10,
00:00:12,     12348,   140.2121,  8.55114e-09,  6.12750e-09,  9.55556e-09,  1.64833e-08,  1.07500e-09,  9.67500e-10,  2.15000e-08,  1.86308e-10,
00:00:12,     12853,   140.3443,  8.79545e-09,  5.37500e-09,  9.55556e-09,  1.60738e-08,  8.60000e-10,  8.60000e-10,  2.02714e-08,  3.72617e-10,
00:00:13,     13358,   140.2121,  9.03977e-09,  5.16000e-09,  9.31667e-09,  1.59714e-08,  9.67500e-10,  8.60000e-10,  1.99643e-08,  3.72617e-10,
00:00:13,     13863,   140.2121,  9.03977e-09,  5.48250e-09,  8.95833e-09,  1.57667e-08,  8.60000e-10,  8.60000e-10,  1.89661e-08,  3.72617e-10,
00:00:14,     14368,   140.0798,  7.81818e-09,  4.51500e-09,  8.83889e-09,  1.52548e-08,  8.60000e-10,  1.07500e-09,  1.82750e-08,  3.72617e-10,
00:00:14,     14873,   140.2121,  7.57386e-09,  4.94500e-09,  9.43611e-09,  1.45381e-08,  6.45000e-10,  8.60000e-10,  1.77375e-08,  1.86308e-10,
00:00:15,     15378,   140.2121,  9.28409e-09,  4.83750e-09,  9.31667e-09,  1.46405e-08,  6.45000e-10,  6.45000e-10,  1.70464e-08,  3.72617e-10,
00:00:15,     15883,   140.2121,  8.30682e-09,  4.19250e-09,  8.83889e-09,  1.43333e-08,  8.60000e-10,  8.60000e-10,  1.62018e-08,  3.72617e-10,
00:00:16,     16388,   140.2121,  7.57386e-09,  4.40750e-09,  8.60000e-09,  1.39238e-08,  8.60000e-10,  9.67500e-10,  1.62018e-08,  3.72617e-10,
00:00:16,     16893,   140.2121,  8.06250e-09,  4.51500e-09,  8.60000e-09,  1.43333e-08,  9.67500e-10,  7.52500e-10,  1.58946e-08,  1.86308e-10,
00:00:17,     17398,   140.0798,  8.55114e-09,  4.08500e-09,  8.71944e-09,  1.36167e-08,  8.60000e-10,  7.52500e-10,  1.46661e-08,  1.86308e-10,
00:00:17,     17903,   139.9476,  9.03977e-09,  3.76250e-09,  8.48056e-09,  1.36167e-08,  7.52500e-10,  7.52500e-10,  1.43589e-08,  3.72617e-10,
00:00:18,     18408,   140.2121,  8.55114e-09,  4.08500e-09,  8.12222e-09,  1.33095e-08,  7.52500e-10,  8.60000e-10,  1.43589e-08,  5.58925e-10,
00:00:18,     18913,   140.0798,  9.03977e-09,  3.76250e-09,  8.36111e-09,  1.30024e-08,  6.45000e-10,  8.60000e-10,  1.40518e-08,  3.72617e-10,
00:00:19,     19418,   140.0798,  9.03977e-09,  3.54750e-09,  8.24167e-09,  1.32071e-08,  7.52500e-10,  8.60000e-10,  1.37446e-08,  5.58925e-10,
00:00:19,     19923,   140.3443,  8.55114e-09,  3.76250e-09,  8.48056e-09,  1.23881e-08,  6.45000e-10,  8.60000e-10,  1.30536e-08,  3.72617e-10,
00:00:20,     20428,   140.2121,  8.55114e-09,  3.44000e-09,  8.12222e-09,  1.24905e-08,  7.52500e-10,  6.45000e-10,  1.28232e-08,  3.72617e-10,
00:00:20,     20933,   139.9476,  8.30682e-09,  3.33250e-09,  8.36111e-09,  1.26952e-08,  8.60000e-10,  7.52500e-10,  1.26696e-08,  1.86308e-10,
00:00:21,     21438,   139.9476,  8.30682e-09,  3.11750e-09,  8.12222e-09,  1.21833e-08,  8.60000e-10,  8.60000e-10,  1.23625e-08,  5.58925e-10,
00:00:21,     21943,   140.3443,  8.30682e-09,  3.22500e-09,  7.88333e-09,  1.21833e-08,  5.37500e-10,  8.60000e-10,  1.15179e-08,  3.72617e-10,
00:00:22,     22448,   139.9476,  8.55114e-09,  3.01000e-09,  8.00278e-09,  1.19786e-08,  6.45000e-10,  1.07500e-09,  1.19018e-08,  5.58925e-10,
00:00:22,     22953,   140.0798,  7.57386e-09,  3.01000e-09,  7.88333e-09,  1.16714e-08,  5.37500e-10,  8.60000e-10,  1.18250e-08,  3.72617e-10,
00:00:23,     23458,   140.3443,  8.06250e-09,  3.44000e-09,  7.76389e-09,  1.17738e-08,  7.52500e-10,  8.60000e-10,  1.09804e-08,  3.72617e-10,
00:00:23,     23963,   140.3443,  8.55114e-09,  2.68750e-09,  7.52500e-09,  1.17738e-08,  6.45000e-10,  7.52500e-10,  1.07500e-08,  3.72617e-10,
00:00:24,     24468,   140.0798,  8.06250e-09,  2.79500e-09,  7.52500e-09,  1.13643e-08,  7.52500e-10,  8.60000e-10,  1.09036e-08,  3.72617e-10,
00:00:24,     24973,   140.2121,  8.30682e-09,  2.58000e-09,  8.00278e-09,  1.17738e-08,  7.52500e-10,  8.60000e-10,  1.05964e-08,  3.72617e-10,
00:00:25,     25478,   140.2121,  8.55114e-09,  3.01000e-09,  7.28611e-09,  1.14667e-08,  7.52500e-10,  7.52500e-10,  1.02893e-08,  3.72617e-10,
00:00:25,     25983,   140.2121,  8.55114e-09,  2.47250e-09,  7.64444e-09,  1.10571e-08,  6.45000e-10,  8.60000e-10,  1.08268e-08,  3.72617e-10,
00:00:26,     26488,   140.0798,  9.03977e-09,  2.47250e-09,  7.64444e-09,  1.11595e-08,  6.45000e-10,  9.67500e-10,  1.02125e-08,  5.58925e-10,
00:00:26,     26993,   140.0798,  8.06250e-09,  2.79500e-09,  7.76389e-09,  1.09548e-08,  8.60000e-10,  7.52500e-10,  9.75179e-09,  5.58925e-10,
00:00:27,     27498,   140.3443,  7.32955e-09,  2.68750e-09,  8.24167e-09,  1.10571e-08,  6.45000e-10,  6.45000e-10,  9.75179e-09,  3.72617e-10,
00:00:28,     28003,   140.2121,  8.06250e-09,  2.79500e-09,  8.12222e-09,  1.08524e-08,  7.52500e-10,  9.67500e-10,  9.75179e-09,  5.58925e-10,
00:00:28,     28508,   140.2121,  8.30682e-09,  2.90250e-09,  7.40556e-09,  1.13643e-08,  6.45000e-10,  9.67500e-10,  9.52143e-09,  3.72617e-10,
00:00:29,     29013,   140.2121,  7.81818e-09,  2.36500e-09,  7.40556e-09,  1.12619e-08,  6.45000e-10,  6.45000e-10,  9.82857e-09,  3.72617e-10,
00:00:29,     29518,   140.0798,  8.55114e-09,  2.36500e-09,  7.28611e-09,  1.07500e-08,  6.45000e-10,  6.45000e-10,  9.29107e-09,  5.58925e-10,
00:00:30,     30023,   140.3443,  7.57386e-09,  2.47250e-09,  7.40556e-09,  1.05452e-08,  6.45000e-10,  7.52500e-10,  9.75179e-09,  7.45234e-10,
00:00:30,     30528,   140.2121,  8.79545e-09,  2.25750e-09,  6.92778e-09,  1.06476e-08,  6.45000e-10,  7.52500e-10,  9.21429e-09,  5.58925e-10,
00:00:31,     31033,   140.0798,  7.57386e-09,  2.58000e-09,  6.92778e-09,  1.07500e-08,  7.52500e-10,  7.52500e-10,  9.36786e-09,  5.58925e-10,
00:00:31,     31538,   140.2121,  8.30682e-09,  2.36500e-09,  7.04722e-09,  1.06476e-08,  6.45000e-10,  7.52500e-10,  9.29107e-09,  1.86308e-10,
00:00:32,     32043,   140.2121,  7.57386e-09,  2.47250e-09,  7.40556e-09,  1.07500e-08,  6.45000e-10,  6.45000e-10,  9.13750e-09,  7.45234e-10,
00:00:32,     32548,   140.2121,  7.57386e-09,  2.25750e-09,  7.64444e-09,  1.04429e-08,  4.30000e-10,  7.52500e-10,  8.60000e-09,  5.58925e-10,
00:00:33,     33053,   140.0798,  8.06250e-09,  2.25750e-09,  7.88333e-09,  1.05452e-08,  5.37500e-10,  7.52500e-10,  8.98393e-09,  7.45234e-10,
00:00:33,     33558,   140.2121,  8.55114e-09,  2.25750e-09,  7.16667e-09,  1.03405e-08,  5.37500e-10,  6.45000e-10,  8.90714e-09,  5.58925e-10,
00:00:34,     34063,   140.2121,  7.81818e-09,  2.47250e-09,  7.28611e-09,  1.01357e-08,  5.37500e-10,  7.52500e-10,  8.90714e-09,  3.72617e-10,
00:00:34,     34568,   140.3443,  8.06250e-09,  2.04250e-09,  6.80833e-09,  1.05452e-08,  6.45000e-10,  7.52500e-10,  8.90714e-09,  5.58925e-10,
00:00:35,     35073,   140.2121,  7.81818e-09,  2.04250e-09,  7.16667e-09,  1.00333e-08,  7.52500e-10,  9.67500e-10,  8.06250e-09,  5.58925e-10,
00:00:35,     35578,   140.0798,  7.08523e-09,  2.15000e-09,  6.56944e-09,  9.93095e-09,  6.45000e-10,  6.45000e-10,  8.13929e-09,  5.58925e-10,
00:00:36,     36083,   140.4765,  7.81818e-09,  2.04250e-09,  7.04722e-09,  1.05452e-08,  5.37500e-10,  6.45000e-10,  8.21607e-09,  5.58925e-10,
00:00:36,     36588,   140.0798,  7.57386e-09,  1.93500e-09,  6.92778e-09,  1.01357e-08,  5.37500e-10,  7.52500e-10,  8.29286e-09,  5.58925e-10,
00:00:37,     37093,   140.3443,  7.32955e-09,  2.15000e-09,  7.04722e-09,  1.00333e-08,  7.52500e-10,  6.45000e-10,  8.21607e-09,  5.58925e-10,
00:00:37,     37598,   140.2121,  8.06250e-09,  2.25750e-09,  6.80833e-09,  1.01357e-08,  5.37500e-10,  8.60000e-10,  8.29286e-09,  5.58925e-10,
00:00:38,     38103,   140.0798,  7.57386e-09,  2.04250e-09,  6.80833e-09,  9.82857e-09,  3.22500e-10,  6.45000e-10,  8.13929e-09,  7.45234e-10,
00:00:38,     38608,   140.2121,  7.57386e-09,  2.15000e-09,  6.92778e-09,  9.62381e-09,  5.37500e-10,  7.52500e-10,  7.98571e-09,  7.45234e-10,
00:00:39,     39113,   140.2121,  7.08523e-09,  2.15000e-09,  6.56944e-09,  9.52143e-09,  5.37500e-10,  6.45000e-10,  7.90893e-09,  5.58925e-10,
00:00:39,     39618,   140.2121,  7.57386e-09,  2.04250e-09,  6.92778e-09,  9.62381e-09,  4.30000e-10,  7.52500e-10,  7.83214e-09,  5.58925e-10,
00:00:40,     40123,   140.3443,  7.81818e-09,  2.04250e-09,  6.92778e-09,  9.93095e-09,  6.45000e-10,  7.52500e-10,  8.21607e-09,  7.45234e-10,
00:00:40,     40628,   139.9476,  8.30682e-09,  2.04250e-09,  7.04722e-09,  9.62381e-09,  5.37500e-10,  8.60000e-10,  7.44821e-09,  3.72617e-10,
00:00:41,     41133,   140.3443,  7.08523e-09,  1.93500e-09,  6.56944e-09,  9.52143e-09,  6.45000e-10,  7.52500e-10,  7.75536e-09,  7.45234e-10,
00:00:41,     41638,   140.3443,  7.32955e-09,  1.82750e-09,  6.56944e-09,  9.21429e-09,  5.37500e-10,  7.52500e-10,  7.67857e-09,  5.58925e-10,
00:00:42,     42143,   140.2121,  7.81818e-09,  1.93500e-09,  7.04722e-09,  9.00952e-09,  4.30000e-10,  7.52500e-10,  7.60179e-09,  5.58925e-10,
00:00:42,     42648,   140.4765,  8.30682e-09,  2.25750e-09,  6.80833e-09,  9.52143e-09,  6.45000e-10,  6.45000e-10,  7.52500e-09,  5.58925e-10,
00:00:43,     43153,   140.3443,  7.57386e-09,  1.93500e-09,  6.80833e-09,  9.82857e-09,  5.37500e-10,  6.45000e-10,  7.90893e-09,  5.58925e-10,
00:00:43,     43658,   140.3443,  8.06250e-09,  2.04250e-09,  6.68889e-09,  9.52143e-09,  5.37500e-10,  6.45000e-10,  7.75536e-09,  5.58925e-10,
00:00:44,     44163,   140.3443,  7.32955e-09,  1.72000e-09,  6.68889e-09,  9.41905e-09,  5.37500e-10,  8.60000e-10,  7.44821e-09,  5.58925e-10,
00:00:44,     44668,   140.3443,  7.81818e-09,  2.04250e-09,  6.56944e-09,  9.31667e-09,  6.45000e-10,  9.67500e-10,  7.29464e-09,  5.58925e-10,
00:00:45,     45173,   140.2121,  7.81818e-09,  1.82750e-09,  6.80833e-09,  9.52143e-09,  5.37500e-10,  7.52500e-10,  7.67857e-09,  7.45234e-10,
00:00:45,     45678,   140.3443,  7.57386e-09,  1.82750e-09,  6.33056e-09,  9.21429e-09,  5.37500e-10,  7.52500e-10,  7.60179e-09,  7.45234e-10,
00:00:46,     46183,   140.2121,  7.81818e-09,  1.82750e-09,  6.45000e-09,  9.11190e-09,  6.45000e-10,  7.52500e-10,  7.37143e-09,  5.58925e-10,
00:00:46,     46688,   140.3443,  7.57386e-09,  1.61250e-09,  6.68889e-09,  9.21429e-09,  4.30000e-10,  7.52500e-10,  7.21786e-09,  5.58925e-10,
00:00:47,     47193,   140.2121,  7.32955e-09,  2.04250e-09,  6.68889e-09,  9.31667e-09,  3.22500e-10,  8.60000e-10,  7.37143e-09,  5.58925e-10,
00:00:47,     47698,   140.3443,  8.06250e-09,  1.72000e-09,  6.68889e-09,  8.80476e-09,  7.52500e-10,  9.67500e-10,  7.21786e-09,  5.58925e-10,
00:00:48,     48203,   140.2121,  7.57386e-09,  1.61250e-09,  6.56944e-09,  9.52143e-09,  6.45000e-10,  9.67500e-10,  7.37143e-09,  7.45234e-10,
00:00:48,     48708,   140.3443,  7.57386e-09,  1.61250e-09,  6.45000e-09,  8.80476e-09,  5.37500e-10,  7.52500e-10,  7.37143e-09,  7.45234e-10,
00:00:49,     49213,   140.3443,  7.81818e-09,  1.82750e-09,  6.80833e-09,  9.31667e-09,  6.45000e-10,  8.60000e-10,  7.29464e-09,  3.72617e-10,
00:00:49,     49718,   140.3443,  8.06250e-09,  2.04250e-09,  6.45000e-09,  9.93095e-09,  5.37500e-10,  9.67500e-10,  7.29464e-09,  7.45234e-10,
00:00:50,     50223,   140.4765,  8.06250e-09,  2.04250e-09,  6.56944e-09,  1.08524e-08,  5.37500e-10,  7.52500e-10,  7.14107e-09,  7.45234e-10,
00:00:50,     50728,   140.4765,  8.55114e-09,  2.15000e-09,  6.33056e-09,  9.93095e-09,  6.45000e-10,  8.60000e-10,  7.37143e-09,  7.45234e-10,
00:00:51,     51233,   140.2121,  8.30682e-09,  2.04250e-09,  6.33056e-09,  9.93095e-09,  6.45000e-10,  7.52500e-10,  7.90893e-09,  5.58925e-10,
00:00:51,     51738,   140.2121,  8.06250e-09,  2.04250e-09,  6.33056e-09,  9.72619e-09,  5.37500e-10,  7.52500e-10,  7.52500e-09,  5.58925e-10,
00:00:52,     52243,   140.4765,  8.06250e-09,  2.15000e-09,  6.21111e-09,  9.52143e-09,  5.37500e-10,  7.52500e-10,  7.83214e-09,  7.45234e-10,
00:00:52,     52748,   140.4765,  7.08523e-09,  1.93500e-09,  6.68889e-09,  9.41905e-09,  5.37500e-10,  7.52500e-10,  7.98571e-09,  5.58925e-10,
00:00:53,     53253,   140.3443,  8.06250e-09,  1.82750e-09,  6.56944e-09,  9.11190e-09,  5.37500e-10,  7.52500e-10,  7.60179e-09,  5.58925e-10,
00:00:53,     53758,   140.3443,  8.55114e-09,  1.82750e-09,  6.21111e-09,  8.80476e-09,  5.37500e-10,  8.60000e-10,  7.98571e-09,  5.58925e-10,
00:00:54,     54263,   140.4765,  7.81818e-09,  1.93500e-09,  6.68889e-09,  9.00952e-09,  5.37500e-10,  6.45000e-10,  7.75536e-09,  5.58925e-10,
00:00:54,     54768,   140.4765,  8.79545e-09,  2.15000e-09,  6.45000e-09,  9.41905e-09,  5.37500e-10,  7.52500e-10,  7.90893e-09,  5.58925e-10,
00:00:55,     55273,   140.2121,  8.55114e-09,  2.04250e-09,  5.85278e-09,  9.00952e-09,  5.37500e-10,  8.60000e-10,  7.83214e-09,  5.58925e-10,
00:00:55,     55778,   140.4765,  8.55114e-09,  2.04250e-09,  6.09167e-09,  9.52143e-09,  5.37500e-10,  7.52500e-10,  7.67857e-09,  7.45234e-10,
00:00:56,     56283,   140.0798,  8.06250e-09,  2.04250e-09,  6.09167e-09,  9.11190e-09,  5.37500e-10,  6.45000e-10,  7.67857e-09,  5.58925e-10,
00:00:56,     56788,   140.2121,  7.57386e-09,  1.82750e-09,  6.33056e-09,  9.62381e-09,  3.22500e-10,  6.45000e-10,  7.83214e-09,  7.45234e-10,
00:00:57,     57293,   140.2121,  8.79545e-09,  1.93500e-09,  6.33056e-09,  8.90714e-09,  5.37500e-10,  7.52500e-10,  7.75536e-09,  7.45234e-10,
00:00:57,     57798,   140.0798,  8.30682e-09,  2.36500e-09,  6.21111e-09,  8.80476e-09,  5.37500e-10,  7.52500e-10,  7.90893e-09,  5.58925e-10,
00:00:58,     58303,   140.2121,  7.81818e-09,  1.93500e-09,  6.33056e-09,  9.11190e-09,  3.22500e-10,  7.52500e-10,  7.98571e-09,  5.58925e-10,
00:00:58,     58808,   140.0798,  8.30682e-09,  2.04250e-09,  6.09167e-09,  9.62381e-09,  5.37500e-10,  7.52500e-10,  7.52500e-09,  7.45234e-10,
00:00:59,     59313,   140.2121,  7.81818e-09,  1.82750e-09,  6.45000e-09,  8.80476e-09,  5.37500e-10,  6.45000e-10,  7.75536e-09,  5.58925e-10,
00:00:59,     59818,   140.2121,  8.06250e-09,  2.04250e-09,  5.97222e-09,  8.49762e-09,  4.30000e-10,  6.45000e-10,  7.67857e-09,  7.45234e-10,
00:01:00,     60323,   140.3443,  8.30682e-09,  1.82750e-09,  6.21111e-09,  8.80476e-09,  4.30000e-10,  8.60000e-10,  7.90893e-09,  7.45234e-10,
00:01:00,     60828,   140.3443,  8.30682e-09,  1.93500e-09,  6.21111e-09,  8.80476e-09,  5.37500e-10,  7.52500e-10,  7.21786e-09,  3.72617e-10,
00:01:01,     61333,   140.0798,  7.81818e-09,  2.04250e-09,  6.21111e-09,  8.39524e-09,  5.37500e-10,  7.52500e-10,  7.14107e-09,  3.72617e-10,
00:01:01,     61838,   140.2121,  7.81818e-09,  2.04250e-09,  6.33056e-09,  8.60000e-09,  5.37500e-10,  6.45000e-10,  7.67857e-09,  5.58925e-10,
00:01:02,     62343,   139.9476,  8.55114e-09,  1.72000e-09,  5.85278e-09,  9.31667e-09,  5.37500e-10,  8.60000e-10,  7.75536e-09,  5.58925e-10,
00:01:02,     62848,   140.2121,  7.32955e-09,  2.04250e-09,  6.21111e-09,  8.80476e-09,  4.30000e-10,  8.60000e-10,  7.44821e-09,  5.58925e-10,
00:01:03,     63353,   140.2121,  7.57386e-09,  1.93500e-09,  6.09167e-09,  9.11190e-09,  4.30000e-10,  9.67500e-10,  7.37143e-09,  5.58925e-10,
00:01:03,     63858,   140.0798,  8.06250e-09,  1.82750e-09,  5.73333e-09,  8.60000e-09,  7.52500e-10,  6.45000e-10,  6.98750e-09,  7.45234e-10,
00:01:04,     64363,   139.9476,  8.30682e-09,  2.04250e-09,  5.85278e-09,  8.90714e-09,  6.45000e-10,  7.52500e-10,  7.67857e-09,  5.58925e-10,
00:01:04,     64868,   139.9476,  8.55114e-09,  1.82750e-09,  5.85278e-09,  8.90714e-09,  5.37500e-10,  7.52500e-10,  7.44821e-09,  5.58925e-10,
00:01:05,     65373,   139.9476,  8.06250e-09,  1.82750e-09,  6.09167e-09,  8.60000e-09,  5.37500e-10,  7.52500e-10,  7.29464e-09,  3.72617e-10,
00:01:05,     65878,   139.9476,  8.55114e-09,  1.72000e-09,  5.85278e-09,  8.39524e-09,  6.45000e-10,  9.67500e-10,  7.83214e-09,  9.31542e-10,
00:01:06,     66383,   139.8154,  7.57386e-09,  2.15000e-09,  6.33056e-09,  8.19048e-09,  5.37500e-10,  8.60000e-10,  7.44821e-09,  5.58925e-10,
00:01:06,     66888,   139.8154,  7.81818e-09,  1.72000e-09,  5.85278e-09,  8.49762e-09,  4.30000e-10,  5.37500e-10,  7.29464e-09,  5.58925e-10,
00:01:07,     67393,   139.9476,  8.30682e-09,  2.04250e-09,  5.97222e-09,  8.70238e-09,  5.37500e-10,  6.45000e-10,  7.37143e-09,  3.72617e-10,
00:01:07,     67898,   139.8154,  7.81818e-09,  2.04250e-09,  5.73333e-09,  8.49762e-09,  5.37500e-10,  7.52500e-10,  7.37143e-09,  3.72617e-10,
00:01:08,     68403,   140.0798,  7.32955e-09,  1.93500e-09,  6.09167e-09,  8.60000e-09,  5.37500e-10,  7.52500e-10,  7.29464e-09,  5.58925e-10,
00:01:08,     68908,   140.0798,  7.57386e-09,  1.82750e-09,  5.97222e-09,  8.49762e-09,  6.45000e-10,  8.60000e-10,  7.44821e-09,  3.72617e-10,
00:01:09,     69413,   140.0798,  7.08523e-09,  2.04250e-09,  6.21111e-09,  8.49762e-09,  6.45000e-10,  8.60000e-10,  7.29464e-09,  5.58925e-10,
00:01:09,     69918,   140.0798,  8.06250e-09,  1.82750e-09,  6.21111e-09,  8.80476e-09,  6.45000e-10,  1.82750e-09,  8.06250e-09,  9.31542e-10,
00:01:10,     70423,   140.2121,  8.30682e-09,  2.79500e-09,  7.40556e-09,  1.04429e-08,  1.82750e-09,  1.31150e-08,  9.59821e-09,  2.98094e-09,
00:01:10,     70928,   140.7410,  7.57386e-09,  3.65500e-09,  9.55556e-09,  1.11595e-08,  1.50500e-09,  6.45000e-09,  1.05196e-08,  2.60832e-09,
00:01:11,     71433,   141.4021,  8.06250e-09,  3.65500e-09,  1.27806e-08,  1.18762e-08,  1.07500e-09,  4.40750e-09,  1.02125e-08,  3.16724e-09,
00:01:11,     71938,   142.1954,  8.79545e-09,  3.54750e-09,  1.48111e-08,  1.17738e-08,  1.18250e-09,  4.62250e-09,  1.05964e-08,  3.16724e-09,
00:01:12,     72443,   143.7821,  8.30682e-09,  3.76250e-09,  1.60056e-08,  1.17738e-08,  1.18250e-09,  5.59000e-09,  1.08268e-08,  2.42201e-09,
00:01:12,     72948,   145.8978,  8.79545e-09,  4.08500e-09,  2.68750e-08,  1.25929e-08,  1.93500e-09,  1.60175e-08,  1.32071e-08,  3.91248e-09,
00:01:13,     73453,   147.7489,  7.57386e-09,  7.52500e-09,  5.43472e-08,  1.37190e-08,  4.51500e-09,  6.15975e-08,  1.87357e-08,  1.36005e-08,
00:01:13,     73958,   151.1868,  8.79545e-09,  1.95650e-08,  9.74667e-08,  1.83262e-08,  1.20400e-08,  1.87050e-07,  3.67036e-08,  4.58319e-08,
00:01:14,     74463,   154.7569,  9.77273e-09,  3.60125e-08,  1.04156e-07,  2.49810e-08,  1.70925e-08,  2.16075e-07,  5.78196e-08,  6.46490e-08,
00:01:14,     74968,   159.6493,  9.03977e-09,  3.75175e-08,  8.65972e-08,  2.73357e-08,  1.47275e-08,  1.55875e-07,  6.37321e-08,  5.68241e-08,
00:01:15,     75473,   164.0128,  1.07500e-08,  2.85950e-08,  6.49778e-08,  2.58000e-08,  8.60000e-09,  6.50375e-08,  5.83571e-08,  3.26040e-08,
00:01:15,     75978,   168.5084,  9.52841e-09,  2.10700e-08,  4.76583e-08,  2.39571e-08,  4.83750e-09,  2.71975e-08,  5.08321e-08,  1.78856e-08,
00:01:16,     76483,   172.6075,  9.77273e-09,  1.72000e-08,  3.60722e-08,  2.11929e-08,  3.87000e-09,  1.75225e-08,  4.33839e-08,  1.24827e-08,
00:01:16,     76988,   176.5742,  8.79545e-09,  1.46200e-08,  2.81889e-08,  1.95548e-08,  3.33250e-09,  1.33300e-08,  3.81625e-08,  1.04333e-08,
00:01:17,     77493,   179.7477,  7.81818e-09,  1.32225e-08,  2.29333e-08,  1.84286e-08,  2.58000e-09,  1.18250e-08,  3.48607e-08,  8.94281e-09,
00:01:17,     77998,   182.3922,  9.52841e-09,  1.10725e-08,  2.05444e-08,  1.75071e-08,  2.58000e-09,  9.99750e-09,  3.27875e-08,  8.01127e-09,
00:01:18,     78503,   184.3756,  8.79545e-09,  1.07500e-08,  1.76778e-08,  1.70976e-08,  2.36500e-09,  8.81500e-09,  2.91786e-08,  6.89341e-09,
00:01:19,     79008,   186.4912,  9.03977e-09,  1.01050e-08,  1.61250e-08,  1.62786e-08,  2.15000e-09,  8.38500e-09,  2.77196e-08,  6.70711e-09,
00:01:19,     79513,   188.3424,  9.52841e-09,  9.56750e-09,  1.51694e-08,  1.56643e-08,  2.25750e-09,  7.84750e-09,  2.60304e-08,  5.40295e-09,
00:01:20,     80018,   189.1357,  9.03977e-09,  8.92250e-09,  1.52889e-08,  1.49476e-08,  2.15000e-09,  7.41750e-09,  2.44179e-08,  5.77556e-09,
00:01:20,     80523,   190.8547,  8.79545e-09,  8.70750e-09,  1.36167e-08,  1.49476e-08,  1.93500e-09,  7.31000e-09,  2.31125e-08,  5.58925e-09,
00:01:21,     81028,   192.0447,  1.02614e-08,  8.06250e-09,  1.32583e-08,  1.44357e-08,  1.93500e-09,  7.31000e-09,  2.25750e-08,  5.96187e-09,
00:01:21,     81533,   192.9703,  9.03977e-09,  7.74000e-09,  1.33778e-08,  1.46405e-08,  2.04250e-09,  7.74000e-09,  2.22679e-08,  5.96187e-09,
00:01:22,     82038,   194.2925,  8.30682e-09,  7.74000e-09,  1.38556e-08,  1.43333e-08,  1.93500e-09,  7.95500e-09,  2.11161e-08,  6.70711e-09,
00:01:22,     82543,   195.2181,  8.79545e-09,  7.52500e-09,  1.38556e-08,  1.39238e-08,  2.15000e-09,  9.03000e-09,  2.14232e-08,  7.26603e-09,
00:01:23,     83048,   196.5404,  8.79545e-09,  7.95500e-09,  1.40944e-08,  1.45381e-08,  2.58000e-09,  1.06425e-08,  2.13464e-08,  8.19757e-09,
00:01:23,     83553,   197.8627,  8.06250e-09,  8.70750e-09,  1.45722e-08,  1.42310e-08,  2.47250e-09,  1.22550e-08,  2.15000e-08,  9.68804e-09,
00:01:24,     84058,   199.1849,  8.30682e-09,  8.81500e-09,  1.49306e-08,  1.40262e-08,  3.01000e-09,  1.41900e-08,  2.18839e-08,  1.21101e-08,
00:01:24,     84563,   200.7716,  8.55114e-09,  9.67500e-09,  1.50500e-08,  1.44357e-08,  3.44000e-09,  1.68775e-08,  2.25750e-08,  1.49047e-08,
00:01:25,     85068,   202.6228,  7.81818e-09,  1.09650e-08,  1.54083e-08,  1.50500e-08,  4.08500e-09,  2.07475e-08,  2.41875e-08,  1.84445e-08,
00:01:25,     85573,   204.6062,  8.30682e-09,  1.16100e-08,  1.51694e-08,  1.54595e-08,  4.40750e-09,  2.53700e-08,  2.57232e-08,  2.42201e-08,
00:01:26,     86078,   206.9863,  9.03977e-09,  1.33300e-08,  1.55278e-08,  1.57667e-08,  5.48250e-09,  3.18200e-08,  2.86411e-08,  2.98094e-08,
00:01:26,     86583,   209.3663,  8.30682e-09,  1.58025e-08,  1.61250e-08,  1.79167e-08,  6.66500e-09,  4.08500e-08,  3.18661e-08,  3.76343e-08,
00:01:27,     87088,   211.7464,  8.06250e-09,  1.82750e-08,  1.60056e-08,  1.90429e-08,  7.84750e-09,  4.95575e-08,  3.58589e-08,  4.65771e-08,
00:01:27,     87593,   214.6554,  8.79545e-09,  2.10700e-08,  1.61250e-08,  1.92476e-08,  8.70750e-09,  5.41800e-08,  4.00054e-08,  4.99307e-08,
00:01:28,     88098,   217.0354,  8.79545e-09,  2.26825e-08,  1.63639e-08,  2.06810e-08,  8.92250e-09,  5.27825e-08,  4.22321e-08,  5.01170e-08,
00:01:28,     88603,   219.8122,  9.52841e-09,  2.22525e-08,  1.60056e-08,  2.19095e-08,  8.38500e-09,  4.80525e-08,  4.33071e-08,  4.15468e-08,
00:01:29,     89108,   222.3245,  9.28409e-09,  2.12850e-08,  1.52889e-08,  2.18071e-08,  7.09500e-09,  4.00975e-08,  4.32304e-08,  3.55849e-08,
00:01:29,     89613,   224.8368,  8.30682e-09,  1.93500e-08,  1.42139e-08,  2.15000e-08,  6.34250e-09,  3.42925e-08,  4.19250e-08,  3.05546e-08,
00:01:30,     90118,   227.0846,  9.28409e-09,  1.78450e-08,  1.48111e-08,  2.10905e-08,  5.59000e-09,  2.91325e-08,  4.02357e-08,  2.55243e-08,
00:01:30,     90623,   229.2003,  9.52841e-09,  1.68775e-08,  1.34972e-08,  2.00667e-08,  5.16000e-09,  2.44025e-08,  3.86232e-08,  2.12392e-08,
00:01:31,     91128,   231.4481,  9.28409e-09,  1.52650e-08,  1.27806e-08,  1.90429e-08,  4.30000e-09,  2.06400e-08,  3.55518e-08,  1.78856e-08,
00:01:31,     91633,   233.6959,  9.03977e-09,  1.46200e-08,  1.26611e-08,  1.78143e-08,  3.54750e-09,  1.69850e-08,  3.46304e-08,  1.36005e-08,
00:01:32,     92138,   235.6793,  9.03977e-09,  1.26850e-08,  1.20639e-08,  1.77119e-08,  3.11750e-09,  1.42975e-08,  3.23268e-08,  1.11785e-08,
00:01:32,     92643,   237.3983,  8.30682e-09,  1.21475e-08,  1.07500e-08,  1.73024e-08,  2.90250e-09,  1.19325e-08,  3.07911e-08,  9.87435e-09,
00:01:33,     93148,   239.5139,  9.28409e-09,  1.06425e-08,  1.11083e-08,  1.61762e-08,  2.58000e-09,  1.02125e-08,  2.89482e-08,  8.01127e-09,
00:01:33,     93653,   241.1006,  9.03977e-09,  1.01050e-08,  1.09889e-08,  1.60738e-08,  2.15000e-09,  9.35250e-09,  2.75661e-08,  7.07972e-09,
00:01:34,     94158,   242.8196,  8.06250e-09,  9.13750e-09,  1.05111e-08,  1.51524e-08,  2.15000e-09,  8.38500e-09,  2.58768e-08,  7.07972e-09,
00:01:34,     94663,   244.4063,  8.30682e-09,  8.92250e-09,  1.06306e-08,  1.55619e-08,  2.04250e-09,  7.41750e-09,  2.48786e-08,  6.52080e-09,
00:01:35,     95168,   246.1252,  9.52841e-09,  8.81500e-09,  9.91389e-09,  1.45381e-08,  1.82750e-09,  7.20250e-09,  2.34964e-08,  5.77556e-09,
00:01:35,     95673,   248.5053,  8.55114e-09,  8.06250e-09,  9.91389e-09,  1.48452e-08,  1.72000e-09,  6.88000e-09,  2.31125e-08,  5.21664e-09,
00:01:36,     96178,   250.3564,  8.55114e-09,  7.74000e-09,  1.02722e-08,  1.43333e-08,  1.72000e-09,  6.34250e-09,  2.19607e-08,  5.21664e-09,
00:01:36,     96683,   252.0754,  8.30682e-09,  7.63250e-09,  1.05111e-08,  1.44357e-08,  1.61250e-09,  6.23500e-09,  2.15768e-08,  4.65771e-09,
00:01:37,     97188,   254.0588,  9.28409e-09,  7.20250e-09,  9.55556e-09,  1.42310e-08,  1.61250e-09,  5.69750e-09,  2.05786e-08,  4.84402e-09,
00:01:37,     97693,   256.0422,  9.03977e-09,  6.98750e-09,  9.67500e-09,  1.38214e-08,  1.82750e-09,  5.48250e-09,  1.98875e-08,  4.28510e-09,
00:01:38,     98198,   258.1578,  9.52841e-09,  7.09500e-09,  9.67500e-09,  1.37190e-08,  1.39750e-09,  5.37500e-09,  1.93500e-08,  4.09879e-09,
00:01:38,     98703,   260.4056,  9.52841e-09,  6.98750e-09,  9.19722e-09,  1.32071e-08,  1.61250e-09,  5.26750e-09,  1.90429e-08,  3.91248e-09,
00:01:39,     99208,   262.5213,  9.52841e-09,  6.34250e-09,  9.43611e-09,  1.33095e-08,  1.50500e-09,  5.05250e-09,  1.79679e-08,  3.91248e-09,
00:01:39,     99713,   264.6369,  9.28409e-09,  6.55750e-09,  9.19722e-09,  1.29000e-08,  1.50500e-09,  4.62250e-09,  1.78911e-08,  3.72617e-09,
00:01:40,    100218,   266.4880,  9.77273e-09,  6.12750e-09,  9.07778e-09,  1.27976e-08,  1.61250e-09,  4.73000e-09,  1.75839e-08,  3.72617e-09,
00:01:40,    100723,   268.4714,  9.03977e-09,  5.80500e-09,  9.07778e-09,  1.23881e-08,  1.29000e-09,  4.40750e-09,  1.72000e-08,  3.35355e-09,
00:01:41,    101228,   270.9837,  1.05057e-08,  5.80500e-09,  9.07778e-09,  1.25929e-08,  1.39750e-09,  4.40750e-09,  1.71232e-08,  3.72617e-09,
00:01:41,    101733,   272.9671,  1.02614e-08,  5.48250e-09,  8.83889e-09,  1.24905e-08,  1.29000e-09,  4.08500e-09,  1.69696e-08,  3.53986e-09,
00:01:42,    102238,   274.9505,  1.05057e-08,  5.80500e-09,  8.95833e-09,  1.24905e-08,  1.29000e-09,  4.19250e-09,  1.62786e-08,  3.35355e-09,
00:01:42,    102743,   277.0661,  1.02614e-08,  5.37500e-09,  8.71944e-09,  1.20810e-08,  1.18250e-09,  3.87000e-09,  1.56643e-08,  3.53986e-09,
00:01:43,    103248,   278.9173,  9.77273e-09,  5.16000e-09,  8.60000e-09,  1.21833e-08,  1.29000e-09,  3.87000e-09,  1.49732e-08,  3.16724e-09,
00:01:43,    103753,   281.0329,  1.02614e-08,  5.05250e-09,  8.48056e-09,  1.17738e-08,  1.39750e-09,  3.87000e-09,  1.55107e-08,  2.79463e-09,
00:01:44,    104258,   283.0163,  1.02614e-08,  4.94500e-09,  8.60000e-09,  1.17738e-08,  1.39750e-09,  3.54750e-09,  1.55107e-08,  3.16724e-09,
00:01:44,    104763,   284.7352,  1.17273e-08,  4.83750e-09,  8.71944e-09,  1.18762e-08,  1.29000e-09,  3.76250e-09,  1.45125e-08,  2.79463e-09,
00:01:45,    105268,   286.4542,  1.22159e-08,  4.73000e-09,  8.36111e-09,  1.23881e-08,  9.67500e-10,  3.44000e-09,  1.42821e-08,  2.79463e-09,
00:01:45,    105773,   289.2309,  1.17273e-08,  4.62250e-09,  8.71944e-09,  1.22857e-08,  1.18250e-09,  3.65500e-09,  1.40518e-08,  2.79463e-09,
00:01:46,    106278,   291.2143,  1.22159e-08,  4.73000e-09,  8.00278e-09,  1.19786e-08,  1.07500e-09,  3.44000e-09,  1.44357e-08,  2.79463e-09,
00:01:46,    106783,   293.0655,  1.36818e-08,  4.51500e-09,  8.71944e-09,  1.16714e-08,  9.67500e-10,  3.44000e-09,  1.35911e-08,  2.98094e-09,
00:01:47,    107288,   295.1811,  1.34375e-08,  4.51500e-09,  8.48056e-09,  1.13643e-08,  1.18250e-09,  3.33250e-09,  1.38214e-08,  2.79463e-09,
00:01:47,    107793,   297.0323,  1.31932e-08,  4.40750e-09,  7.76389e-09,  1.14667e-08,  1.18250e-09,  3.22500e-09,  1.32071e-08,  2.23570e-09,
00:01:48,    108298,   299.1479,  1.31932e-08,  4.08500e-09,  8.24167e-09,  1.09548e-08,  1.07500e-09,  2.90250e-09,  1.36679e-08,  2.04939e-09,
00:01:48,    108803,   301.2635,  1.34375e-08,  4.30000e-09,  8.24167e-09,  1.10571e-08,  1.18250e-09,  2.90250e-09,  1.30536e-08,  2.04939e-09,
00:01:49,    109308,   302.9824,  1.44148e-08,  4.19250e-09,  8.48056e-09,  1.09548e-08,  9.67500e-10,  2.90250e-09,  1.35911e-08,  2.04939e-09,
00:01:49,    109813,   304.9658,  1.58807e-08,  3.97750e-09,  7.88333e-09,  1.11595e-08,  1.07500e-09,  3.01000e-09,  1.27464e-08,  2.42201e-09,
00:01:50,    110318,   307.0815,  1.51477e-08,  4.08500e-09,  8.00278e-09,  1.07500e-08,  9.67500e-10,  2.47250e-09,  1.25161e-08,  2.23570e-09,
00:01:50,    110823,   309.1971,  1.46591e-08,  4.08500e-09,  8.12222e-09,  1.06476e-08,  9.67500e-10,  2.79500e-09,  1.25161e-08,  2.23570e-09,
00:01:51,    111328,   311.0482,  1.51477e-08,  4.08500e-09,  8.00278e-09,  1.09548e-08,  7.52500e-10,  2.58000e-09,  1.22857e-08,  2.42201e-09,
00:01:51,    111833,   313.4283,  1.46591e-08,  3.76250e-09,  8.00278e-09,  1.04429e-08,  9.67500e-10,  2.36500e-09,  1.20554e-08,  2.04939e-09,
00:01:52,    112338,   315.1473,  1.58807e-08,  3.54750e-09,  8.36111e-09,  1.05452e-08,  8.60000e-10,  2.58000e-09,  1.22857e-08,  2.23570e-09,
00:01:52,    112843,   317.2629,  1.53920e-08,  3.76250e-09,  8.36111e-09,  1.04429e-08,  1.18250e-09,  2.36500e-09,  1.21321e-08,  2.04939e-09,
00:01:53,    113348,   319.5107,  1.71023e-08,  3.65500e-09,  8.12222e-09,  1.03405e-08,  8.60000e-10,  2.47250e-09,  1.17482e-08,  1.86308e-09,
00:01:53,    113853,   321.4941,  1.61250e-08,  3.65500e-09,  7.76389e-09,  1.10571e-08,  9.67500e-10,  2.47250e-09,  1.18250e-08,  2.04939e-09,
00:01:54,    114358,   323.6097,  1.56364e-08,  3.54750e-09,  7.88333e-09,  1.03405e-08,  9.67500e-10,  2.47250e-09,  1.14411e-08,  1.86308e-09,
00:01:54,    114863,   325.5931,  1.68580e-08,  3.54750e-09,  7.52500e-09,  1.07500e-08,  9.67500e-10,  2.04250e-09,  1.10571e-08,  1.86308e-09,
00:01:55,    115368,   327.5765,  1.73466e-08,  3.54750e-09,  8.00278e-09,  1.08524e-08,  8.60000e-10,  2.25750e-09,  1.16714e-08,  2.04939e-09,
00:01:55,    115873,   329.4277,  1.63693e-08,  3.54750e-09,  7.52500e-09,  1.06476e-08,  1.18250e-09,  2.25750e-09,  1.15179e-08,  1.67678e-09,
00:01:56,    116378,   331.6755,  1.80795e-08,  3.33250e-09,  7.88333e-09,  1.05452e-08,  8.60000e-10,  2.04250e-09,  1.13643e-08,  1.67678e-09,
00:01:56,    116883,   333.5267,  1.71023e-08,  3.33250e-09,  7.88333e-09,  1.04429e-08,  8.60000e-10,  2.04250e-09,  1.12107e-08,  1.67678e-09,
00:01:57,    117388,   335.5101,  1.71023e-08,  3.44000e-09,  7.52500e-09,  1.00333e-08,  9.67500e-10,  2.25750e-09,  1.15179e-08,  1.86308e-09,
00:01:57,    117893,   337.4935,  1.75909e-08,  3.11750e-09,  7.40556e-09,  9.93095e-09,  8.60000e-10,  2.04250e-09,  1.11339e-08,  2.04939e-09,
00:01:58,    118398,   339.4769,  1.63693e-08,  3.22500e-09,  7.76389e-09,  1.06476e-08,  7.52500e-10,  2.15000e-09,  1.14411e-08,  1.67678e-09,
00:01:58,    118903,   341.4603,  1.68580e-08,  3.01000e-09,  7.88333e-09,  1.04429e-08,  8.60000e-10,  1.72000e-09,  1.15179e-08,  1.49047e-09,
00:01:59,    119408,   343.7081,  1.63693e-08,  3.01000e-09,  7.40556e-09,  1.01357e-08,  7.52500e-10,  1.93500e-09,  1.15946e-08,  1.30416e-09,
00:01:59,    119913,   345.8237,  1.71023e-08,  3.01000e-09,  7.76389e-09,  1.05452e-08,  1.07500e-09,  2.04250e-09,  1.13643e-08,  1.30416e-09,
00:02:00,    120418,   347.8071,  1.73466e-08,  3.11750e-09,  7.40556e-09,  1.01357e-08,  7.52500e-10,  1.93500e-09,  1.15946e-08,  1.67678e-09,
00:02:00,    120923,   349.9227,  1.93011e-08,  3.11750e-09,  7.64444e-09,  1.02381e-08,  8.60000e-10,  1.82750e-09,  1.22089e-08,  1.30416e-09,
00:02:01,    121428,   351.9061,  1.93011e-08,  2.90250e-09,  6.92778e-09,  1.04429e-08,  8.60000e-10,  1.93500e-09,  1.24393e-08,  1.11785e-09,
00:02:01,    121933,   353.8895,  1.73466e-08,  2.90250e-09,  7.52500e-09,  9.72619e-09,  7.52500e-10,  1.82750e-09,  1.21321e-08,  1.30416e-09,
00:02:02,    122438,   356.1374,  1.85682e-08,  3.01000e-09,  7.40556e-09,  1.01357e-08,  9.67500e-10,  1.72000e-09,  1.25929e-08,  1.30416e-09,
00:02:02,    122943,   357.8563,  1.88125e-08,  3.11750e-09,  7.52500e-09,  1.00333e-08,  9.67500e-10,  1.72000e-09,  1.22857e-08,  1.49047e-09,
00:02:03,    123448,   359.9719,  1.95455e-08,  2.47250e-09,  7.04722e-09,  1.04429e-08,  6.45000e-10,  1.61250e-09,  1.25161e-08,  1.30416e-09,
00:02:03,    123953,   361.8231,  1.83239e-08,  3.01000e-09,  6.92778e-09,  1.03405e-08,  7.52500e-10,  1.72000e-09,  1.29768e-08,  1.49047e-09,
00:02:04,    124458,   364.2032,  1.97898e-08,  2.79500e-09,  7.40556e-09,  1.00333e-08,  8.60000e-10,  1.82750e-09,  1.33607e-08,  1.30416e-09,
00:02:04,    124963,   366.4510,  1.95455e-08,  2.79500e-09,  7.28611e-09,  1.01357e-08,  8.60000e-10,  1.82750e-09,  1.30536e-08,  1.30416e-09,
00:02:05,    125468,   368.0377,  1.80795e-08,  2.68750e-09,  7.40556e-09,  1.06476e-08,  8.60000e-10,  1.82750e-09,  1.29000e-08,  9.31542e-10,
00:02:05,    125973,   370.1533,  1.97898e-08,  2.79500e-09,  7.16667e-09,  1.05452e-08,  7.52500e-10,  1.61250e-09,  1.29000e-08,  1.30416e-09,
00:02:06,    126478,   372.2690,  1.83239e-08,  2.25750e-09,  7.28611e-09,  9.93095e-09,  9.67500e-10,  1.82750e-09,  1.29768e-08,  1.11785e-09,
00:02:06,    126983,   374.3846,  1.78352e-08,  2.68750e-09,  7.52500e-09,  1.02381e-08,  1.07500e-09,  1.72000e-09,  1.28232e-08,  9.31542e-10,
00:02:07,    127488,   376.5002,  1.88125e-08,  2.90250e-09,  7.16667e-09,  1.02381e-08,  8.60000e-10,  1.61250e-09,  1.21321e-08,  9.31542e-10,
00:02:07,    127993,   378.4836,  1.73466e-08,  2.47250e-09,  6.68889e-09,  9.82857e-09,  7.52500e-10,  1.82750e-09,  1.21321e-08,  9.31542e-10,
00:02:08,    128498,   380.4670,  1.90568e-08,  3.01000e-09,  7.16667e-09,  1.04429e-08,  7.52500e-10,  1.61250e-09,  1.22089e-08,  1.30416e-09,
00:02:09,    129003,   382.5826,  1.83239e-08,  2.58000e-09,  7.40556e-09,  1.05452e-08,  7.52500e-10,  1.72000e-09,  1.19786e-08,  9.31542e-10,
00:02:09,    129508,   384.5660,  1.68580e-08,  2.68750e-09,  6.80833e-09,  1.05452e-08,  7.52500e-10,  1.61250e-09,  1.15179e-08,  1.49047e-09,
00:02:10,    130013,   386.6816,  1.51477e-08,  2.47250e-09,  6.68889e-09,  1.08524e-08,  7.52500e-10,  1.61250e-09,  1.12107e-08,  1.11785e-09,
00:02:10,    130518,   388.5328,  1.61250e-08,  2.15000e-09,  6.92778e-09,  1.06476e-08,  9.67500e-10,  1.50500e-09,  1.19786e-08,  1.11785e-09,
00:02:11,    131023,   390.3839,  1.56364e-08,  2.68750e-09,  6.92778e-09,  1.09548e-08,  8.60000e-10,  1.72000e-09,  1.14411e-08,  1.11785e-09,
00:02:11,    131528,   392.1029,  1.58807e-08,  2.58000e-09,  7.28611e-09,  1.11595e-08,  7.52500e-10,  1.82750e-09,  1.09036e-08,  7.45234e-10,
00:02:12,    132033,   394.0863,  1.56364e-08,  2.36500e-09,  7.28611e-09,  1.14667e-08,  8.60000e-10,  1.72000e-09,  1.09036e-08,  1.11785e-09,
00:02:12,    132538,   396.0697,  1.61250e-08,  2.58000e-09,  6.92778e-09,  1.17738e-08,  6.45000e-10,  1.50500e-09,  1.09036e-08,  9.31542e-10,
00:02:13,    133043,   398.0531,  1.53920e-08,  2.68750e-09,  7.28611e-09,  1.18762e-08,  6.45000e-10,  1.39750e-09,  1.05964e-08,  9.31542e-10,
00:02:13,    133548,   399.9042,  1.61250e-08,  2.58000e-09,  6.80833e-09,  1.19786e-08,  8.60000e-10,  1.50500e-09,  1.07500e-08,  1.11785e-09,
00:02:14,    134053,   402.5488,  1.63693e-08,  2.36500e-09,  7.16667e-09,  1.30024e-08,  6.45000e-10,  1.61250e-09,  1.11339e-08,  9.31542e-10,
00:02:14,    134558,   404.2677,  1.41705e-08,  2.47250e-09,  7.40556e-09,  1.30024e-08,  7.52500e-10,  1.39750e-09,  1.09036e-08,  9.31542e-10,
00:02:15,    135063,   406.3833,  1.49034e-08,  2.25750e-09,  7.28611e-09,  1.33095e-08,  8.60000e-10,  1.50500e-09,  1.09804e-08,  9.31542e-10,
00:02:15,    135568,   408.4989,  1.51477e-08,  2.36500e-09,  6.80833e-09,  1.36167e-08,  7.52500e-10,  1.50500e-09,  1.02893e-08,  1.11785e-09,
00:02:16,    136073,   410.7468,  1.46591e-08,  2.47250e-09,  7.16667e-09,  1.38214e-08,  7.52500e-10,  1.39750e-09,  1.05196e-08,  1.11785e-09,
00:02:16,    136578,   412.5979,  1.51477e-08,  2.36500e-09,  7.64444e-09,  1.42310e-08,  9.67500e-10,  1.61250e-09,  1.02125e-08,  1.30416e-09,
00:02:17,    137083,   414.7135,  1.36818e-08,  2.36500e-09,  7.04722e-09,  1.40262e-08,  7.52500e-10,  1.50500e-09,  1.05964e-08,  1.11785e-09,
00:02:17,    137588,   416.8292,  1.51477e-08,  2.36500e-09,  7.40556e-09,  1.47429e-08,  8.60000e-10,  1.50500e-09,  1.04429e-08,  9.31542e-10,
00:02:18,    138093,   418.5481,  1.41705e-08,  2.25750e-09,  7.04722e-09,  1.48452e-08,  8.60000e-10,  1.39750e-09,  1.04429e-08,  1.11785e-09,
00:02:18,    138598,   420.7960,  1.44148e-08,  2.36500e-09,  7.40556e-09,  1.53571e-08,  6.45000e-10,  1.61250e-09,  1.03661e-08,  9.31542e-10,
00:02:19,    139103,   422.7794,  1.39261e-08,  2.15000e-09,  7.04722e-09,  1.52548e-08,  7.52500e-10,  1.39750e-09,  1.05196e-08,  7.45234e-10,
00:02:19,    139608,   424.7627,  1.51477e-08,  2.36500e-09,  7.28611e-09,  1.56643e-08,  6.45000e-10,  1.29000e-09,  1.00589e-08,  9.31542e-10,
00:02:20,    140113,   426.6139,  1.44148e-08,  2.47250e-09,  6.92778e-09,  1.56643e-08,  8.60000e-10,  1.50500e-09,  1.02125e-08,  1.11785e-09,
00:02:20,    140618,   428.8617,  1.29489e-08,  2.25750e-09,  7.04722e-09,  1.68929e-08,  8.60000e-10,  1.50500e-09,  1.02125e-08,  1.11785e-09,
00:02:21,    141123,   430.8451,  1.49034e-08,  2.36500e-09,  7.76389e-09,  1.61762e-08,  6.45000e-10,  1.39750e-09,  1.04429e-08,  1.11785e-09,
00:02:21,    141628,   432.6963,  1.44148e-08,  2.04250e-09,  7.40556e-09,  1.61762e-08,  7.52500e-10,  1.50500e-09,  1.01357e-08,  9.31542e-10,
00:02:22,    142133,   434.8119,  1.41705e-08,  2.25750e-09,  7.52500e-09,  1.65857e-08,  8.60000e-10,  1.50500e-09,  1.00589e-08,  9.31542e-10,
00:02:22,    142638,   436.6631,  1.36818e-08,  2.36500e-09,  7.40556e-09,  1.68929e-08,  6.45000e-10,  1.50500e-09,  1.08268e-08,  9.31542e-10,
00:02:23,    143143,   438.6465,  1.36818e-08,  2.36500e-09,  7.52500e-09,  1.74048e-08,  7.52500e-10,  1.72000e-09,  1.02125e-08,  9.31542e-10,
00:02:23,    143648,   440.8943,  1.29489e-08,  2.47250e-09,  7.52500e-09,  1.75071e-08,  6.45000e-10,  1.50500e-09,  1.02125e-08,  9.31542e-10,
00:02:24,    144153,   443.1422,  1.39261e-08,  2.25750e-09,  7.28611e-09,  1.77119e-08,  6.45000e-10,  1.39750e-09,  1.00589e-08,  1.11785e-09,
00:02:24,    144658,   445.1256,  1.39261e-08,  2.36500e-09,  7.40556e-09,  1.81214e-08,  7.52500e-10,  1.39750e-09,  1.02893e-08,  9.31542e-10,
00:02:25,    145163,   446.8445,  1.44148e-08,  2.25750e-09,  7.40556e-09,  1.79167e-08,  7.52500e-10,  1.39750e-09,  1.05196e-08,  9.31542e-10,
00:02:25,    145668,   449.0924,  1.39261e-08,  1.93500e-09,  7.76389e-09,  1.81214e-08,  6.45000e-10,  1.29000e-09,  1.02125e-08,  7.45234e-10,
00:02:26,    146173,   450.9435,  1.41705e-08,  2.25750e-09,  7.88333e-09,  1.82238e-08,  6.45000e-10,  1.61250e-09,  9.98214e-09,  1.11785e-09,
00:02:26,    146678,   453.0591,  1.39261e-08,  2.36500e-09,  8.00278e-09,  1.81214e-08,  7.52500e-10,  1.50500e-09,  1.02125e-08,  1.30416e-09,
00:02:27,    147183,   455.0425,  1.34375e-08,  1.93500e-09,  7.64444e-09,  1.74048e-08,  6.45000e-10,  1.29000e-09,  1.02125e-08,  1.11785e-09,
00:02:27,    147688,   457.1582,  1.41705e-08,  2.36500e-09,  7.64444e-09,  1.84286e-08,  9.67500e-10,  1.39750e-09,  1.05196e-08,  1.11785e-09,
00:02:28,    148193,   459.2738,  1.41705e-08,  2.04250e-09,  7.76389e-09,  1.79167e-08,  9.67500e-10,  1.50500e-09,  1.02125e-08,  7.45234e-10,
00:02:28,    148698,   461.2572,  1.31932e-08,  2.15000e-09,  7.52500e-09,  1.76095e-08,  6.45000e-10,  1.39750e-09,  1.02125e-08,  9.31542e-10,
00:02:29,    149203,   463.2406,  1.31932e-08,  2.25750e-09,  7.88333e-09,  1.80190e-08,  6.45000e-10,  1.39750e-09,  1.00589e-08,  1.11785e-09,
00:02:29,    149708,   465.2240,  1.34375e-08,  2.15000e-09,  7.64444e-09,  1.83262e-08,  6.45000e-10,  1.29000e-09,  1.02125e-08,  1.11785e-09,
00:02:30,    150213,   467.0751,  1.44148e-08,  2.36500e-09,  7.64444e-09,  1.75071e-08,  7.52500e-10,  1.29000e-09,  1.04429e-08,  9.31542e-10,
00:02:30,    150718,   469.4552,  1.29489e-08,  2.25750e-09,  7.76389e-09,  1.80190e-08,  7.52500e-10,  1.39750e-09,  9.98214e-09,  9.31542e-10,
00:02:31,    151223,   471.4386,  1.31932e-08,  2.04250e-09,  7.76389e-09,  1.69952e-08,  6.45000e-10,  1.39750e-09,  9.59821e-09,  9.31542e-10,
00:02:31,    151728,   473.2898,  1.17273e-08,  2.15000e-09,  7.76389e-09,  1.68929e-08,  8.60000e-10,  1.29000e-09,  9.90536e-09,  1.11785e-09,
00:02:32,    152233,   475.4054,  1.19716e-08,  2.25750e-09,  7.40556e-09,  1.74048e-08,  7.52500e-10,  1.61250e-09,  9.90536e-09,  1.11785e-09,
00:02:32,    152738,   477.5210,  1.29489e-08,  2.15000e-09,  7.64444e-09,  1.66881e-08,  6.45000e-10,  1.18250e-09,  9.82857e-09,  9.31542e-10,
00:02:33,    153243,   479.5044,  1.22159e-08,  2.04250e-09,  8.24167e-09,  1.69952e-08,  5.37500e-10,  1.29000e-09,  1.03661e-08,  1.30416e-09,
00:02:33,    153748,   481.4878,  1.19716e-08,  1.93500e-09,  7.52500e-09,  1.58690e-08,  6.45000e-10,  1.18250e-09,  9.75179e-09,  9.31542e-10,
00:02:34,    154253,   483.4712,  1.22159e-08,  1.93500e-09,  7.52500e-09,  1.57667e-08,  6.45000e-10,  1.29000e-09,  9.75179e-09,  9.31542e-10,
00:02:34,    154758,   485.5868,  1.09943e-08,  2.04250e-09,  7.52500e-09,  1.54595e-08,  6.45000e-10,  1.39750e-09,  9.82857e-09,  1.11785e-09,
00:02:35,    155263,   487.5702,  1.24602e-08,  2.15000e-09,  7.76389e-09,  1.52548e-08,  6.45000e-10,  1.29000e-09,  9.90536e-09,  1.11785e-09,
00:02:35,    155768,   489.5536,  1.17273e-08,  2.04250e-09,  8.00278e-09,  1.51524e-08,  6.45000e-10,  1.29000e-09,  9.75179e-09,  1.11785e-09,
00:02:36,    156273,   491.6692,  1.14830e-08,  2.15000e-09,  7.28611e-09,  1.49476e-08,  6.45000e-10,  1.18250e-09,  9.52143e-09,  9.31542e-10,
00:02:36,    156778,   493.5203,  1.14830e-08,  2.25750e-09,  7.40556e-09,  1.49476e-08,  7.52500e-10,  1.29000e-09,  9.44464e-09,  9.31542e-10,
00:02:37,    157283,   495.5037,  1.17273e-08,  2.04250e-09,  7.64444e-09,  1.48452e-08,  6.45000e-10,  1.39750e-09,  9.59821e-09,  1.30416e-09,
00:02:37,    157788,   497.7516,  1.17273e-08,  2.04250e-09,  7.88333e-09,  1.42310e-08,  6.45000e-10,  1.39750e-09,  9.36786e-09,  9.31542e-10,
00:02:38,    158293,   499.8672,  1.19716e-08,  2.25750e-09,  7.28611e-09,  1.41286e-08,  7.52500e-10,  1.29000e-09,  9.52143e-09,  9.31542e-10,
00:02:38,    158798,   501.8506,  1.12386e-08,  2.25750e-09,  7.52500e-09,  1.45381e-08,  8.60000e-10,  1.18250e-09,  9.36786e-09,  1.30416e-09,
00:02:39,    159303,   503.7018,  1.02614e-08,  2.15000e-09,  7.16667e-09,  1.35143e-08,  5.37500e-10,  1.18250e-09,  9.52143e-09,  9.31542e-10,
00:02:39,    159808,   505.9496,  1.12386e-08,  2.25750e-09,  7.40556e-09,  1.33095e-08,  5.37500e-10,  1.18250e-09,  9.21429e-09,  7.45234e-10,
00:02:40,    160313,   507.6685,  1.07500e-08,  2.04250e-09,  7.04722e-09,  1.35143e-08,  6.45000e-10,  1.29000e-09,  9.44464e-09,  1.11785e-09,
00:02:40,    160818,   509.7842,  1.09943e-08,  1.93500e-09,  7.52500e-09,  1.27976e-08,  6.45000e-10,  1.29000e-09,  9.29107e-09,  5.58925e-10,
00:02:41,    161323,   511.8998,  1.07500e-08,  2.04250e-09,  7.04722e-09,  1.35143e-08,  5.37500e-10,  1.07500e-09,  9.59821e-09,  9.31542e-10,
00:02:41,    161828,   513.0898,  1.07500e-08,  2.36500e-09,  7.64444e-09,  1.31048e-08,  5.37500e-10,  1.18250e-09,  9.44464e-09,  9.31542e-10,
00:02:42,    162333,   516.2633,  1.07500e-08,  2.15000e-09,  7.64444e-09,  1.27976e-08,  6.45000e-10,  1.39750e-09,  9.29107e-09,  1.11785e-09,
00:02:42,    162838,   517.9822,  1.02614e-08,  1.93500e-09,  6.80833e-09,  1.23881e-08,  5.37500e-10,  1.18250e-09,  9.36786e-09,  9.31542e-10,
00:02:43,    163343,   519.9656,  1.05057e-08,  1.93500e-09,  7.64444e-09,  1.29000e-08,  5.37500e-10,  1.29000e-09,  9.21429e-09,  1.11785e-09,
00:02:43,    163848,   521.8167,  1.07500e-08,  2.04250e-09,  8.12222e-09,  1.26952e-08,  6.45000e-10,  1.29000e-09,  9.21429e-09,  9.31542e-10,
00:02:44,    164353,   523.9324,  1.14830e-08,  2.15000e-09,  7.52500e-09,  1.23881e-08,  6.45000e-10,  1.18250e-09,  9.06071e-09,  1.11785e-09,
00:02:44,    164858,   526.0480,  1.02614e-08,  1.82750e-09,  7.04722e-09,  1.23881e-08,  7.52500e-10,  1.29000e-09,  9.06071e-09,  1.11785e-09,
00:02:45,    165363,   528.1636,  1.05057e-08,  2.15000e-09,  7.28611e-09,  1.24905e-08,  5.37500e-10,  1.50500e-09,  9.29107e-09,  1.11785e-09,
00:02:45,    165868,   530.1470,  1.07500e-08,  2.04250e-09,  7.88333e-09,  1.22857e-08,  6.45000e-10,  1.29000e-09,  8.98393e-09,  1.11785e-09,
00:02:46,    166373,   532.1304,  1.05057e-08,  2.04250e-09,  7.52500e-09,  1.18762e-08,  7.52500e-10,  1.61250e-09,  9.06071e-09,  1.11785e-09,
00:02:46,    166878,   534.1138,  1.12386e-08,  2.04250e-09,  7.40556e-09,  1.17738e-08,  7.52500e-10,  1.39750e-09,  9.29107e-09,  9.31542e-10,
00:02:47,    167383,   536.0972,  1.02614e-08,  1.82750e-09,  7.28611e-09,  1.14667e-08,  6.45000e-10,  1.50500e-09,  9.36786e-09,  1.11785e-09,
00:02:47,    167888,   537.9483,  1.07500e-08,  1.93500e-09,  7.52500e-09,  1.12619e-08,  7.52500e-10,  1.29000e-09,  9.44464e-09,  9.31542e-10,
00:02:48,    168393,   540.3284,  9.77273e-09,  2.15000e-09,  7.64444e-09,  1.18762e-08,  6.45000e-10,  1.29000e-09,  9.29107e-09,  7.45234e-10,
00:02:48,    168898,   542.0473,  1.00170e-08,  1.82750e-09,  7.16667e-09,  1.18762e-08,  7.52500e-10,  1.39750e-09,  9.29107e-09,  1.11785e-09,
00:02:49,    169403,   544.1630,  1.00170e-08,  1.93500e-09,  7.76389e-09,  1.13643e-08,  7.52500e-10,  1.50500e-09,  9.21429e-09,  5.58925e-10,
00:02:49,    169908,   546.4108,  1.02614e-08,  1.82750e-09,  7.76389e-09,  1.16714e-08,  6.45000e-10,  1.39750e-09,  9.59821e-09,  9.31542e-10,
00:02:50,    170413,   548.2620,  9.28409e-09,  1.93500e-09,  7.52500e-09,  1.15690e-08,  6.45000e-10,  1.39750e-09,  9.13750e-09,  5.58925e-10,
00:02:50,    170918,   550.5099,  1.07500e-08,  1.93500e-09,  7.28611e-09,  1.13643e-08,  7.52500e-10,  1.29000e-09,  8.98393e-09,  9.31542e-10,
00:02:51,    171423,   552.4932,  1.02614e-08,  1.93500e-09,  7.64444e-09,  1.09548e-08,  6.45000e-10,  1.50500e-09,  9.21429e-09,  9.31542e-10,
00:02:51,    171928,   554.3444,  9.03977e-09,  2.15000e-09,  7.40556e-09,  1.12619e-08,  8.60000e-10,  1.61250e-09,  9.06071e-09,  9.31542e-10,
00:02:52,    172433,   556.4600,  1.07500e-08,  1.72000e-09,  7.40556e-09,  1.15690e-08,  8.60000e-10,  1.29000e-09,  9.52143e-09,  7.45234e-10,
00:02:52,    172938,   558.3112,  1.05057e-08,  2.04250e-09,  7.52500e-09,  1.09548e-08,  8.60000e-10,  1.61250e-09,  9.21429e-09,  1.11785e-09,
00:02:53,    173443,   560.4268,  1.00170e-08,  2.04250e-09,  7.40556e-09,  1.12619e-08,  6.45000e-10,  1.39750e-09,  9.13750e-09,  9.31542e-10,
00:02:53,    173948,   562.6746,  1.00170e-08,  2.04250e-09,  7.16667e-09,  1.14667e-08,  7.52500e-10,  1.61250e-09,  8.98393e-09,  5.58925e-10,
00:02:54,    174453,   564.5258,  1.05057e-08,  2.25750e-09,  7.28611e-09,  1.18762e-08,  7.52500e-10,  1.39750e-09,  8.90714e-09,  9.31542e-10,
00:02:54,    174958,   566.3770,  1.00170e-08,  2.15000e-09,  6.80833e-09,  1.12619e-08,  7.52500e-10,  1.39750e-09,  9.21429e-09,  1.11785e-09,
00:02:55,    175463,   568.4926,  1.09943e-08,  1.93500e-09,  7.40556e-09,  1.12619e-08,  7.52500e-10,  1.61250e-09,  9.06071e-09,  7.45234e-10,
00:02:55,    175968,   570.4760,  1.02614e-08,  2.15000e-09,  7.52500e-09,  1.13643e-08,  7.52500e-10,  1.61250e-09,  9.06071e-09,  9.31542e-10,
00:02:56,    176473,   572.4594,  1.02614e-08,  2.04250e-09,  7.28611e-09,  1.12619e-08,  7.52500e-10,  1.39750e-09,  8.90714e-09,  7.45234e-10,
00:02:56,    176978,   574.5750,  9.77273e-09,  2.04250e-09,  7.16667e-09,  1.11595e-08,  7.52500e-10,  1.61250e-09,  9.13750e-09,  7.45234e-10,
00:02:57,    177483,   576.6906,  1.00170e-08,  2.04250e-09,  7.04722e-09,  1.12619e-08,  6.45000e-10,  1.61250e-09,  8.90714e-09,  9.31542e-10,
00:02:57,    177988,   578.6740,  1.05057e-08,  1.93500e-09,  7.40556e-09,  1.06476e-08,  7.52500e-10,  1.72000e-09,  8.90714e-09,  7.45234e-10,
00:02:58,    178493,   580.5252,  1.02614e-08,  2.25750e-09,  6.92778e-09,  1.12619e-08,  7.52500e-10,  1.61250e-09,  9.59821e-09,  5.58925e-10,
00:02:58,    178998,   582.5086,  1.02614e-08,  1.93500e-09,  7.28611e-09,  1.13643e-08,  7.52500e-10,  1.39750e-09,  8.90714e-09,  7.45234e-10,
00:02:59,    179503,   584.8886,  1.02614e-08,  2.04250e-09,  7.04722e-09,  1.16714e-08,  7.52500e-10,  1.39750e-09,  9.52143e-09,  9.31542e-10,
00:03:00,    180008,   586.8720,  9.52841e-09,  1.93500e-09,  6.80833e-09,  1.12619e-08,  7.52500e-10,  1.61250e-09,  8.83036e-09,  1.11785e-09,
00:03:00,    180513,   588.8554,  9.77273e-09,  2.15000e-09,  7.40556e-09,  1.07500e-08,  7.52500e-10,  1.29000e-09,  8.60000e-09,  7.45234e-10,
00:03:01,    181018,   590.7066,  1.05057e-08,  2.25750e-09,  7.76389e-09,  1.11595e-08,  5.37500e-10,  1.61250e-09,  9.36786e-09,  7.45234e-10,
00:03:01,    181523,   592.9544,  9.28409e-09,  2.04250e-09,  7.28611e-09,  1.07500e-08,  5.37500e-10,  1.61250e-09,  8.83036e-09,  9.31542e-10,
00:03:02,    182028,   594.6734,  9.52841e-09,  2.25750e-09,  7.76389e-09,  1.06476e-08,  6.45000e-10,  1.72000e-09,  9.13750e-09,  5.58925e-10,
00:03:02,    182533,   596.7890,  9.52841e-09,  2.04250e-09,  7.28611e-09,  1.11595e-08,  7.52500e-10,  1.50500e-09,  8.67679e-09,  1.30416e-09,
00:03:03,    183038,   598.7724,  1.00170e-08,  2.15000e-09,  6.92778e-09,  1.10571e-08,  7.52500e-10,  1.61250e-09,  8.75357e-09,  7.45234e-10,
00:03:03,    183543,   600.7558,  1.00170e-08,  1.82750e-09,  7.16667e-09,  1.06476e-08,  7.52500e-10,  1.72000e-09,  8.44643e-09,  1.11785e-09,
00:03:04,    184048,   603.0036,  1.00170e-08,  2.15000e-09,  6.80833e-09,  1.08524e-08,  5.37500e-10,  1.61250e-09,  8.75357e-09,  9.31542e-10,
00:03:04,    184553,   604.8548,  1.02614e-08,  2.36500e-09,  6.56944e-09,  1.07500e-08,  6.45000e-10,  1.72000e-09,  8.67679e-09,  9.31542e-10,
00:03:05,    185058,   606.8382,  9.28409e-09,  2.15000e-09,  7.04722e-09,  1.11595e-08,  8.60000e-10,  1.61250e-09,  8.29286e-09,  7.45234e-10,
00:03:05,    185563,   608.8216,  9.77273e-09,  2.04250e-09,  7.16667e-09,  1.04429e-08,  8.60000e-10,  1.72000e-09,  8.67679e-09,  9.31542e-10,
00:03:06,    186068,   610.9372,  1.00170e-08,  2.04250e-09,  7.40556e-09,  1.12619e-08,  7.52500e-10,  1.93500e-09,  8.67679e-09,  9.31542e-10,
00:03:06,    186573,   613.3172,  1.02614e-08,  1.82750e-09,  6.80833e-09,  1.14667e-08,  6.45000e-10,  1.50500e-09,  8.60000e-09,  9.31542e-10,
00:03:07,    187078,   615.3006,  9.77273e-09,  2.25750e-09,  7.52500e-09,  1.10571e-08,  7.52500e-10,  1.50500e-09,  8.44643e-09,  9.31542e-10,
00:03:07,    187583,   617.1518,  1.00170e-08,  2.25750e-09,  6.80833e-09,  1.05452e-08,  8.60000e-10,  1.61250e-09,  7.98571e-09,  9.31542e-10,
00:03:08,    188088,   619.1352,  9.52841e-09,  2.04250e-09,  7.64444e-09,  1.02381e-08,  7.52500e-10,  2.04250e-09,  8.36964e-09,  9.31542e-10,
00:03:08,    188593,   621.1186,  9.77273e-09,  2.15000e-09,  7.64444e-09,  1.13643e-08,  7.52500e-10,  1.93500e-09,  8.36964e-09,  7.45234e-10,
00:03:09,    189098,   623.3664,  9.52841e-09,  2.15000e-09,  7.16667e-09,  1.06476e-08,  6.45000e-10,  2.04250e-09,  8.75357e-09,  9.31542e-10,
00:03:09,    189603,   625.0854,  1.05057e-08,  1.93500e-09,  6.92778e-09,  1.10571e-08,  7.52500e-10,  1.82750e-09,  7.98571e-09,  9.31542e-10,
00:03:10,    190108,   626.9365,  1.00170e-08,  2.36500e-09,  7.64444e-09,  1.08524e-08,  7.52500e-10,  1.82750e-09,  8.36964e-09,  9.31542e-10,
00:03:10,    190613,   629.3166,  9.28409e-09,  2.15000e-09,  7.88333e-09,  1.09548e-08,  8.60000e-10,  1.50500e-09,  8.06250e-09,  9.31542e-10,
00:03:11,    191118,   631.5645,  1.00170e-08,  2.36500e-09,  7.52500e-09,  1.10571e-08,  6.45000e-10,  1.82750e-09,  8.44643e-09,  9.31542e-10,
00:03:11,    191623,   633.2834,  1.07500e-08,  2.15000e-09,  6.80833e-09,  1.15690e-08,  6.45000e-10,  1.72000e-09,  8.44643e-09,  1.11785e-09,
00:03:12,    192128,   635.3990,  1.00170e-08,  2.15000e-09,  7.40556e-09,  1.06476e-08,  7.52500e-10,  1.82750e-09,  8.29286e-09,  7.45234e-10,
00:03:12,    192633,   637.5146,  1.00170e-08,  2.47250e-09,  7.16667e-09,  1.12619e-08,  6.45000e-10,  1.82750e-09,  8.21607e-09,  9.31542e-10,
00:03:13,    193138,   639.4980,  8.79545e-09,  2.15000e-09,  6.80833e-09,  1.08524e-08,  6.45000e-10,  1.61250e-09,  8.13929e-09,  1.30416e-09,
00:03:13,    193643,   641.6137,  9.52841e-09,  2.25750e-09,  7.28611e-09,  1.07500e-08,  8.60000e-10,  1.93500e-09,  8.06250e-09,  1.11785e-09,
00:03:14,    194148,   643.3326,  9.52841e-09,  2.25750e-09,  7.04722e-09,  1.09548e-08,  9.67500e-10,  2.04250e-09,  8.06250e-09,  9.31542e-10,
00:03:14,    194653,   645.4482,  1.00170e-08,  2.36500e-09,  7.52500e-09,  1.06476e-08,  5.37500e-10,  1.72000e-09,  8.21607e-09,  9.31542e-10,
00:03:15,    195158,   647.5638,  9.52841e-09,  2.15000e-09,  7.28611e-09,  1.12619e-08,  8.60000e-10,  1.82750e-09,  8.06250e-09,  9.31542e-10,
00:03:15,    195663,   649.4150,  9.52841e-09,  2.15000e-09,  6.68889e-09,  1.02381e-08,  6.45000e-10,  1.82750e-09,  8.06250e-09,  1.11785e-09,
00:03:16,    196168,   651.5306,  9.03977e-09,  2.25750e-09,  7.04722e-09,  1.10571e-08,  5.37500e-10,  1.72000e-09,  8.06250e-09,  9.31542e-10,
00:03:16,    196673,   653.5140,  1.00170e-08,  2.04250e-09,  7.28611e-09,  1.06476e-08,  7.52500e-10,  1.82750e-09,  7.83214e-09,  9.31542e-10,
00:03:17,    197178,   655.6296,  1.02614e-08,  2.15000e-09,  7.40556e-09,  1.10571e-08,  7.52500e-10,  1.72000e-09,  7.52500e-09,  1.11785e-09,
00:03:17,    197683,   657.3485,  9.03977e-09,  2.25750e-09,  7.16667e-09,  1.12619e-08,  6.45000e-10,  1.82750e-09,  7.83214e-09,  1.11785e-09,
00:03:18,    198188,   659.5964,  8.55114e-09,  2.15000e-09,  6.92778e-09,  1.10571e-08,  7.52500e-10,  1.82750e-09,  7.98571e-09,  9.31542e-10,
00:03:18,    198693,   661.4476,  9.52841e-09,  2.04250e-09,  7.04722e-09,  1.13643e-08,  6.45000e-10,  1.72000e-09,  7.98571e-09,  1.11785e-09,
00:03:19,    199198,   663.2987,  9.77273e-09,  2.15000e-09,  7.16667e-09,  1.08524e-08,  6.45000e-10,  1.93500e-09,  7.83214e-09,  9.31542e-10,
00:03:19,    199703,   665.4143,  9.28409e-09,  2.15000e-09,  7.28611e-09,  1.11595e-08,  6.45000e-10,  1.61250e-09,  8.06250e-09,  7.45234e-10,
00:03:20,    200208,   667.5300,  9.52841e-09,  2.15000e-09,  7.52500e-09,  1.14667e-08,  7.52500e-10,  1.72000e-09,  7.98571e-09,  9.31542e-10,
00:03:20,    200713,   669.7778,  1.00170e-08,  2.25750e-09,  7.40556e-09,  1.14667e-08,  7.52500e-10,  1.61250e-09,  8.29286e-09,  7.45234e-10,
00:03:21,    201218,   671.6290,  9.28409e-09,  2.15000e-09,  7.28611e-09,  1.10571e-08,  9.67500e-10,  1.72000e-09,  8.06250e-09,  7.45234e-10,
00:03:21,    201723,   673.7446,  8.79545e-09,  2.25750e-09,  7.52500e-09,  1.08524e-08,  5.37500e-10,  1.72000e-09,  7.90893e-09,  9.31542e-10,
00:03:22,    202228,   675.7280,  9.03977e-09,  2.15000e-09,  7.52500e-09,  1.15690e-08,  6.45000e-10,  1.72000e-09,  8.06250e-09,  1.30416e-09,
00:03:22,    202733,   677.8436,  8.79545e-09,  1.93500e-09,  7.52500e-09,  1.14667e-08,  6.45000e-10,  1.61250e-09,  7.98571e-09,  9.31542e-10,
00:03:23,    203238,   679.6948,  9.03977e-09,  2.25750e-09,  7.40556e-09,  1.12619e-08,  7.52500e-10,  1.93500e-09,  7.90893e-09,  9.31542e-10,
00:03:23,    203743,   681.8104,  9.77273e-09,  2.36500e-09,  6.92778e-09,  1.17738e-08,  6.45000e-10,  1.61250e-09,  7.75536e-09,  1.11785e-09,
00:03:24,    204248,   683.7938,  9.77273e-09,  2.15000e-09,  7.28611e-09,  1.18762e-08,  6.45000e-10,  1.82750e-09,  7.90893e-09,  9.31542e-10,
00:03:24,    204753,   685.6450,  9.28409e-09,  2.15000e-09,  7.04722e-09,  1.15690e-08,  5.37500e-10,  1.50500e-09,  7.98571e-09,  1.11785e-09,
00:03:25,    205258,   687.7606,  9.03977e-09,  2.15000e-09,  7.64444e-09,  1.15690e-08,  6.45000e-10,  1.61250e-09,  7.90893e-09,  1.30416e-09,
00:03:25,    205763,   690.0084,  9.77273e-09,  2.15000e-09,  7.64444e-09,  1.19786e-08,  6.45000e-10,  1.39750e-09,  7.75536e-09,  9.31542e-10,
00:03:26,    206268,   691.9918,  9.03977e-09,  2.04250e-09,  7.40556e-09,  1.20810e-08,  6.45000e-10,  1.39750e-09,  7.98571e-09,  1.11785e-09,
00:03:26,    206773,   694.1074,  9.03977e-09,  2.15000e-09,  7.64444e-09,  1.18762e-08,  6.45000e-10,  1.50500e-09,  7.75536e-09,  1.30416e-09,
00:03:27,    207278,   696.2230,  9.03977e-09,  2.04250e-09,  7.28611e-09,  1.17738e-08,  6.45000e-10,  1.61250e-09,  7.67857e-09,  9.31542e-10,
00:03:27,    207783,   697.8098,  9.03977e-09,  2.04250e-09,  7.28611e-09,  1.18762e-08,  5.37500e-10,  1.39750e-09,  8.06250e-09,  1.11785e-09,
00:03:28,    208288,   700.0576,  8.30682e-09,  2.15000e-09,  7.64444e-09,  1.19786e-08,  7.52500e-10,  1.50500e-09,  7.67857e-09,  9.31542e-10,
00:03:28,    208793,   702.1732,  8.55114e-09,  2.04250e-09,  7.28611e-09,  1.21833e-08,  5.37500e-10,  1.29000e-09,  7.90893e-09,  9.31542e-10,
00:03:29,    209298,   704.0244,  9.28409e-09,  2.15000e-09,  7.64444e-09,  1.19786e-08,  6.45000e-10,  1.39750e-09,  7.60179e-09,  1.30416e-09,
00:03:29,    209803,   706.2722,  8.79545e-09,  2.25750e-09,  7.64444e-09,  1.22857e-08,  7.52500e-10,  1.61250e-09,  8.06250e-09,  9.31542e-10,
00:03:30,    210308,   708.3878,  9.03977e-09,  2.15000e-09,  7.40556e-09,  1.23881e-08,  5.37500e-10,  1.39750e-09,  7.52500e-09,  1.30416e-09,
00:03:30,    210813,   710.2390,  9.28409e-09,  2.04250e-09,  7.76389e-09,  1.21833e-08,  6.45000e-10,  1.39750e-09,  7.67857e-09,  1.11785e-09,
00:03:31,    211318,   711.9580,  8.30682e-09,  2.15000e-09,  7.40556e-09,  1.23881e-08,  8.60000e-10,  1.39750e-09,  7.67857e-09,  1.11785e-09,
00:03:31,    211823,   714.6025,  8.30682e-09,  2.04250e-09,  7.40556e-09,  1.23881e-08,  7.52500e-10,  1.50500e-09,  7.60179e-09,  1.30416e-09,
00:03:32,    212328,   716.1892,  9.03977e-09,  1.72000e-09,  7.52500e-09,  1.22857e-08,  7.52500e-10,  1.18250e-09,  7.83214e-09,  9.31542e-10,
00:03:32,    212833,   718.3048,  9.03977e-09,  2.15000e-09,  7.64444e-09,  1.21833e-08,  6.45000e-10,  1.61250e-09,  7.21786e-09,  1.30416e-09,
00:03:33,    213338,   720.1560,  9.28409e-09,  1.82750e-09,  7.04722e-09,  1.26952e-08,  6.45000e-10,  1.39750e-09,  7.44821e-09,  9.31542e-10,
00:03:33,    213843,   722.4038,  8.55114e-09,  2.15000e-09,  8.00278e-09,  1.21833e-08,  6.45000e-10,  1.29000e-09,  7.52500e-09,  9.31542e-10,
00:03:34,    214348,   724.5194,  8.55114e-09,  2.15000e-09,  7.40556e-09,  1.24905e-08,  7.52500e-10,  1.50500e-09,  7.52500e-09,  1.11785e-09,
00:03:34,    214853,   726.3706,  9.28409e-09,  1.82750e-09,  8.12222e-09,  1.25929e-08,  8.60000e-10,  1.29000e-09,  7.67857e-09,  1.11785e-09,
00:03:35,    215358,   728.3540,  9.28409e-09,  1.93500e-09,  7.40556e-09,  1.21833e-08,  6.45000e-10,  1.39750e-09,  7.37143e-09,  1.11785e-09,
00:03:35,    215863,   730.7341,  8.79545e-09,  2.15000e-09,  7.52500e-09,  1.22857e-08,  6.45000e-10,  1.18250e-09,  7.60179e-09,  1.11785e-09,
00:03:36,    216368,   732.4530,  8.30682e-09,  2.15000e-09,  7.88333e-09,  1.21833e-08,  7.52500e-10,  1.61250e-09,  7.60179e-09,  1.11785e-09,
00:03:36,    216873,   734.4364,  8.06250e-09,  2.15000e-09,  7.40556e-09,  1.29000e-08,  7.52500e-10,  1.61250e-09,  7.29464e-09,  9.31542e-10,
00:03:37,    217378,   736.2876,  9.52841e-09,  2.04250e-09,  7.76389e-09,  1.25929e-08,  7.52500e-10,  1.39750e-09,  7.29464e-09,  9.31542e-10,
00:03:37,    217883,   738.2710,  8.79545e-09,  1.93500e-09,  7.40556e-09,  1.30024e-08,  8.60000e-10,  1.50500e-09,  7.52500e-09,  1.11785e-09,
00:03:38,    218388,   740.5188,  9.28409e-09,  1.82750e-09,  7.52500e-09,  1.25929e-08,  7.52500e-10,  1.39750e-09,  7.37143e-09,  9.31542e-10,
00:03:38,    218893,   743.1634,  8.79545e-09,  2.04250e-09,  7.76389e-09,  1.22857e-08,  7.52500e-10,  1.61250e-09,  7.29464e-09,  9.31542e-10,
00:03:39,    219398,   745.1468,  9.52841e-09,  1.82750e-09,  8.00278e-09,  1.25929e-08,  5.37500e-10,  1.39750e-09,  7.60179e-09,  1.11785e-09,
00:03:39,    219903,   746.8657,  8.79545e-09,  1.93500e-09,  7.88333e-09,  1.24905e-08,  6.45000e-10,  1.50500e-09,  7.67857e-09,  1.11785e-09,
00:03:40,    220408,   748.8491,  9.03977e-09,  1.82750e-09,  7.88333e-09,  1.26952e-08,  7.52500e-10,  1.29000e-09,  7.67857e-09,  1.11785e-09,
00:03:40,    220913,   750.5680,  8.79545e-09,  1.93500e-09,  7.64444e-09,  1.22857e-08,  8.60000e-10,  1.29000e-09,  7.60179e-09,  9.31542e-10,
00:03:41,    221418,   752.5514,  8.79545e-09,  1.93500e-09,  7.88333e-09,  1.22857e-08,  6.45000e-10,  1.29000e-09,  7.44821e-09,  1.30416e-09,
00:03:41,    221923,   754.6670,  9.28409e-09,  1.93500e-09,  7.76389e-09,  1.24905e-08,  7.52500e-10,  1.39750e-09,  7.29464e-09,  9.31542e-10,
00:03:42,    222428,   756.6504,  8.55114e-09,  1.93500e-09,  8.24167e-09,  1.31048e-08,  6.45000e-10,  1.29000e-09,  7.44821e-09,  1.11785e-09,
00:03:42,    222933,   758.6338,  8.55114e-09,  2.15000e-09,  8.24167e-09,  1.23881e-08,  7.52500e-10,  1.29000e-09,  7.37143e-09,  9.31542e-10,
00:03:43,    223438,   760.7494,  8.55114e-09,  1.82750e-09,  8.00278e-09,  1.26952e-08,  5.37500e-10,  1.29000e-09,  7.21786e-09,  1.11785e-09,
00:03:43,    223943,   762.7328,  9.28409e-09,  2.04250e-09,  8.12222e-09,  1.16714e-08,  6.45000e-10,  1.50500e-09,  7.37143e-09,  9.31542e-10,
00:03:44,    224448,   764.8484,  8.79545e-09,  2.15000e-09,  7.88333e-09,  1.19786e-08,  6.45000e-10,  1.50500e-09,  7.37143e-09,  9.31542e-10,
00:03:44,    224953,   766.8318,  8.30682e-09,  1.93500e-09,  7.76389e-09,  1.24905e-08,  7.52500e-10,  1.50500e-09,  7.29464e-09,  7.45234e-10,
00:03:45,    225458,   769.0797,  9.03977e-09,  2.15000e-09,  8.12222e-09,  1.24905e-08,  6.45000e-10,  1.39750e-09,  7.60179e-09,  9.31542e-10,
00:03:45,    225963,   770.7986,  8.30682e-09,  2.04250e-09,  8.71944e-09,  1.19786e-08,  7.52500e-10,  1.39750e-09,  7.52500e-09,  9.31542e-10,
00:03:46,    226468,   772.9142,  8.79545e-09,  2.04250e-09,  8.24167e-09,  1.17738e-08,  8.60000e-10,  1.61250e-09,  7.67857e-09,  7.45234e-10,
00:03:46,    226973,   775.0299,  9.28409e-09,  2.15000e-09,  8.60000e-09,  1.18762e-08,  9.67500e-10,  1.39750e-09,  7.52500e-09,  7.45234e-10,
00:03:47,    227478,   776.6165,  9.03977e-09,  1.93500e-09,  8.36111e-09,  1.25929e-08,  6.45000e-10,  1.50500e-09,  7.06429e-09,  7.45234e-10,
00:03:47,    227983,   778.8644,  8.55114e-09,  1.82750e-09,  8.36111e-09,  1.20810e-08,  8.60000e-10,  1.39750e-09,  7.21786e-09,  9.31542e-10,
00:03:48,    228488,   781.2445,  8.55114e-09,  1.82750e-09,  8.60000e-09,  1.22857e-08,  7.52500e-10,  1.39750e-09,  7.29464e-09,  7.45234e-10,
00:03:48,    228993,   782.8312,  9.03977e-09,  1.93500e-09,  8.71944e-09,  1.19786e-08,  7.52500e-10,  1.39750e-09,  7.29464e-09,  9.31542e-10,
00:03:49,    229498,   785.0791,  8.30682e-09,  1.93500e-09,  8.60000e-09,  1.17738e-08,  6.45000e-10,  1.39750e-09,  7.60179e-09,  9.31542e-10,
00:03:50,    230003,   787.0624,  9.28409e-09,  1.93500e-09,  8.48056e-09,  1.18762e-08,  7.52500e-10,  1.39750e-09,  7.21786e-09,  1.30416e-09,
00:03:50,    230508,   789.0458,  9.52841e-09,  1.82750e-09,  8.48056e-09,  1.15690e-08,  6.45000e-10,  1.39750e-09,  7.29464e-09,  9.31542e-10,
00:03:51,    231013,   791.0292,  8.79545e-09,  2.04250e-09,  9.07778e-09,  1.09548e-08,  7.52500e-10,  1.39750e-09,  7.29464e-09,  7.45234e-10,
00:03:51,    231518,   793.2771,  9.03977e-09,  2.04250e-09,  9.67500e-09,  1.14667e-08,  6.45000e-10,  1.50500e-09,  7.29464e-09,  9.31542e-10,
00:03:52,    232023,   795.2605,  9.52841e-09,  1.93500e-09,  9.31667e-09,  1.11595e-08,  7.52500e-10,  1.29000e-09,  7.37143e-09,  7.45234e-10,
00:03:52,    232528,   797.1116,  8.79545e-09,  2.15000e-09,  9.31667e-09,  1.13643e-08,  6.45000e-10,  1.29000e-09,  7.52500e-09,  5.58925e-10,
00:03:53,    233033,   799.2273,  9.28409e-09,  2.04250e-09,  8.95833e-09,  1.14667e-08,  6.45000e-10,  1.39750e-09,  7.14107e-09,  7.45234e-10,
00:03:53,    233538,   801.2107,  9.52841e-09,  1.82750e-09,  8.71944e-09,  1.12619e-08,  6.45000e-10,  1.29000e-09,  7.37143e-09,  7.45234e-10,
00:03:54,    234043,   803.3263,  9.03977e-09,  1.93500e-09,  8.95833e-09,  1.15690e-08,  6.45000e-10,  1.50500e-09,  7.44821e-09,  1.11785e-09,
00:03:54,    234548,   805.3097,  8.79545e-09,  2.15000e-09,  9.55556e-09,  1.11595e-08,  7.52500e-10,  1.29000e-09,  7.60179e-09,  9.31542e-10,
00:03:55,    235053,   807.4253,  9.03977e-09,  2.25750e-09,  9.67500e-09,  1.09548e-08,  7.52500e-10,  1.39750e-09,  7.29464e-09,  9.31542e-10,
00:03:55,    235558,   809.5409,  8.79545e-09,  1.93500e-09,  9.43611e-09,  1.14667e-08,  7.52500e-10,  1.29000e-09,  7.60179e-09,  7.45234e-10,
00:03:56,    236063,   811.3921,  9.03977e-09,  1.82750e-09,  9.43611e-09,  1.13643e-08,  7.52500e-10,  1.39750e-09,  7.21786e-09,  9.31542e-10,
00:03:56,    236568,   813.3755,  9.52841e-09,  2.04250e-09,  9.67500e-09,  1.13643e-08,  5.37500e-10,  1.39750e-09,  7.14107e-09,  9.31542e-10,
00:03:57,    237073,   815.3588,  9.77273e-09,  1.93500e-09,  9.55556e-09,  1.09548e-08,  6.45000e-10,  1.50500e-09,  7.37143e-09,  9.31542e-10,
00:03:57,    237578,   817.3422,  9.03977e-09,  2.04250e-09,  9.91389e-09,  1.07500e-08,  6.45000e-10,  1.18250e-09,  7.06429e-09,  7.45234e-10,
00:03:58,    238083,   819.5901,  8.79545e-09,  2.04250e-09,  9.91389e-09,  1.15690e-08,  6.45000e-10,  1.29000e-09,  7.67857e-09,  9.31542e-10,
00:03:58,    238588,   821.1768,  8.79545e-09,  2.15000e-09,  9.79444e-09,  1.07500e-08,  7.52500e-10,  1.50500e-09,  7.44821e-09,  7.45234e-10,
00:03:59,    239093,   823.6890,  9.52841e-09,  1.93500e-09,  9.91389e-09,  1.12619e-08,  6.45000e-10,  1.39750e-09,  6.98750e-09,  7.45234e-10,
00:03:59,    239598,   825.5402,  9.03977e-09,  1.82750e-09,  1.02722e-08,  1.11595e-08,  4.30000e-10,  1.39750e-09,  7.44821e-09,  7.45234e-10,
00:04:00,    240103,   827.6558,  9.28409e-09,  1.82750e-09,  1.05111e-08,  1.13643e-08,  5.37500e-10,  1.61250e-09,  7.44821e-09,  5.58925e-10,
00:04:00,    240608,   829.5070,  9.28409e-09,  1.72000e-09,  1.05111e-08,  1.10571e-08,  6.45000e-10,  1.29000e-09,  7.29464e-09,  7.45234e-10,
00:04:01,    241113,   831.6226,  9.03977e-09,  2.15000e-09,  1.03917e-08,  1.17738e-08,  5.37500e-10,  1.29000e-09,  7.06429e-09,  7.45234e-10,
00:04:01,    241618,   833.7382,  9.03977e-09,  1.93500e-09,  1.06306e-08,  1.10571e-08,  4.30000e-10,  1.39750e-09,  7.29464e-09,  7.45234e-10,
00:04:02,    242123,   835.7216,  8.55114e-09,  2.04250e-09,  1.07500e-08,  1.12619e-08,  5.37500e-10,  1.29000e-09,  7.21786e-09,  1.11785e-09,
00:04:02,    242628,   837.7050,  8.79545e-09,  1.93500e-09,  1.09889e-08,  1.10571e-08,  5.37500e-10,  1.39750e-09,  7.44821e-09,  9.31542e-10,
00:04:03,    243133,   839.8206,  8.79545e-09,  2.15000e-09,  1.08694e-08,  1.11595e-08,  6.45000e-10,  1.39750e-09,  6.98750e-09,  1.11785e-09,
00:04:03,    243638,   841.8040,  8.55114e-09,  2.04250e-09,  1.14667e-08,  1.09548e-08,  6.45000e-10,  1.39750e-09,  7.29464e-09,  9.31542e-10,
00:04:04,    244143,   843.6552,  9.28409e-09,  2.04250e-09,  1.20639e-08,  1.08524e-08,  6.45000e-10,  1.29000e-09,  6.91071e-09,  9.31542e-10,
00:04:04,    244648,   845.7708,  9.52841e-09,  1.93500e-09,  1.15861e-08,  1.08524e-08,  5.37500e-10,  1.39750e-09,  7.06429e-09,  1.11785e-09,
00:04:05,    245153,   847.7542,  9.28409e-09,  2.15000e-09,  1.24222e-08,  1.08524e-08,  6.45000e-10,  1.29000e-09,  7.44821e-09,  7.45234e-10,
00:04:05,    245658,   849.8698,  9.28409e-09,  1.93500e-09,  1.20639e-08,  1.08524e-08,  5.37500e-10,  1.39750e-09,  6.91071e-09,  1.11785e-09,
00:04:06,    246163,   851.8532,  9.28409e-09,  2.04250e-09,  1.25417e-08,  1.13643e-08,  5.37500e-10,  1.07500e-09,  6.98750e-09,  1.11785e-09,
00:04:06,    246668,   853.7044,  8.55114e-09,  1.82750e-09,  1.15861e-08,  1.07500e-08,  7.52500e-10,  1.07500e-09,  7.21786e-09,  9.31542e-10,
00:04:07,    247173,   855.9522,  8.55114e-09,  1.82750e-09,  1.25417e-08,  1.10571e-08,  6.45000e-10,  1.18250e-09,  7.29464e-09,  9.31542e-10,
00:04:07,    247678,   857.9356,  8.55114e-09,  1.82750e-09,  1.31389e-08,  1.06476e-08,  5.37500e-10,  9.67500e-10,  7.29464e-09,  1.11785e-09,
00:04:08,    248183,   859.9190,  9.28409e-09,  1.93500e-09,  1.34972e-08,  1.02381e-08,  5.37500e-10,  1.39750e-09,  7.37143e-09,  7.45234e-10,
00:04:08,    248688,   861.9024,  9.28409e-09,  2.04250e-09,  1.31389e-08,  1.10571e-08,  5.37500e-10,  1.07500e-09,  7.14107e-09,  9.31542e-10,
00:04:09,    249193,   863.8858,  8.79545e-09,  1.72000e-09,  1.29000e-08,  1.04429e-08,  6.45000e-10,  1.07500e-09,  7.21786e-09,  9.31542e-10,
00:04:09,    249698,   865.8692,  9.03977e-09,  1.82750e-09,  1.37361e-08,  1.10571e-08,  4.30000e-10,  1.39750e-09,  7.06429e-09,  9.31542e-10,
00:04:10,    250203,   867.8526,  9.28409e-09,  1.93500e-09,  1.36167e-08,  1.07500e-08,  6.45000e-10,  1.18250e-09,  7.06429e-09,  9.31542e-10,
00:04:10,    250708,   869.9682,  1.02614e-08,  1.82750e-09,  1.38556e-08,  1.12619e-08,  5.37500e-10,  1.29000e-09,  7.14107e-09,  1.30416e-09,
00:04:11,    251213,   872.0838,  9.03977e-09,  1.82750e-09,  1.44528e-08,  1.09548e-08,  4.30000e-10,  1.18250e-09,  7.37143e-09,  1.11785e-09,
00:04:11,    251718,   874.0672,  9.03977e-09,  1.82750e-09,  1.39750e-08,  1.08524e-08,  5.37500e-10,  1.18250e-09,  6.98750e-09,  9.31542e-10,
00:04:12,    252223,   876.1829,  9.28409e-09,  1.72000e-09,  1.43333e-08,  1.06476e-08,  5.37500e-10,  1.29000e-09,  7.21786e-09,  9.31542e-10,
00:04:12,    252728,   878.1662,  9.28409e-09,  1.72000e-09,  1.40944e-08,  1.06476e-08,  5.37500e-10,  1.39750e-09,  6.98750e-09,  9.31542e-10,
00:04:13,    253233,   880.1496,  9.52841e-09,  2.04250e-09,  1.49306e-08,  1.09548e-08,  6.45000e-10,  1.39750e-09,  7.21786e-09,  9.31542e-10,
00:04:13,    253738,   882.2653,  8.55114e-09,  1.72000e-09,  1.52889e-08,  1.04429e-08,  5.37500e-10,  1.18250e-09,  6.83393e-09,  7.45234e-10,
00:04:14,    254243,   884.5131,  9.77273e-09,  1.72000e-09,  1.56472e-08,  1.02381e-08,  7.52500e-10,  1.07500e-09,  7.29464e-09,  7.45234e-10,
00:04:14,    254748,   886.3643,  9.77273e-09,  1.82750e-09,  1.56472e-08,  1.06476e-08,  5.37500e-10,  1.29000e-09,  7.14107e-09,  9.31542e-10,
00:04:15,    255253,   888.6122,  9.28409e-09,  1.82750e-09,  1.63639e-08,  1.03405e-08,  5.37500e-10,  1.07500e-09,  7.14107e-09,  7.45234e-10,
00:04:15,    255758,   890.4633,  8.55114e-09,  1.72000e-09,  1.60056e-08,  1.04429e-08,  6.45000e-10,  1.29000e-09,  6.98750e-09,  7.45234e-10,
00:04:16,    256263,   892.1822,  9.03977e-09,  1.82750e-09,  1.66028e-08,  1.00333e-08,  6.45000e-10,  1.39750e-09,  7.21786e-09,  7.45234e-10,
00:04:16,    256768,   894.4301,  9.28409e-09,  1.82750e-09,  1.67222e-08,  1.02381e-08,  6.45000e-10,  1.29000e-09,  7.06429e-09,  5.58925e-10,
00:04:17,    257273,   896.4135,  9.28409e-09,  1.72000e-09,  1.64833e-08,  1.03405e-08,  4.30000e-10,  1.18250e-09,  7.14107e-09,  9.31542e-10,
00:04:17,    257778,   898.5291,  1.02614e-08,  1.82750e-09,  1.72000e-08,  1.02381e-08,  4.30000e-10,  1.39750e-09,  7.14107e-09,  1.11785e-09,
00:04:18,    258283,   900.5125,  9.28409e-09,  1.82750e-09,  1.75583e-08,  9.93095e-09,  5.37500e-10,  1.39750e-09,  6.91071e-09,  7.45234e-10,
00:04:18,    258788,   902.4959,  1.00170e-08,  1.93500e-09,  1.75583e-08,  1.02381e-08,  5.37500e-10,  1.07500e-09,  7.29464e-09,  9.31542e-10,
00:04:19,    259293,   904.6115,  9.52841e-09,  1.93500e-09,  1.73194e-08,  1.00333e-08,  5.37500e-10,  1.07500e-09,  7.37143e-09,  9.31542e-10,
00:04:19,    259798,   906.8594,  9.77273e-09,  1.82750e-09,  1.83944e-08,  1.00333e-08,  5.37500e-10,  1.18250e-09,  6.75714e-09,  7.45234e-10,
00:04:20,    260303,   908.4461,  9.28409e-09,  1.72000e-09,  1.81556e-08,  9.82857e-09,  4.30000e-10,  1.07500e-09,  7.06429e-09,  7.45234e-10,
00:04:20,    260808,   910.8261,  1.00170e-08,  1.72000e-09,  1.82750e-08,  1.04429e-08,  5.37500e-10,  1.18250e-09,  7.06429e-09,  9.31542e-10,
00:04:21,    261313,   912.4128,  9.28409e-09,  1.82750e-09,  1.81556e-08,  1.01357e-08,  6.45000e-10,  1.18250e-09,  6.83393e-09,  9.31542e-10,
00:04:21,    261818,   914.7929,  9.28409e-09,  1.72000e-09,  1.87528e-08,  9.72619e-09,  5.37500e-10,  1.18250e-09,  7.21786e-09,  9.31542e-10,
00:04:22,    262323,   916.6441,  9.77273e-09,  1.72000e-09,  1.91111e-08,  9.72619e-09,  5.37500e-10,  1.18250e-09,  6.91071e-09,  7.45234e-10,
00:04:22,    262828,   918.6275,  1.05057e-08,  1.82750e-09,  1.86333e-08,  1.01357e-08,  5.37500e-10,  1.29000e-09,  6.91071e-09,  1.11785e-09,
00:04:23,    263333,   920.4786,  9.52841e-09,  1.82750e-09,  1.89917e-08,  9.82857e-09,  5.37500e-10,  1.18250e-09,  7.52500e-09,  7.45234e-10,
00:04:23,    263838,   922.7265,  9.52841e-09,  2.04250e-09,  1.94694e-08,  9.93095e-09,  4.30000e-10,  9.67500e-10,  6.75714e-09,  5.58925e-10,
00:04:24,    264343,   924.8421,  1.00170e-08,  1.93500e-09,  1.99472e-08,  9.52143e-09,  6.45000e-10,  1.39750e-09,  7.14107e-09,  9.31542e-10,
00:04:24,    264848,   926.9577,  9.28409e-09,  1.93500e-09,  2.05444e-08,  9.82857e-09,  6.45000e-10,  1.07500e-09,  7.29464e-09,  9.31542e-10,
00:04:25,    265353,   928.6766,  1.02614e-08,  1.72000e-09,  2.05444e-08,  1.00333e-08,  5.37500e-10,  1.18250e-09,  7.37143e-09,  1.11785e-09,
00:04:25,    265858,   931.0567,  9.28409e-09,  1.72000e-09,  2.01861e-08,  9.72619e-09,  5.37500e-10,  1.18250e-09,  7.14107e-09,  3.72617e-10,
00:04:26,    266363,   932.9078,  1.00170e-08,  1.82750e-09,  2.07833e-08,  9.52143e-09,  5.37500e-10,  1.18250e-09,  7.21786e-09,  9.31542e-10,
00:04:26,    266868,   934.8912,  9.28409e-09,  1.93500e-09,  2.09028e-08,  9.52143e-09,  6.45000e-10,  1.07500e-09,  7.06429e-09,  9.31542e-10,
00:04:27,    267373,   936.8746,  1.00170e-08,  2.04250e-09,  2.06639e-08,  9.41905e-09,  6.45000e-10,  1.29000e-09,  7.29464e-09,  1.11785e-09,
00:04:27,    267878,   939.1225,  9.52841e-09,  1.72000e-09,  2.03056e-08,  1.00333e-08,  6.45000e-10,  1.18250e-09,  6.91071e-09,  9.31542e-10,
00:04:28,    268383,   940.9736,  9.52841e-09,  1.93500e-09,  2.04250e-08,  9.52143e-09,  6.45000e-10,  1.18250e-09,  7.14107e-09,  1.11785e-09,
00:04:28,    268888,   943.0893,  9.77273e-09,  1.61250e-09,  2.10222e-08,  9.93095e-09,  4.30000e-10,  1.29000e-09,  7.14107e-09,  9.31542e-10,
00:04:29,    269393,   945.0727,  9.77273e-09,  1.72000e-09,  2.11417e-08,  9.52143e-09,  5.37500e-10,  1.39750e-09,  6.91071e-09,  9.31542e-10,
00:04:29,    269898,   947.0560,  1.02614e-08,  1.72000e-09,  2.09028e-08,  9.41905e-09,  6.45000e-10,  9.67500e-10,  7.44821e-09,  7.45234e-10,
00:04:30,    270403,   949.1717,  9.77273e-09,  1.72000e-09,  2.10222e-08,  9.31667e-09,  5.37500e-10,  1.07500e-09,  6.91071e-09,  7.45234e-10,
00:04:30,    270908,   951.1551,  9.28409e-09,  1.61250e-09,  2.13806e-08,  9.52143e-09,  5.37500e-10,  9.67500e-10,  6.98750e-09,  1.11785e-09,
00:04:31,    271413,   953.0062,  9.52841e-09,  1.72000e-09,  2.11417e-08,  9.62381e-09,  5.37500e-10,  1.07500e-09,  6.83393e-09,  7.45234e-10,
00:04:31,    271918,   955.1218,  1.00170e-08,  1.82750e-09,  2.09028e-08,  9.52143e-09,  5.37500e-10,  1.18250e-09,  7.21786e-09,  1.11785e-09,
00:04:32,    272423,   957.3697,  1.00170e-08,  1.82750e-09,  2.10222e-08,  9.41905e-09,  3.22500e-10,  1.18250e-09,  7.14107e-09,  9.31542e-10,
00:04:32,    272928,   959.3531,  9.77273e-09,  1.61250e-09,  2.01861e-08,  9.41905e-09,  7.52500e-10,  1.39750e-09,  7.06429e-09,  9.31542e-10,
00:04:33,    273433,   961.3365,  9.52841e-09,  1.72000e-09,  2.12611e-08,  9.31667e-09,  5.37500e-10,  1.29000e-09,  7.14107e-09,  7.45234e-10,
00:04:33,    273938,   963.0554,  1.00170e-08,  1.82750e-09,  2.15000e-08,  9.82857e-09,  5.37500e-10,  1.18250e-09,  7.29464e-09,  7.45234e-10,
00:04:34,    274443,   964.7744,  9.52841e-09,  1.50500e-09,  2.10222e-08,  9.52143e-09,  5.37500e-10,  1.07500e-09,  6.98750e-09,  9.31542e-10,
00:04:34,    274948,   966.8900,  9.77273e-09,  1.93500e-09,  2.07833e-08,  9.62381e-09,  6.45000e-10,  1.07500e-09,  7.06429e-09,  9.31542e-10,
00:04:35,    275453,   969.6668,  9.28409e-09,  1.61250e-09,  2.16194e-08,  9.82857e-09,  5.37500e-10,  1.07500e-09,  6.68036e-09,  9.31542e-10,
00:04:35,    275958,   971.3857,  9.77273e-09,  1.72000e-09,  2.11417e-08,  9.41905e-09,  5.37500e-10,  1.18250e-09,  7.14107e-09,  9.31542e-10,
00:04:36,    276463,   973.2368,  9.28409e-09,  1.82750e-09,  2.17389e-08,  9.41905e-09,  6.45000e-10,  1.07500e-09,  6.98750e-09,  9.31542e-10,
00:04:36,    276968,   975.2202,  9.77273e-09,  1.39750e-09,  2.10222e-08,  9.62381e-09,  5.37500e-10,  1.07500e-09,  6.91071e-09,  1.11785e-09,
00:04:37,    277473,   977.2036,  1.02614e-08,  1.72000e-09,  2.09028e-08,  9.72619e-09,  6.45000e-10,  1.18250e-09,  6.91071e-09,  7.45234e-10,
00:04:37,    277978,   979.3192,  1.00170e-08,  1.72000e-09,  2.18583e-08,  9.41905e-09,  5.37500e-10,  1.29000e-09,  7.14107e-09,  7.45234e-10,
00:04:38,    278483,   981.5671,  9.77273e-09,  1.82750e-09,  2.05444e-08,  9.62381e-09,  5.37500e-10,  1.18250e-09,  7.14107e-09,  1.11785e-09,
00:04:38,    278988,   983.4183,  8.55114e-09,  1.50500e-09,  2.10222e-08,  9.52143e-09,  5.37500e-10,  1.07500e-09,  7.29464e-09,  7.45234e-10,
00:04:39,    279493,   985.2694,  9.52841e-09,  1.50500e-09,  2.03056e-08,  9.52143e-09,  6.45000e-10,  1.18250e-09,  7.37143e-09,  7.45234e-10,
00:04:39,    279998,   987.2528,  1.00170e-08,  1.82750e-09,  2.04250e-08,  9.62381e-09,  5.37500e-10,  1.07500e-09,  7.14107e-09,  9.31542e-10,
00:04:40,    280503,   989.3684,  9.52841e-09,  1.39750e-09,  2.10222e-08,  9.72619e-09,  6.45000e-10,  1.07500e-09,  7.21786e-09,  9.31542e-10,
00:04:41,    281008,   991.4841,  1.02614e-08,  1.61250e-09,  2.07833e-08,  9.31667e-09,  5.37500e-10,  1.18250e-09,  7.21786e-09,  9.31542e-10,
00:04:41,    281513,   993.4675,  1.09943e-08,  1.82750e-09,  2.10222e-08,  9.41905e-09,  5.37500e-10,  1.07500e-09,  7.06429e-09,  1.30416e-09,
00:04:42,    282018,   995.7153,  9.03977e-09,  1.61250e-09,  2.00667e-08,  9.41905e-09,  6.45000e-10,  1.07500e-09,  6.98750e-09,  9.31542e-10,
00:04:42,    282523,   997.6987,  9.28409e-09,  1.61250e-09,  2.07833e-08,  9.72619e-09,  4.30000e-10,  1.18250e-09,  7.06429e-09,  9.31542e-10,
00:04:43,    283028,   999.8143,  1.00170e-08,  1.61250e-09,  2.03056e-08,  9.41905e-09,  5.37500e-10,  9.67500e-10,  6.60357e-09,  1.11785e-09,
00:04:43,    283533,  1001.6655,  9.52841e-09,  1.72000e-09,  1.99472e-08,  9.41905e-09,  6.45000e-10,  1.18250e-09,  7.14107e-09,  1.30416e-09,
00:04:44,    284038,  1003.5166,  9.28409e-09,  1.61250e-09,  2.07833e-08,  9.82857e-09,  6.45000e-10,  1.07500e-09,  7.14107e-09,  1.11785e-09,
00:04:44,    284543,  1005.6323,  9.03977e-09,  1.61250e-09,  2.04250e-08,  9.82857e-09,  5.37500e-10,  1.18250e-09,  6.98750e-09,  9.31542e-10,
