Mon, Oct 23, 2017	10:13 AM
 x = amu	 y = amps
16.020	1.591
16.080	8.497
16.140	3.371
16.200	2.276
16.260	2.111
16.320	1.924
16.380	1.879
16.440	1.842
16.500	1.736
16.560	1.786
16.620	1.770
16.680	1.780
16.740	1.709
16.800	1.675
16.860	1.624
16.920	1.623
16.980	1.693
17.040	1.746
17.100	1.698
17.160	1.658
17.220	1.720
17.280	1.646
17.340	1.627
17.400	1.582
17.460	1.674
17.520	1.605
17.580	1.600
17.640	1.555
17.700	1.650
17.760	1.654
17.820	1.615
17.880	1.670
17.940	1.583
18.000	1.651
18.060	1.585
18.120	1.599
18.180	1.548
18.240	1.590
18.300	1.537
18.360	1.626
18.420	1.564
18.480	1.607
18.540	1.618
18.600	1.596
18.660	1.647
18.720	1.591
18.780	1.597
18.840	1.576
18.900	1.477
18.960	1.599
19.020	1.554
19.080	1.575
19.140	1.600
19.200	1.592
19.260	1.585
19.320	1.579
19.380	1.574
19.440	1.464
19.500	1.591
19.560	1.510
19.620	1.587
19.680	1.522
19.740	1.590
19.800	1.553
19.860	1.670
19.920	1.599
19.980	1.629
20.040	1.567
20.100	1.627
20.160	1.551
20.220	1.572
20.280	1.467
20.340	1.593
20.400	1.569
20.460	1.540
20.520	1.505
20.580	1.576
20.640	1.547
20.700	1.665
20.760	1.634
20.820	1.508
20.880	1.569
20.940	1.533
21.000	1.539
21.060	1.504
21.120	1.525
21.180	1.642
21.240	1.562
21.300	1.586
21.360	1.615
21.420	1.622
21.480	1.548
21.540	1.612
21.600	1.484
21.660	1.582
21.720	1.495
21.780	1.565
21.840	1.501
21.900	1.468
21.960	1.551
22.020	1.599
22.080	1.516
22.140	1.597
22.200	1.579
22.260	1.611
22.320	1.585
22.380	1.589
22.440	1.583
22.500	1.514
22.560	1.585
22.620	1.523
22.680	1.548
22.740	1.478
22.800	1.558
22.860	1.601
22.920	1.565
22.980	1.587
23.040	1.563
23.100	1.632
23.160	1.647
23.220	1.598
23.280	1.567
23.340	1.588
23.400	1.554
23.460	1.581
23.520	1.512
23.580	1.458
23.640	1.502
23.700	1.615
23.760	1.542
23.820	1.545
23.880	1.589
23.940	1.531
24.000	1.670
24.060	1.619
24.120	1.549
24.180	1.508
24.240	1.581
24.300	1.591
24.360	1.567
24.420	1.560
24.480	1.519
24.540	1.598
24.600	1.566
24.660	1.503
24.720	1.493
24.780	1.553
24.840	1.600
24.900	1.592
24.960	1.506
25.020	1.518
25.080	1.506
25.140	1.527
25.200	1.536
25.260	1.552
25.320	1.548
25.380	1.581
25.440	1.518
25.500	1.486
25.560	1.561
25.620	1.552
25.680	1.524
25.740	1.491
25.800	1.587
25.860	1.546
25.920	1.509
25.980	1.530
26.040	1.522
26.100	1.569
26.160	1.537
26.220	1.505
26.280	1.559
26.340	1.505
26.400	1.571
26.460	1.643
26.520	1.593
26.580	1.520
26.640	1.598
26.700	1.574
26.760	1.472
26.820	1.574
26.880	1.609
26.940	1.557
27.000	1.545
27.060	1.508
27.120	1.435
27.180	1.548
27.240	1.648
27.300	1.608
27.360	1.504
27.420	1.545
27.480	1.533
27.540	1.538
27.600	1.530
27.660	1.616
27.720	1.600
27.780	1.593
27.840	1.558
27.900	1.519
27.960	1.454
28.020	1.566
28.080	1.628
28.140	1.623
28.200	1.557
28.260	1.504
28.320	1.533
28.380	1.534
28.440	1.548
28.500	1.533
28.560	1.485
28.620	1.575
28.680	1.512
28.740	1.557
28.800	1.539
28.860	1.491
28.920	1.520
28.980	1.487
29.040	1.573
29.100	1.505
29.160	1.543
29.220	1.601
29.280	1.519
29.340	1.471
29.400	1.552
29.460	1.581
29.520	1.521
29.580	1.467
29.640	1.590
29.700	1.646
29.760	1.610
29.820	1.604
29.880	1.504
29.940	1.459
30.000	1.544
30.060	1.626
30.120	1.551
30.180	1.593
30.240	1.546
30.300	1.489
30.360	1.578
30.420	1.636
30.480	1.547
30.540	1.470
30.600	1.468
30.660	1.558
30.720	1.550
30.780	1.561
30.840	1.514
30.900	1.525
30.960	1.580
31.020	1.522
31.080	1.526
31.140	1.594
31.200	1.614
31.260	1.520
31.320	1.475
31.380	1.560
31.440	1.552
31.500	1.522
31.560	1.548
31.620	1.589
31.680	1.512
31.740	1.459
31.800	1.500
31.860	1.530
31.920	1.576
31.980	1.555
32.040	1.617
32.100	1.540
32.160	1.510
32.220	1.507
32.280	1.504
32.340	1.517
32.400	1.572
32.460	1.580
32.520	1.591
32.580	1.576
32.640	1.584
32.700	1.531
32.760	1.482
32.820	1.546
32.880	1.532
32.940	1.628
33.000	1.601
33.060	1.506
33.120	1.574
33.180	1.541
33.240	1.452
33.300	1.525
33.360	1.506
33.420	1.559
33.480	1.592
33.540	1.561
33.600	1.558
33.660	1.549
33.720	1.505
33.780	1.538
33.840	1.468
33.900	1.597
33.960	1.494
34.020	1.576
34.080	1.623
34.140	1.513
34.200	1.504
34.260	1.560
34.320	1.511
34.380	1.571
34.440	1.463
34.500	1.532
34.560	1.578
34.620	1.499
34.680	1.613
34.740	1.612
34.800	1.556
34.860	1.539
34.920	1.534
34.980	1.423
35.040	1.483
35.100	1.649
35.160	1.548
35.220	1.568
35.280	1.556
35.340	1.633
35.400	1.514
35.460	1.452
35.520	1.575
35.580	1.558
35.640	1.530
35.700	1.532
35.760	1.614
35.820	1.557
35.880	1.496
35.940	1.456
36.000	1.548
36.060	1.588
36.120	1.561
36.180	1.620
36.240	1.532
36.300	1.443
36.360	1.583
36.420	1.483
36.480	1.455
36.540	1.531
36.600	1.651
36.660	1.530
36.720	1.452
36.780	1.508
36.840	1.552
36.900	1.596
36.960	1.595
37.020	1.588
37.080	1.582
37.140	1.501
37.200	1.536
37.260	1.549
37.320	1.562
37.380	1.552
37.440	1.641
37.500	1.515
37.560	1.628
37.620	1.567
37.680	1.517
37.740	1.614
37.800	1.546
37.860	1.560
37.920	1.416
37.980	1.557
38.040	1.467
38.100	1.548
38.160	1.514
38.220	1.505
38.280	1.538
38.340	1.569
38.400	1.472
38.460	1.517
38.520	1.493
38.580	1.537
38.640	1.617
38.700	1.515
38.760	1.582
38.820	1.461
38.880	1.570
38.940	1.500
39.000	1.505
39.060	1.579
39.120	1.504
39.180	1.604
39.240	1.496
39.300	1.558
39.360	1.572
39.420	1.535
39.480	1.527
39.540	1.468
39.600	1.565
39.660	1.565
39.720	1.524
39.780	1.548
39.840	1.548
39.900	1.533
39.960	1.469
40.020	1.607
40.080	1.596
40.140	1.576
40.200	1.554
40.260	1.559
40.320	1.620
40.380	1.604
40.440	1.452
40.500	1.575
40.560	1.497
40.620	1.490
40.680	1.557
40.740	1.661
40.800	1.618
40.860	1.501
40.920	1.481
40.980	1.525
41.040	1.573
41.100	1.545
41.160	1.615
41.220	1.609
41.280	1.470
41.340	1.574
41.400	1.518
41.460	1.490
41.520	1.561
41.580	1.495
41.640	1.656
41.700	1.508
41.760	1.590
41.820	1.587
41.880	1.566
41.940	1.518
42.000	1.420
42.060	1.569
42.120	1.580
42.180	1.507
42.240	1.582
42.300	1.534
42.360	1.627
42.420	1.553
42.480	1.448
42.540	1.537
42.600	1.498
42.660	1.531
42.720	1.468
42.780	1.558
42.840	1.560
42.900	1.546
42.960	1.589
43.020	1.539
43.080	1.489
43.140	1.544
43.200	1.467
43.260	1.563
43.320	1.499
43.380	1.552
43.440	1.508
43.500	1.572
43.560	1.629
43.620	1.526
43.680	1.576
43.740	1.495
43.800	1.483
43.860	1.581
43.920	1.484
43.980	1.554
44.040	1.642
44.100	1.511
44.160	1.470
44.220	1.530
44.280	1.552
44.340	1.475
44.400	1.552
44.460	1.528
44.520	1.667
44.580	1.570
44.640	1.509
44.700	1.561
44.760	1.550
44.820	1.546
44.880	1.495
44.940	1.575
45.000	1.572
45.060	1.528
45.120	1.556
45.180	1.534
45.240	1.627
45.300	1.531
45.360	1.584
45.420	1.457
45.480	1.458
45.540	1.562
45.600	1.597
45.660	1.614
45.720	1.532
45.780	1.518
45.840	1.592
45.900	1.528
45.960	1.550
46.020	1.538
46.080	1.473
46.140	1.620
46.200	1.527
46.260	1.471
46.320	1.585
46.380	1.500
46.440	1.546
46.500	1.457
46.560	1.579
46.620	1.533
46.680	1.503
46.740	1.536
46.800	1.502
46.860	1.532
46.920	1.447
46.980	1.557
47.040	1.544
47.100	1.503
47.160	1.594
47.220	1.554
47.280	1.539
47.340	1.616
47.400	1.575
47.460	1.519
47.520	1.518
47.580	1.534
47.640	1.510
47.700	1.529
47.760	1.553
47.820	1.634
47.880	1.555
47.940	1.523
48.000	1.565
48.060	1.533
0.000	1.610
0.060	1.586
0.120	1.521
0.180	1.472
0.240	1.546
0.300	1.541
0.360	1.489
0.420	1.510
0.480	1.512
0.540	1.505
0.600	1.554
0.660	1.623
0.720	1.590
0.780	1.576
0.840	1.558
0.900	1.427
0.960	1.508
1.020	1.485
1.080	1.509
1.140	1.529
1.200	1.521
1.260	1.480
1.320	1.508
1.380	1.519
1.440	1.621
1.500	1.604
1.560	1.558
1.620	1.530
1.680	1.594
1.740	1.605
1.800	1.554
1.860	1.546
1.920	1.607
1.980	1.592
2.040	1.551
2.100	1.531
2.160	1.433
2.220	1.487
2.280	1.565
2.340	1.577
2.400	1.558
2.460	1.578
2.520	1.505
2.580	1.478
2.640	1.639
2.700	1.576
2.760	1.525
2.820	1.591
2.880	1.518
2.940	1.548
3.000	1.638
3.060	1.457
3.120	1.537
3.180	1.547
3.240	1.461
3.300	1.532
3.360	1.555
3.420	1.594
3.480	1.546
3.540	1.487
3.600	1.484
3.660	1.545
3.720	1.583
3.780	1.526
3.840	1.612
3.900	1.475
3.960	1.560
4.020	1.520
4.080	1.443
4.140	1.513
4.200	1.516
4.260	1.589
4.320	1.558
4.380	1.585
4.440	1.513
4.500	1.466
4.560	1.560
4.620	1.511
4.680	1.459
4.740	1.533
4.800	1.490
4.860	1.551
4.920	1.622
4.980	1.542
5.040	1.585
5.100	1.541
5.160	1.566
5.220	1.577
5.280	1.507
5.340	1.416
5.400	1.527
5.460	1.546
5.520	1.479
5.580	1.527
5.640	1.526
5.700	1.602
5.760	1.543
5.820	1.581
5.880	1.562
5.940	1.581
6.000	1.546
6.060	1.595
6.120	1.540
6.180	1.436
6.240	1.577
6.300	1.475
6.360	1.510
6.420	1.444
6.480	1.557
6.540	1.517
6.600	1.529
6.660	1.586
6.720	1.530
6.780	1.583
6.840	1.524
6.900	1.499
6.960	1.424
7.020	1.489
7.080	1.504
7.140	1.572
7.200	1.554
7.260	1.537
7.320	1.522
7.380	1.420
7.440	1.478
7.500	1.528
7.560	1.546
7.620	1.611
7.680	1.487
7.740	1.497
7.800	1.611
7.860	1.587
7.920	1.493
7.980	1.596
8.040	1.503
8.100	1.477
8.160	1.535
8.220	1.604
8.280	1.583
8.340	1.517
8.400	1.592
8.460	1.547
8.520	1.534
8.580	1.469
8.640	1.554
8.700	1.473
8.760	1.519
8.820	1.572
8.880	1.531
8.940	1.596
9.000	1.594
9.060	1.496
9.120	1.586
9.180	1.518
9.240	1.608
9.300	1.537
9.360	1.526
9.420	1.412
9.480	1.528
9.540	1.537
9.600	1.543
9.660	1.553
9.720	1.619
9.780	1.544
9.840	1.486
9.900	1.467
9.960	1.568
10.020	1.489
10.080	1.548
10.140	1.544
10.200	1.660
10.260	1.568
10.320	1.499
10.380	1.570
10.440	1.540
10.500	1.452
10.560	1.537
10.620	1.483
10.680	1.569
10.740	1.583
10.800	1.567
10.860	1.508
10.920	1.467
10.980	1.540
11.040	1.582
11.100	1.537
11.160	1.568
11.220	1.543
11.280	1.573
11.340	1.542
11.400	1.537
11.460	1.465
11.520	1.485
11.580	1.498
11.640	1.540
11.700	1.573
11.760	1.535
11.820	1.535
11.880	1.619
11.940	1.533
12.000	1.577
12.060	1.532
12.120	1.584
12.180	0.921
12.240	1.823
12.300	725.476
12.360	1043.981
12.420	1043.981
12.480	95.770
12.540	89.259
12.600	83.257
12.660	46.129
12.720	14.127
12.780	9.782
12.840	7.780
12.900	5.763
12.960	4.278
13.020	3.055
13.080	2.345
13.140	1.844
13.200	1.454
13.260	1.349
13.320	1.226
13.380	1.143
13.440	1.016
13.500	0.948
13.560	0.956
13.620	0.902
13.680	0.873
13.740	0.786
13.800	0.849
13.860	0.908
13.920	0.866
13.980	0.960
14.040	0.920
14.100	0.850
14.160	0.860
14.220	0.866
14.280	0.853
14.340	0.850
14.400	0.880
14.460	0.889
14.520	0.962
14.580	0.942
14.640	1.478
14.700	4.158
14.760	4.510
14.820	3.675
14.880	3.352
14.940	3.283
15.000	3.759
15.060	2.834
15.120	2.610
15.180	1.559
15.240	1.534
15.300	1.510
15.360	2.254
15.420	3.682
15.480	4.563
15.540	9.775
15.600	9.700
15.660	10.436
15.720	10.703
15.780	12.700
15.840	10.291
15.900	11.447
15.960	10.416
16.020	9.572
16.080	7.359
16.140	7.137
16.200	1.851
16.260	1.832
16.320	2.517
16.380	3.566
16.440	5.730
16.500	11.675
16.560	14.263
16.620	16.466
16.680	16.374
16.740	17.593
16.800	21.553
16.860	19.109
16.920	17.327
16.980	18.329
17.040	18.509
17.100	15.133
17.160	7.030
17.220	2.332
17.280	2.463
17.340	5.401
17.400	7.414
17.460	17.169
17.520	30.382
17.580	36.622
17.640	39.243
17.700	41.014
17.760	43.342
17.820	45.790
17.880	48.686
17.940	44.169
18.000	43.567
18.060	44.325
18.120	30.007
18.180	5.143
18.240	2.797
18.300	2.517
18.360	2.930
18.420	2.915
18.480	3.696
18.540	4.245
18.600	4.477
18.660	6.554
18.720	5.395
18.780	6.539
18.840	7.455
18.900	6.629
18.960	7.447
19.020	5.459
19.080	7.007
19.140	3.770
19.200	2.769
19.260	1.887
19.320	2.008
19.380	3.185
19.440	7.406
19.500	11.141
19.560	16.430
19.620	18.770
19.680	21.278
19.740	23.079
19.800	21.779
19.860	28.442
19.920	21.891
19.980	24.332
20.040	25.136
20.100	20.982
20.160	19.441
20.220	7.217
20.280	1.935
20.340	2.073
20.400	1.756
20.460	2.145
20.520	2.877
20.580	2.968
20.640	3.247
20.700	2.829
20.760	2.815
20.820	2.424
20.880	2.372
20.940	2.453
21.000	2.186
21.060	2.637
21.120	2.461
21.180	2.511
21.240	1.777
21.300	1.589
21.360	2.009
21.420	1.982
21.480	3.661
21.540	5.045
21.600	5.309
21.660	5.503
21.720	5.714
21.780	5.696
21.840	6.322
21.900	5.900
21.960	6.427
22.020	5.130
22.080	6.373
22.140	4.247
22.200	4.010
22.260	3.006
22.320	1.912
22.380	1.780
22.440	1.713
22.500	1.604
22.560	1.755
22.620	2.053
22.680	1.688
22.740	1.619
22.800	1.814
22.860	1.719
22.920	1.530
22.980	1.768
23.040	1.865
23.100	1.861
23.160	1.631
23.220	1.896
23.280	1.956
23.340	1.936
23.400	2.240
23.460	4.684
23.520	12.000
23.580	25.980
23.640	31.063
23.700	31.146
23.760	31.691
23.820	33.429
23.880	30.343
23.940	30.644
24.000	31.308
24.060	27.084
24.120	29.409
24.180	26.856
24.240	19.261
24.300	8.565
24.360	2.302
24.420	3.480
24.480	4.526
24.540	16.481
24.600	44.673
24.660	52.027
24.720	57.290
24.780	58.416
24.840	62.628
24.900	59.174
24.960	55.903
25.020	57.149
25.080	53.836
25.140	53.134
25.200	41.894
25.260	35.343
25.320	25.962
25.380	4.365
25.440	6.468
25.500	9.784
25.560	49.677
25.620	103.229
25.680	159.499
25.740	185.592
25.800	185.715
25.860	214.396
25.920	192.631
25.980	188.717
26.040	195.504
26.100	158.991
26.160	162.547
26.220	130.583
26.280	142.110
26.340	71.639
26.400	7.381
26.460	6.894
26.520	19.438
26.580	46.745
26.640	179.612
26.700	251.967
26.760	254.028
26.820	281.312
26.880	288.153
26.940	283.838
27.000	265.585
27.060	259.803
27.120	253.358
27.180	262.306
27.240	249.321
27.300	240.129
27.360	169.512
27.420	152.243
27.480	194.874
27.540	884.997
27.600	1043.981
27.660	1043.981
27.720	1043.981
27.780	1043.981
27.840	1043.981
27.900	1043.981
27.960	1043.981
28.020	1043.981
28.080	1043.981
28.140	1043.981
28.200	1043.981
28.260	1043.981
28.320	1043.981
28.380	1043.981
28.440	1043.981
28.500	291.809
28.560	35.930
28.620	175.000
28.680	310.865
28.740	512.762
28.800	590.263
28.860	609.036
28.920	645.025
28.980	617.552
29.040	594.405
29.100	586.224
29.160	547.473
29.220	581.365
29.280	430.088
29.340	479.287
29.400	223.377
29.460	12.748
29.520	12.247
29.580	48.423
29.640	121.779
29.700	368.961
29.760	488.543
29.820	513.652
29.880	534.751
29.940	556.384
30.000	514.075
30.060	512.675
30.120	453.471
30.180	447.479
30.240	443.814
30.300	392.443
30.360	303.261
30.420	111.517
30.480	6.401
30.540	5.154
30.600	18.646
30.660	40.168
30.720	66.628
30.780	68.311
30.840	70.450
30.900	73.553
30.960	73.605
31.020	66.787
31.080	70.082
31.140	66.618
31.200	65.703
31.260	62.559
31.320	53.826
31.380	27.979
31.440	15.707
31.500	7.543
31.560	34.936
31.620	72.395
31.680	137.017
31.740	156.576
31.800	166.044
31.860	175.980
31.920	177.517
31.980	162.609
32.040	166.819
32.100	159.714
32.160	151.792
32.220	156.746
32.280	126.730
32.340	76.677
32.400	49.829
32.460	2.584
32.520	1.754
32.580	2.181
32.640	2.984
32.700	3.845
32.760	4.005
32.820	4.698
32.880	4.003
32.940	4.436
33.000	3.317
33.060	3.837
33.120	3.521
33.180	3.451
33.240	3.584
33.300	3.654
33.360	2.826
33.420	2.305
33.480	1.514
33.540	1.721
33.600	2.604
33.660	3.387
33.720	4.840
33.780	4.289
33.840	4.896
33.900	4.444
33.960	4.332
34.020	4.369
34.080	3.789
34.140	4.269
34.200	4.341
34.260	3.275
34.320	3.881
34.380	2.988
34.440	1.621
34.500	1.409
34.560	1.665
34.620	2.028
34.680	2.299
34.740	2.749
34.800	2.575
34.860	2.182
34.920	2.449
34.980	2.365
35.040	1.823
35.100	2.565
35.160	2.059
35.220	2.128
35.280	1.790
35.340	2.197
35.400	1.937
35.460	1.726
35.520	1.901
35.580	3.255
35.640	5.531
35.700	10.334
35.760	11.208
35.820	13.227
35.880	12.567
35.940	13.124
36.000	11.152
36.060	12.003
36.120	12.394
36.180	9.763
36.240	8.902
36.300	9.317
36.360	6.729
36.420	5.685
36.480	1.936
36.540	2.653
36.600	3.414
36.660	9.541
36.720	15.358
36.780	15.123
36.840	15.739
36.900	18.552
36.960	19.150
37.020	16.171
37.080	16.299
37.140	15.816
37.200	17.238
37.260	15.686
37.320	15.467
37.380	12.714
37.440	6.390
37.500	1.987
37.560	2.149
37.620	4.276
37.680	12.955
37.740	17.115
37.800	20.000
37.860	19.998
37.920	22.325
37.980	21.597
38.040	19.652
38.100	22.112
38.160	20.002
38.220	19.644
38.280	17.837
38.340	15.093
38.400	9.803
38.460	4.102
38.520	2.202
38.580	3.822
38.640	13.331
38.700	22.917
38.760	36.883
38.820	41.157
38.880	41.546
38.940	47.879
39.000	47.679
39.060	44.553
39.120	45.477
39.180	43.843
39.240	42.814
39.300	36.611
39.360	38.852
39.420	20.202
39.480	16.515
39.540	16.902
39.600	110.547
39.660	191.327
39.720	274.005
39.780	295.113
39.840	323.742
39.900	356.812
39.960	351.804
40.020	305.870
40.080	343.322
40.140	299.319
40.200	311.493
40.260	257.262
40.320	260.475
40.380	145.822
40.440	83.435
40.500	5.221
40.560	2.930
40.620	3.336
40.680	17.532
40.740	35.661
40.800	42.605
40.860	50.196
40.920	54.026
40.980	55.630
41.040	56.033
41.100	51.668
41.160	49.736
41.220	49.323
41.280	50.584
41.340	44.650
41.400	30.737
41.460	19.527
41.520	5.494
41.580	3.039
41.640	8.333
41.700	41.943
41.760	52.661
41.820	67.772
41.880	80.869
41.940	80.602
42.000	85.294
42.060	82.552
42.120	79.853
42.180	75.776
42.240	74.633
42.300	70.472
42.360	64.798
42.420	56.854
42.480	16.987
42.540	6.187
42.600	3.297
42.660	7.907
42.720	15.992
42.780	26.554
42.840	32.184
42.900	33.780
42.960	39.253
43.020	40.697
43.080	34.571
43.140	38.244
43.200	36.282
43.260	36.912
43.320	33.059
43.380	34.209
43.440	26.820
43.500	18.808
43.560	23.310
43.620	86.994
43.680	203.821
43.740	894.537
43.800	1043.981
43.860	1043.981
43.920	1043.981
43.980	1043.981
44.040	1043.981
44.100	1043.981
44.160	1043.981
44.220	1043.981
44.280	1043.981
44.340	1043.981
44.400	1043.755
44.460	616.152
44.520	330.343
44.580	3.980
44.640	2.970
44.700	7.175
44.760	18.805
44.820	23.336
44.880	27.994
44.940	29.242
45.000	30.970
45.060	32.715
45.120	29.475
45.180	29.240
45.240	30.173
45.300	28.437
45.360	24.304
45.420	23.472
45.480	15.257
45.540	7.089
45.600	2.657
45.660	1.999
45.720	4.061
45.780	5.052
45.840	8.055
45.900	9.936
45.960	9.754
46.020	10.890
46.080	11.022
46.140	9.494
46.200	9.849
46.260	10.397
46.320	10.050
46.380	8.560
46.440	8.815
46.500	6.495
46.560	3.246
46.620	2.058
46.680	2.075
46.740	2.616
46.800	4.777
46.860	6.796
46.920	6.816
46.980	7.827
47.040	10.002
47.100	8.828
47.160	8.193
47.220	8.428
47.280	7.308
47.340	9.049
47.400	6.423
47.460	7.592
47.520	4.538
47.580	3.377
47.640	1.962
47.700	2.006
47.760	3.544
47.820	6.440
47.880	9.003
47.940	9.411
48.000	11.868
48.060	11.319
48.120	11.215
48.180	9.807
48.240	11.664
48.300	11.416
48.360	11.357
48.420	9.738
48.480	9.186
48.540	6.564
48.600	3.882
48.660	1.738
48.720	1.830
48.780	2.492
48.840	3.507
48.900	6.958
48.960	7.981
49.020	8.657
49.080	8.470
49.140	10.316
49.200	9.674
49.260	8.649
49.320	9.252
49.380	8.489
49.440	7.916
49.500	8.177
49.560	4.844
49.620	3.698
49.680	2.979
49.740	2.125
49.800	2.352
49.860	6.326
49.920	15.731
0.000	1000.096
0.060	940.372
0.120	1043.981
0.180	1043.981
0.240	1043.981
0.300	1043.981
0.360	1043.981
0.420	1043.981
0.480	1043.981
0.540	1043.981
0.600	1043.981
0.660	1043.981
0.720	1043.981
0.780	1043.981
0.840	1043.981
0.900	1043.981
0.960	1043.981
1.020	1043.981
1.080	975.804
1.140	834.726
1.200	434.431
1.260	332.960
1.320	109.597
1.380	28.860
1.440	29.441
1.500	44.469
1.560	67.740
1.620	96.273
1.680	241.771
1.740	1017.584
1.800	1043.981
1.860	1043.981
1.920	1043.981
1.980	1043.981
2.040	1043.981
2.100	1043.981
2.160	1043.981
2.220	1043.981
2.280	1043.981
2.340	11.609
2.400	6.625
2.460	3.607
2.520	3.104
2.580	2.842
2.640	3.756
2.700	6.547
2.760	5.770
2.820	5.792
2.880	5.247
2.940	6.014
3.000	5.558
3.060	5.181
3.120	4.848
3.180	4.347
3.240	2.824
3.300	3.808
3.360	7.394
3.420	12.271
3.480	37.617
3.540	75.793
3.600	401.731
3.660	450.150
3.720	486.876
3.780	467.337
3.840	489.423
3.900	501.279
3.960	415.295
4.020	418.359
4.080	379.622
4.140	68.762
4.200	6.919
4.260	1.801
4.320	1.584
4.380	1.399
4.440	1.367
4.500	1.593
4.560	1.631
4.620	1.535
4.680	1.566
4.740	1.543
4.800	1.306
4.860	1.330
4.920	1.319
4.980	1.339
5.040	1.592
5.100	1.246
5.160	1.585
5.220	1.643
5.280	1.733
5.340	1.512
5.400	2.292
5.460	3.822
5.520	8.585
5.580	10.967
5.640	11.574
5.700	9.531
5.760	11.102
5.820	11.002
5.880	8.584
5.940	8.814
6.000	8.379
6.060	6.484
6.120	6.703
6.180	1.853
6.240	1.918
6.300	1.366
6.360	1.267
6.420	1.995
6.480	3.765
6.540	4.650
6.600	3.808
6.660	4.771
6.720	4.353
6.780	4.973
6.840	5.232
6.900	3.884
6.960	4.702
7.020	3.477
7.080	2.838
7.140	1.692
7.200	1.471
7.260	1.496
7.320	1.879
7.380	3.115
7.440	5.697
7.500	4.763
7.560	4.469
7.620	3.849
7.680	2.038
7.740	1.817
7.800	1.863
7.860	2.375
7.920	1.438
7.980	2.023
8.040	2.287
8.100	1.900
8.160	1.709
8.220	1.804
8.280	1.725
8.340	1.684
8.400	1.624
8.460	1.895
8.520	1.919
8.580	1.621
8.640	1.404
8.700	1.586
8.760	1.490
8.820	1.531
8.880	1.378
8.940	1.421
9.000	1.338
9.060	1.635
9.120	1.525
9.180	1.597
9.240	1.274
9.300	1.493
9.360	1.541
9.420	1.669
9.480	1.454
9.540	1.483
9.600	1.559
9.660	1.491
9.720	1.635
9.780	1.579
9.840	1.713
9.900	1.512
9.960	1.334
10.020	1.683
10.080	1.814
10.140	1.677
10.200	1.677
10.260	1.614
10.320	1.665
10.380	1.295
10.440	1.458
10.500	1.639
10.560	1.674
10.620	1.825
10.680	1.832
10.740	1.963
10.800	1.996
10.860	2.038
10.920	2.409
10.980	3.051
11.040	3.875
11.100	3.987
11.160	6.174
11.220	14.158
11.280	23.521
11.340	79.603
11.400	375.111
11.460	473.390
11.520	569.067
11.580	587.162
11.640	626.608
11.700	642.682
11.760	619.052
11.820	584.124
11.880	510.736
11.940	518.930
12.000	399.330
12.060	276.290
12.120	113.722
12.180	4.561
12.240	4.234
12.300	7.079
12.360	21.586
12.420	54.467
12.480	94.446
12.540	107.667
12.600	115.538
12.660	117.744
12.720	120.661
12.780	111.461
12.840	104.208
12.900	98.464
12.960	98.002
13.020	81.320
13.080	60.477
13.140	16.217
13.200	8.199
13.260	10.033
13.320	23.520
13.380	43.481
13.440	255.417
13.500	359.412
13.560	387.643
13.620	430.071
13.680	441.441
13.740	446.355
13.800	417.107
13.860	407.454
13.920	361.689
13.980	363.382
14.040	315.384
14.100	243.319
14.160	175.460
14.220	7.612
14.280	10.668
14.340	21.344
14.400	73.609
14.460	321.656
14.520	385.612
14.580	465.202
14.640	488.578
14.700	502.423
14.760	503.446
14.820	476.192
14.880	448.329
14.940	401.357
15.000	420.376
15.060	328.707
15.120	236.356
15.180	112.866
15.240	23.912
15.300	33.303
15.360	113.652
15.420	594.197
15.480	979.013
15.540	1043.981
15.600	1043.981
15.660	1043.981
15.720	1043.981
15.780	1043.981
15.840	1043.981
15.900	1043.981
15.960	1043.981
16.020	1043.178
16.080	1015.670
16.140	783.727
16.200	87.375
16.260	24.152
16.320	42.105
16.380	188.237
16.440	545.470
16.500	1043.981
16.560	1043.981
16.620	1043.981
16.680	1043.981
16.740	1043.981
16.800	1043.981
16.860	1043.981
16.920	1043.981
16.980	1043.981
17.040	1043.981
17.100	1043.981
17.160	671.126
17.220	35.430
17.280	44.695
17.340	130.724
17.400	270.127
17.460	1043.981
17.520	1043.981
17.580	1043.981
17.640	1043.981
17.700	1043.981
17.760	1043.981
17.820	1043.981
17.880	1043.981
17.940	1043.981
18.000	1043.981
18.060	1043.981
18.120	1043.981
18.180	1043.981
18.240	16.738
18.300	7.629
18.360	6.629
18.420	9.970
18.480	18.361
18.540	20.179
18.600	21.465
18.660	25.046
18.720	24.449
18.780	23.864
18.840	22.883
18.900	19.974
18.960	20.597
19.020	19.388
19.080	16.996
19.140	11.804
19.200	7.348
19.260	3.382
19.320	3.627
19.380	10.286
19.440	51.737
19.500	68.163
19.560	73.944
19.620	81.710
19.680	88.513
19.740	91.021
19.800	77.044
19.860	76.480
19.920	74.319
19.980	69.650
20.040	68.186
20.100	62.858
20.160	53.272
20.220	17.428
20.280	1.860
20.340	1.747
20.400	1.898
20.460	2.302
20.520	2.039
20.580	2.579
20.640	2.721
20.700	2.482
20.760	2.276
20.820	2.465
20.880	2.682
20.940	2.120
21.000	2.911
21.060	2.278
21.120	1.984
21.180	1.953
21.240	2.214
21.300	2.004
21.360	1.920
21.420	2.300
21.480	4.332
21.540	6.066
21.600	6.791
21.660	6.392
21.720	6.480
21.780	7.405
21.840	5.095
21.900	5.553
21.960	6.783
22.020	6.461
22.080	6.775
22.140	5.453
22.200	4.618
22.260	2.975
22.320	1.640
22.380	1.464
22.440	1.842
22.500	1.498
22.560	1.611
22.620	1.465
22.680	1.573
22.740	1.720
22.800	1.721
22.860	1.734
22.920	1.636
22.980	1.515
23.040	1.369
23.100	1.823
23.160	1.964
23.220	1.860
23.280	1.829
23.340	2.208
23.400	2.896
23.460	5.196
23.520	12.042
23.580	28.860
23.640	35.209
23.700	35.013
23.760	37.513
23.820	38.920
23.880	37.256
23.940	35.164
24.000	34.795
24.060	32.421
24.120	33.961
24.180	26.062
24.240	24.333
24.300	11.620
24.360	2.691
24.420	2.999
24.480	4.725
24.540	16.743
24.600	52.974
24.660	59.027
24.720	63.889
24.780	71.092
24.840	72.002
24.900	68.735
24.960	65.646
25.020	65.703
25.080	57.649
25.140	60.019
25.200	49.861
25.260	40.047
25.320	37.870
25.380	5.462
25.440	10.212
25.500	16.885
25.560	90.544
25.620	168.086
25.680	226.116
25.740	261.665
25.800	265.748
25.860	283.521
25.920	260.295
25.980	249.610
26.040	257.319
26.100	237.448
26.160	251.884
26.220	190.629
26.280	208.438
26.340	105.943
26.400	9.377
26.460	13.331
26.520	36.772
26.580	87.265
26.640	363.464
26.700	496.926
26.760	532.531
26.820	570.303
26.880	606.299
26.940	573.944
27.000	541.768
27.060	552.531
27.120	507.420
27.180	535.229
27.240	514.729
27.300	476.613
27.360	304.050
27.420	237.687
27.480	205.853
27.540	892.598
27.600	1043.981
27.660	1043.981
27.720	1043.981
27.780	1043.981
27.840	1043.981
27.900	1043.981
27.960	1043.981
28.020	1043.981
28.080	1043.981
28.140	1043.981
28.200	1043.981
28.260	1043.981
28.320	1043.981
28.380	1043.981
28.440	1043.981
28.500	238.837
28.560	44.649
28.620	221.808
28.680	462.163
28.740	718.551
28.800	775.873
28.860	820.524
28.920	885.929
28.980	816.687
29.040	769.698
29.100	813.394
29.160	758.682
29.220	753.903
29.280	583.279
29.340	656.169
29.400	303.722
29.460	15.889
29.520	19.969
29.580	80.683
29.640	172.830
29.700	523.710
29.760	702.776
29.820	701.999
29.880	762.722
29.940	791.563
30.000	712.799
30.060	704.717
30.120	654.952
30.180	639.117
30.240	591.907
30.300	542.942
30.360	417.031
30.420	115.702
30.480	6.758
30.540	8.871
30.600	43.371
30.660	86.240
30.720	147.501
30.780	165.346
30.840	166.833
30.900	181.933
30.960	185.029
31.020	154.877
31.080	166.874
31.140	156.656
31.200	154.729
31.260	154.901
31.320	131.969
31.380	69.183
31.440	38.290
31.500	8.197
31.560	37.722
31.620	90.881
31.680	172.173
31.740	193.623
31.800	200.662
31.860	229.554
31.920	234.073
31.980	210.859
32.040	212.543
32.100	210.656
32.160	191.127
32.220	201.015
32.280	174.076
32.340	102.243
32.400	65.701
32.460	3.404
32.520	2.461
32.580	2.816
32.640	4.211
32.700	5.781
32.760	7.021
32.820	7.743
32.880	8.216
32.940	7.910
33.000	7.164
33.060	7.008
33.120	7.247
33.180	7.314
33.240	7.431
33.300	5.252
33.360	5.798
33.420	3.098
33.480	1.473
33.540	1.884
33.600	3.726
33.660	6.102
33.720	6.339
33.780	7.577
33.840	6.681
33.900	7.249
33.960	7.260
34.020	6.805
34.080	7.660
34.140	7.494
34.200	6.845
34.260	5.907
34.320	5.754
34.380	3.924
34.440	1.911
34.500	1.626
34.560	1.998
34.620	2.305
34.680	2.755
34.740	2.934
34.800	2.600
34.860	2.804
34.920	3.044
34.980	2.584
35.040	3.177
35.100	2.870
35.160	2.584
35.220	2.721
35.280	2.640
35.340	2.340
35.400	1.903
35.460	1.736
35.520	2.982
35.580	8.154
35.640	16.184
35.700	32.252
35.760	40.141
35.820	41.780
35.880	44.941
35.940	43.968
36.000	37.934
36.060	38.411
36.120	44.714
36.180	38.404
36.240	34.941
36.300	30.966
36.360	28.257
36.420	17.037
36.480	2.755
36.540	5.294
36.600	9.928
36.660	43.206
36.720	66.169
36.780	81.095
36.840	78.711
36.900	82.670
36.960	91.275
37.020	75.504
37.080	80.511
37.140	77.040
37.200	79.619
37.260	72.957
37.320	69.178
37.380	55.260
37.440	23.406
37.500	3.410
37.560	4.105
37.620	15.831
37.680	59.277
37.740	78.878
37.800	101.121
37.860	97.819
37.920	107.756
37.980	110.449
38.040	103.726
38.100	106.886
38.160	95.239
38.220	96.964
38.280	86.476
38.340	75.418
38.400	52.979
38.460	16.323
38.520	4.923
38.580	10.660
38.640	52.266
38.700	108.026
38.760	189.054
0.000	2885.126
0.060	1724.595
0.120	2411.589
0.180	2695.956
0.240	2570.969
0.300	2520.800
0.360	2559.509
0.420	2583.582
0.480	2589.666
0.540	2539.328
0.600	2539.881
0.660	2591.470
0.720	2634.418
0.780	2588.735
0.840	2526.664
0.900	2513.622
0.960	2669.171
1.020	2851.106
1.080	2138.445
1.140	3051.963
1.200	882.899
1.260	735.056
1.320	491.129
1.380	36.035
1.440	35.369
1.500	46.706
1.560	72.961
1.620	97.043
1.680	224.591
1.740	1081.690
1.800	3039.974
1.860	3932.544
1.920	3895.608
1.980	4183.290
2.040	3856.756
2.100	4111.690
2.160	3514.161
2.220	2112.666
2.280	276.475
2.340	14.467
2.400	8.335
2.460	5.311
2.520	4.886
2.580	5.339
2.640	5.777
2.700	8.346
2.760	8.165
2.820	8.602
2.880	8.368
2.940	8.146
3.000	7.825
3.060	8.922
3.120	8.040
3.180	7.397
3.240	5.358
3.300	8.400
3.360	8.845
3.420	15.568
3.480	41.516
3.540	77.814
3.600	511.973
3.660	585.404
3.720	607.002
3.780	632.069
3.840	668.424
3.900	696.424
3.960	527.784
4.020	556.811
4.080	510.351
4.140	217.675
4.200	21.731
4.260	6.008
4.320	4.880
4.380	5.008
4.440	4.599
4.500	4.884
4.560	4.814
4.620	5.060
4.680	4.748
4.740	4.438
4.800	4.477
4.860	4.604
4.920	4.423
4.980	4.386
5.040	4.708
5.100	4.779
5.160	4.582
5.220	4.799
5.280	5.066
5.340	4.964
5.400	5.566
5.460	6.797
5.520	12.978
5.580	12.082
5.640	13.317
5.700	13.698
5.760	13.778
5.820	13.805
5.880	11.708
5.940	11.966
6.000	13.306
6.060	12.183
6.120	9.683
6.180	4.534
6.240	4.515
6.300	4.598
6.360	5.074
6.420	5.144
6.480	7.809
6.540	7.932
6.600	8.575
6.660	9.477
6.720	10.319
6.780	9.285
6.840	8.696
6.900	8.160
6.960	8.639
7.020	7.319
7.080	7.894
7.140	5.196
7.200	5.035
7.260	5.511
7.320	5.247
7.380	6.369
7.440	8.392
7.500	10.432
7.560	10.738
7.620	10.881
7.680	10.777
7.740	10.553
7.800	10.058
7.860	9.170
7.920	9.511
7.980	13.570
8.040	11.288
8.100	10.510
8.160	8.431
8.220	9.416
8.280	8.003
8.340	8.160
8.400	8.072
8.460	8.639
8.520	7.870
8.580	6.909
8.640	5.446
8.700	5.372
8.760	5.158
8.820	5.369
8.880	5.381
8.940	5.096
9.000	4.981
9.060	5.282
9.120	5.381
9.180	5.037
9.240	5.375
9.300	5.382
9.360	5.367
9.420	5.562
9.480	5.070
9.540	5.190
9.600	5.229
9.660	5.206
9.720	5.206
9.780	5.157
9.840	4.975
9.900	5.233
9.960	5.377
10.020	5.628
10.080	5.512
10.140	5.871
10.200	5.409
10.260	5.475
10.320	5.730
10.380	5.163
10.440	5.229
10.500	5.428
10.560	5.440
10.620	5.674
10.680	5.759
10.740	5.687
10.800	5.758
10.860	6.297
10.920	6.534
10.980	6.061
11.040	7.244
11.100	8.047
11.160	10.953
11.220	18.389
11.280	25.428
11.340	63.565
11.400	299.981
11.460	459.977
11.520	610.895
11.580	671.780
11.640	706.242
11.700	729.777
11.760	710.873
11.820	672.693
11.880	584.049
11.940	600.041
12.000	483.928
12.060	414.575
12.120	305.385
12.180	11.534
12.240	10.079
12.300	12.248
12.360	31.873
12.420	80.112
12.480	145.371
12.540	170.582
12.600	180.033
12.660	186.995
12.720	198.789
12.780	189.721
12.840	182.438
12.900	182.213
12.960	173.540
13.020	140.831
13.080	132.512
13.140	45.879
13.200	16.403
13.260	21.834
13.320	37.691
13.380	72.283
13.440	328.535
13.500	542.746
13.560	618.320
13.620	679.091
13.680	688.849
13.740	703.380
13.800	671.193
13.860	661.824
13.920	585.446
13.980	581.414
14.040	526.004
14.100	453.224
14.160	318.091
14.220	18.367
14.280	19.136
14.340	31.061
14.400	96.780
14.460	559.816
14.520	730.964
14.580	902.964
14.640	970.743
14.700	993.560
14.760	983.968
14.820	932.093
14.880	919.805
14.940	819.147
15.000	809.428
15.060	694.513
15.120	597.906
15.180	370.422
15.240	40.872
15.300	54.526
15.360	171.371
15.420	896.150
15.480	1842.944
15.540	2831.095
15.600	3250.200
15.660	3358.488
15.720	3503.964
15.780	3392.315
15.840	3187.779
15.900	3027.614
15.960	2803.328
16.020	2810.777
16.080	2222.997
16.140	2073.439
16.200	495.034
16.260	62.133
16.320	95.272
16.380	358.856
16.440	925.563
16.500	3543.732
16.560	4343.530
16.620	4503.329
16.680	4863.086
16.740	5005.925
16.800	4615.879
16.860	4448.990
16.920	4267.655
16.980	3876.645
17.040	3673.854
17.100	3252.183
17.160	2128.925
17.220	121.497
17.280	105.647
17.340	309.470
17.400	684.998
17.460	3969.017
17.520	5782.386
17.580	6293.567
17.640	6555.979
17.700	6814.602
17.760	6674.308
17.820	6245.837
17.880	6189.266
17.940	5572.166
18.000	5628.071
18.060	5095.516
18.120	4391.437
18.180	1388.753
18.240	64.816
18.300	14.226
18.360	12.813
18.420	19.423
18.480	41.496
18.540	47.810
18.600	54.593
18.660	62.243
18.720	60.345
18.780	57.805
18.840	56.688
18.900	54.530
18.960	53.315
19.020	53.297
19.080	43.752
19.140	38.100
19.200	30.482
19.260	9.964
19.320	10.714
19.380	18.140
19.440	80.448
19.500	141.511
19.560	167.973
19.620	177.064
19.680	188.764
19.740	197.024
19.800	178.673
19.860	166.261
19.920	160.385
19.980	157.054
20.040	165.067
20.100	135.094
20.160	131.748
20.220	63.699
20.280	6.791
20.340	6.360
20.400	6.315
20.460	7.173
20.520	8.254
20.580	8.563
20.640	8.612
20.700	8.657
20.760	8.400
20.820	7.556
20.880	7.546
20.940	7.513
21.000	8.107
21.060	8.244
21.120	7.862
21.180	8.403
21.240	7.383
21.300	7.654
21.360	6.997
21.420	7.593
21.480	9.457
21.540	12.829
21.600	15.012
21.660	12.936
21.720	12.743
21.780	13.577
21.840	12.862
21.900	13.885
21.960	13.336
22.020	13.350
22.080	13.042
22.140	12.274
22.200	11.489
22.260	8.574
22.320	6.494
22.380	6.210
22.440	6.711
22.500	6.739
22.560	6.813
22.620	6.461
22.680	6.814
22.740	6.700
22.800	6.540
22.860	6.819
22.920	6.539
22.980	6.601
23.040	7.080
23.100	6.867
23.160	6.607
23.220	7.105
23.280	6.962
23.340	7.519
23.400	8.379
23.460	12.892
23.520	22.098
23.580	69.746
23.640	87.695
23.700	89.529
23.760	95.667
23.820	94.987
23.880	90.320
23.940	86.069
24.000	83.692
24.060	83.837
24.120	85.047
24.180	73.587
24.240	65.027
24.300	37.397
24.360	11.306
24.420	10.650
24.480	12.079
24.540	37.630
24.600	117.091
24.660	131.844
24.720	155.014
24.780	167.511
24.840	172.421
24.900	173.042
24.960	155.741
25.020	154.135
25.080	147.567
25.140	140.226
25.200	132.435
25.260	121.241
25.320	106.595
25.380	23.594
25.440	24.447
25.500	31.103
25.560	121.349
25.620	275.097
25.680	524.972
25.740	591.431
25.800	632.343
25.860	679.805
25.920	644.435
25.980	599.287
26.040	614.674
26.100	577.649
26.160	551.933
26.220	487.033
26.280	455.278
26.340	358.676
26.400	65.777
26.460	31.633
26.520	78.791
26.580	172.440
26.640	951.685
26.700	1327.559
26.760	1421.758
26.820	1516.604
26.880	1617.172
26.940	1619.522
27.000	1438.164
27.060	1439.449
27.120	1410.178
27.180	1370.005
27.240	1406.083
27.300	1134.572
27.360	912.969
27.420	579.538
27.480	304.428
27.540	1169.552
27.600	3046.528
27.660	10311.281
27.720	10439.530
27.780	10439.807
27.840	10439.807
27.900	10439.807
27.960	10439.807
28.020	10439.807
28.080	10439.807
28.140	10439.807
28.200	10439.807
28.260	10439.498
28.320	10401.679
28.380	9082.773
28.440	2495.124
28.500	49.390
28.560	68.068
28.620	258.771
28.680	636.430
28.740	1254.140
28.800	1492.952
28.860	1543.419
28.920	1671.095
28.980	1587.048
29.040	1502.498
29.100	1547.956
29.160	1458.159
29.220	1355.127
29.280	1180.164
29.340	1198.353
29.400	775.344
29.460	95.033
29.520	31.552
29.580	95.265
29.640	216.609
29.700	808.564
29.760	1134.597
29.820	1161.658
29.880	1248.227
29.940	1283.616
30.000	1194.476
30.060	1146.935
30.120	1083.007
30.180	1046.102
30.240	1089.778
30.300	886.755
30.360	742.182
30.420	330.404
30.480	40.295
30.540	21.138
30.600	86.007
30.660	189.629
30.720	310.964
30.780	346.795
30.840	366.156
30.900	387.608
30.960	397.851
31.020	357.125
31.080	362.300
31.140	350.620
31.200	326.848
31.260	350.168
31.320	290.182
31.380	163.733
31.440	102.066
31.500	16.710
31.560	50.199
31.620	99.465
31.680	235.981
31.740	267.088
31.800	303.661
31.860	322.955
31.920	334.637
31.980	314.083
32.040	292.980
32.100	305.737
32.160	281.567
32.220	292.545
32.280	244.631
32.340	186.537
32.400	133.590
32.460	18.432
32.520	8.543
32.580	9.174
32.640	13.055
32.700	17.491
32.760	20.185
32.820	19.336
32.880	21.726
32.940	19.946
33.000	19.605
33.060	19.675
33.120	20.842
33.180	17.841
33.240	20.402
33.300	17.328
33.360	16.709
33.420	11.086
33.480	7.712
33.540	7.938
33.600	10.765
33.660	15.411
33.720	17.486
33.780	17.456
33.840	17.649
33.900	18.950
33.960	18.204
34.020	18.119
34.080	17.944
34.140	18.246
34.200	17.442
34.260	16.287
34.320	15.458
34.380	13.350
34.440	8.075
34.500	7.853
34.560	7.500
34.620	8.622
34.680	9.383
34.740	9.993
34.800	10.176
34.860	10.040
34.920	9.539
34.980	9.646
35.040	10.086
35.100	9.407
35.160	9.285
35.220	9.514
35.280	9.671
35.340	9.370
35.400	8.338
35.460	8.198
35.520	8.878
35.580	16.853
35.640	36.232
35.700	81.489
35.760	105.186
35.820	105.509
35.880	110.019
35.940	116.947
36.000	107.281
36.060	103.140
36.120	111.767
36.180	93.982
36.240	99.857
36.300	83.440
36.360	71.292
36.420	52.084
36.480	11.740
36.540	15.825
36.600	22.643
36.660	108.921
36.720	189.434
36.780	217.100
36.840	223.023
36.900	230.164
36.960	259.193
37.020	231.905
37.080	218.611
37.140	227.224
37.200	219.518
37.260	228.988
37.320	198.342
37.380	172.761
37.440	95.251
37.500	14.713
37.560	13.050
37.620	38.324
37.680	154.723
37.740	209.278
37.800	275.504
37.860	288.209
37.920	309.157
37.980	317.604
38.040	296.462
38.100	288.931
38.160	274.789
38.220	272.510
38.280	266.123
38.340	243.816
38.400	193.190
38.460	73.373
38.520	25.594
38.580	30.389
38.640	149.631
38.700	309.121
38.760	531.038
38.820	628.858
38.880	659.130
38.940	716.063
39.000	747.668
39.060	679.610
39.120	670.436
39.180	696.628
39.240	624.293
39.300	596.303
39.360	526.968
39.420	383.929
39.480	227.289
39.540	29.271
39.600	143.695
39.660	259.867
39.720	447.682
39.780	552.431
39.840	565.274
39.900	614.131
39.960	627.148
40.020	576.143
40.080	569.034
40.140	584.318
40.200	562.687
40.260	479.933
40.320	515.387
40.380	332.161
40.440	251.016
40.500	46.424
40.560	17.681
40.620	21.700
40.680	60.931
40.740	199.242
40.800	243.727
40.860	294.142
40.920	316.646
40.980	329.395
41.040	339.345
41.100	312.169
41.160	317.541
41.220	287.844
41.280	286.972
41.340	253.012
41.400	215.648
41.460	180.926
41.520	58.847
41.580	20.867
41.640	24.721
41.700	132.531
41.760	198.557
41.820	285.691
41.880	314.731
41.940	323.558
42.000	353.452
42.060	337.258
42.120	318.231
42.180	324.563
42.240	301.663
42.300	319.560
42.360	279.530
42.420	236.541
42.480	98.795
42.540	55.656
42.600	18.131
42.660	76.882
42.720	168.106
42.780	387.569
42.840	518.922
42.900	538.968
42.960	600.447
43.020	620.618
43.080	581.747
43.140	572.494
43.200	594.924
43.260	532.777
43.320	556.742
43.380	478.190
43.440	413.906
43.500	166.255
43.560	86.888
43.620	95.741
43.680	305.182
43.740	1275.247
43.800	1911.653
43.860	2032.654
43.920	2254.342
43.980	2477.863
44.040	2490.170
44.100	2214.110
44.160	2252.464
44.220	2192.490
44.280	2314.930
44.340	1988.166
44.400	1795.797
44.460	954.306
44.520	544.596
44.580	19.707
44.640	12.552
44.700	32.950
44.760	118.667
44.820	153.186
44.880	217.588
44.940	246.300
45.000	250.207
45.060	260.854
45.120	262.132
45.180	244.262
45.240	240.227
45.300	231.211
45.360	223.364
45.420	202.683
45.480	178.502
45.540	69.332
45.600	37.276
45.660	8.547
45.720	10.369
45.780	16.385
45.840	27.851
45.900	34.528
45.960	36.156
46.020	36.125
46.080	38.562
46.140	37.845
46.200	36.106
46.260	37.441
46.320	35.821
46.380	35.915
46.440	34.681
46.500	29.869
46.560	15.543
46.620	10.803
46.680	8.466
46.740	9.934
46.800	17.158
46.860	24.165
46.920	26.779
46.980	27.978
47.040	31.683
47.100	30.715
47.160	32.269
47.220	30.695
47.280	28.624
47.340	30.495
47.400	30.106
47.460	27.550
47.520	19.420
47.580	16.548
47.640	11.143
47.700	13.481
47.760	32.755
47.820	94.997
47.880	115.418
47.940	152.356
48.000	163.529
48.060	170.705
48.120	178.398
48.180	164.137
48.240	174.064
48.300	161.928
48.360	162.998
48.420	141.299
48.480	129.463
48.540	92.189
48.600	41.755
48.660	11.497
48.720	9.022
48.780	14.611
48.840	27.825
48.900	73.243
48.960	107.243
49.020	115.444
49.080	126.712
49.140	134.894
49.200	125.454
49.260	117.706
49.320	127.405
49.380	111.839
49.440	122.363
49.500	104.944
49.560	95.158
49.620	45.213
49.680	29.351
49.740	12.687
49.800	17.869
49.860	70.434
49.920	224.079
0.000	3221.469
0.060	2784.701
0.120	4000.786
0.180	4445.594
0.240	4244.911
0.300	4034.403
0.360	3975.433
0.420	4071.787
0.480	4080.027
0.540	4032.738
0.600	4062.955
0.660	4142.790
0.720	4095.183
0.780	4133.032
0.840	4259.671
0.900	4184.234
0.960	4271.050
1.020	4517.454
1.080	2968.846
1.140	4167.060
1.200	1273.604
1.260	1027.049
1.320	537.174
1.380	45.107
1.440	40.935
1.500	53.120
1.560	83.688
1.620	115.027
1.680	241.660
1.740	1053.249
1.800	2921.641
1.860	4190.998
1.920	4020.823
1.980	4236.056
2.040	4044.988
2.100	4343.652
2.160	3556.248
2.220	1872.651
2.280	188.132
2.340	16.049
2.400	11.265
2.460	9.305
2.520	8.398
2.580	9.114
2.640	9.207
2.700	12.684
2.760	11.646
2.820	11.385
2.880	11.832
2.940	11.377
3.000	12.474
3.060	12.510
3.120	11.046
3.180	10.923
3.240	10.645
3.300	12.180
3.360	12.810
3.420	20.558
3.480	45.869
3.540	99.903
3.600	582.664
3.660	601.843
3.720	652.058
3.780	662.668
3.840	685.093
3.900	722.522
3.960	553.612
4.020	591.763
4.080	495.543
4.140	283.061
4.200	30.580
4.260	9.280
4.320	7.972
4.380	7.708
4.440	7.870
4.500	7.872
4.560	7.887
4.620	7.964
4.680	7.998
4.740	8.210
4.800	8.132
4.860	7.823
4.920	7.970
4.980	8.025
5.040	7.512
5.100	8.014
5.160	7.738
5.220	7.774
5.280	8.239
5.340	8.498
5.400	8.728
5.460	10.782
5.520	18.763
5.580	16.164
5.640	18.028
5.700	19.108
5.760	17.874
5.820	17.669
5.880	17.582
5.940	16.536
6.000	16.353
6.060	13.679
6.120	12.837
6.180	8.364
6.240	8.121
6.300	8.342
6.360	8.090
6.420	8.480
6.480	10.428
6.540	11.912
6.600	11.929
6.660	12.748
6.720	12.522
6.780	12.704
6.840	12.329
6.900	11.021
6.960	12.657
7.020	10.821
7.080	11.530
7.140	8.690
7.200	7.647
7.260	8.128
7.320	8.363
7.380	8.752
7.440	12.143
7.500	12.443
7.560	13.520
7.620	12.846
7.680	14.477
7.740	14.387
7.800	13.522
7.860	14.063
7.920	14.029
7.980	18.897
8.040	16.942
8.100	18.873
8.160	14.126
8.220	14.774
8.280	12.811
8.340	14.256
8.400	12.833
8.460	13.838
8.520	13.265
8.580	10.889
8.640	8.485
8.700	7.996
8.760	7.979
8.820	8.094
8.880	7.974
8.940	8.053
9.000	8.039
9.060	7.858
9.120	7.791
9.180	7.974
9.240	8.033
9.300	7.996
9.360	8.188
9.420	7.979
9.480	8.189
9.540	8.065
9.600	8.152
9.660	7.786
9.720	8.180
9.780	7.917
9.840	7.926
9.900	8.006
9.960	8.309
10.020	8.043
10.080	8.314
10.140	8.179
10.200	8.747
10.260	8.062
10.320	8.312
10.380	8.425
10.440	8.119
10.500	8.429
10.560	8.648
10.620	8.191
10.680	8.524
10.740	8.445
10.800	8.678
10.860	8.794
10.920	9.063
10.980	9.552
11.040	10.361
11.100	10.595
11.160	13.258
11.220	21.425
11.280	30.714
11.340	99.342
11.400	453.942
11.460	603.877
11.520	780.314
11.580	803.010
11.640	861.665
11.700	876.639
11.760	867.309
11.820	818.682
11.880	720.924
11.940	706.978
12.000	596.094
12.060	483.260
12.120	278.848
12.180	14.821
12.240	12.869
12.300	17.358
12.360	48.282
12.420	103.962
12.480	214.129
12.540	256.632
12.600	260.817
12.660	278.289
12.720	279.175
12.780	266.798
12.840	253.590
12.900	235.963
12.960	225.830
13.020	184.615
13.080	181.918
13.140	58.403
13.200	23.814
13.260	29.711
13.320	48.915
13.380	88.572
13.440	439.596
13.500	718.991
13.560	794.035
13.620	874.059
13.680	906.427
13.740	917.283
13.800	856.473
13.860	852.615
13.920	768.099
13.980	757.912
14.040	664.071
14.100	531.771
14.160	418.437
14.220	26.639
14.280	31.708
14.340	48.943
14.400	137.825
14.460	669.664
14.520	997.130
14.580	1314.265
14.640	1385.072
14.700	1429.503
14.760	1428.140
14.820	1362.288
14.880	1317.950
14.940	1173.585
15.000	1153.754
15.060	1030.196
15.120	827.244
15.180	640.027
15.240	50.788
15.300	62.081
15.360	217.652
15.420	1272.468
15.480	2508.826
15.540	3645.622
15.600	4016.011
15.660	4071.392
15.720	4199.608
15.780	4173.267
15.840	3899.718
15.900	3678.931
15.960	3458.891
16.020	3443.743
16.080	2702.016
16.140	2592.070
16.200	545.915
16.260	78.602
16.320	139.905
16.380	700.582
16.440	1675.017
16.500	4664.329
16.560	5615.830
16.620	5911.691
16.680	6226.331
16.740	6268.408
16.800	5895.798
16.860	5726.351
16.920	5476.169
16.980	4905.523
17.040	4444.018
17.100	4193.338
17.160	2451.605
17.220	126.231
17.280	148.778
17.340	410.724
17.400	772.530
17.460	4893.754
17.520	8026.450
17.580	8732.680
17.640	9008.872
17.700	9666.840
17.760	9167.160
17.820	8362.415
17.880	8465.822
17.940	7829.471
18.000	7770.164
18.060	6975.612
18.120	6289.690
18.180	2280.857
18.240	153.552
18.300	20.069
18.360	17.453
18.420	23.854
18.480	58.990
18.540	73.104
18.600	84.579
18.660	81.803
18.720	86.777
18.780	80.413
18.840	78.503
18.900	75.792
18.960	72.068
19.020	75.566
19.080	63.766
19.140	51.500
19.200	44.870
19.260	15.084
19.320	16.676
19.380	34.232
19.440	154.655
19.500	261.455
19.560	321.317
19.620	330.130
19.680	347.213
19.740	361.346
19.800	333.441
19.860	310.081
19.920	312.770
19.980	304.006
20.040	297.584
20.100	229.317
20.160	236.854
20.220	87.152
20.280	10.156
20.340	10.120
20.400	9.595
20.460	9.571
20.520	10.743
20.580	11.148
20.640	11.309
20.700	11.193
20.760	11.451
20.820	11.251
20.880	10.511
20.940	10.874
21.000	12.390
21.060	12.173
21.120	12.836
21.180	11.166
21.240	10.279
21.300	10.143
21.360	10.323
21.420	10.137
21.480	12.083
21.540	15.369
21.600	17.414
21.660	17.435
21.720	20.227
21.780	17.625
21.840	16.464
21.900	16.980
21.960	15.957
22.020	14.817
22.080	16.743
22.140	14.270
22.200	12.954
22.260	12.139
22.320	8.596
22.380	8.426
22.440	8.792
22.500	8.472
22.560	9.170
22.620	8.659
22.680	8.692
22.740	8.593
22.800	8.813
22.860	8.663
22.920	8.574
22.980	8.866
23.040	8.401
23.100	8.776
23.160	9.201
23.220	8.973
23.280	9.245
23.340	9.958
23.400	11.552
23.460	21.214
23.520	39.178
23.580	103.652
23.640	125.467
23.700	128.211
23.760	134.231
23.820	145.106
23.880	135.196
23.940	121.553
24.000	125.802
24.060	109.289
24.120	119.249
24.180	103.987
24.240	91.986
24.300	44.818
24.360	16.851
24.420	14.305
24.480	18.480
24.540	44.423
24.600	166.440
24.660	200.022
24.720	231.185
24.780	247.198
24.840	260.947
24.900	235.739
24.960	224.698
25.020	226.706
25.080	214.084
25.140	213.933
25.200	196.932
25.260	184.913
25.320	149.159
25.380	48.909
25.440	35.514
25.500	52.375
25.560	209.435
25.620	457.576
25.680	789.123
25.740	920.213
25.800	908.887
25.860	986.323
25.920	936.869
25.980	885.266
26.040	902.219
26.100	884.777
26.160	818.356
26.220	748.125
26.280	680.037
26.340	515.630
26.400	90.588
26.460	47.702
26.520	139.129
26.580	311.015
26.640	1464.202
26.700	2155.322
26.760	2244.635
26.820	2362.356
26.880	2542.037
26.940	2498.504
27.000	2246.749
27.060	2253.549
27.120	2239.175
27.180	2079.608
27.240	2205.008
27.300	1862.867
27.360	1327.910
27.420	841.627
27.480	341.858
27.540	1388.392
27.600	4037.012
27.660	10427.244
27.720	10439.807
27.780	10439.807
27.840	10439.807
27.900	10439.807
27.960	10439.807
28.020	10439.807
28.080	10439.807
28.140	10439.807
28.200	10439.807
28.260	10439.807
28.320	10399.482
28.380	9824.160
28.440	3261.546
28.500	60.039
28.560	79.079
28.620	325.174
28.680	784.815
28.740	1514.439
28.800	1878.514
28.860	1910.327
28.920	2032.928
28.980	1944.686
29.040	1814.228
29.100	1856.103
29.160	1788.579
29.220	1666.152
29.280	1481.456
29.340	1396.420
29.400	969.772
29.460	102.747
29.520	37.607
29.580	122.205
29.640	331.395
29.700	968.091
29.760	1281.965
29.820	1325.425
29.880	1384.130
29.940	1434.560
30.000	1370.903
30.060	1246.671
30.120	1261.159
30.180	1127.689
30.240	1207.155
30.300	1006.444
30.360	799.641
30.420	290.511
30.480	25.826
30.540	27.647
30.600	96.838
30.660	225.632
30.720	384.183
30.780	429.199
30.840	455.180
30.900	487.541
30.960	500.056
31.020	446.010
31.080	445.257
31.140	440.219
31.200	427.463
31.260	418.931
31.320	374.026
31.380	206.020
31.440	138.316
31.500	18.657
31.560	49.482
31.620	104.983
31.680	262.115
31.740	310.911
31.800	349.045
31.860	369.739
31.920	381.637
31.980	350.884
32.040	347.487
32.100	340.725
32.160	321.265
32.220	332.188
32.280	280.421
32.340	235.183
32.400	156.896
32.460	25.631
32.520	11.235
32.580	12.113
32.640	18.042
32.700	21.454
32.760	25.939
32.820	25.921
32.880	25.666
32.940	27.023
33.000	23.921
33.060	23.262
33.120	22.764
33.180	23.608
33.240	24.721
33.300	20.420
33.360	20.528
33.420	13.149
33.480	9.607
33.540	9.914
33.600	13.223
33.660	18.508
33.720	21.588
33.780	22.292
33.840	22.473
33.900	25.245
33.960	23.175
34.020	23.008
34.080	24.520
34.140	21.168
34.200	21.803
34.260	19.694
34.320	20.378
34.380	14.272
34.440	9.637
34.500	9.422
34.560	8.906
34.620	10.370
34.680	10.946
34.740	12.834
34.800	12.377
34.860	12.032
34.920	11.871
34.980	12.866
35.040	12.280
35.100	11.883
35.160	12.544
35.220	11.514
35.280	10.861
35.340	10.426
35.400	10.064
35.460	9.376
35.520	11.335
35.580	20.890
35.640	44.951
35.700	108.644
35.760	146.456
35.820	154.726
35.880	159.576
35.940	165.320
36.000	152.617
36.060	147.214
36.120	153.452
36.180	137.994
36.240	144.676
36.300	114.578
36.360	105.808
36.420	75.061
36.480	18.671
36.540	20.642
36.600	40.078
36.660	176.516
36.720	295.578
36.780	323.825
36.840	335.943
36.900	350.320
36.960	376.210
37.020	335.418
37.080	322.089
37.140	344.558
37.200	322.683
37.260	337.888
37.320	283.908
37.380	236.804
37.440	113.248
37.500	16.034
37.560	20.801
37.620	75.150
37.680	257.593
37.740	321.656
37.800	422.604
37.860	441.641
37.920	465.751
37.980	482.048
38.040	447.080
38.100	438.224
38.160	422.357
38.220	406.597
38.280	374.455
38.340	330.303
38.400	262.195
38.460	95.169
38.520	32.085
38.580	41.980
38.640	194.368
38.700	430.535
38.760	779.053
38.820	956.734
38.880	991.269
38.940	1077.842
39.000	1095.323
39.060	992.346
39.120	1025.211
39.180	1018.661
39.240	925.456
39.300	871.354
39.360	824.029
39.420	593.048
39.480	354.246
39.540	37.730
39.600	152.310
39.660	349.606
39.720	571.535
39.780	698.297
39.840	732.249
39.900	792.077
39.960	807.398
40.020	715.421
40.080	732.836
40.140	728.799
40.200	685.846
40.260	618.079
40.320	658.259
40.380	444.493
40.440	305.587
40.500	57.477
40.560	27.791
40.620	31.459
40.680	106.349
40.740	270.256
40.800	331.927
40.860	382.111
40.920	419.512
40.980	429.070
41.040	434.995
41.100	403.920
41.160	404.182
41.220	371.615
41.280	381.153
41.340	326.939
41.400	268.221
41.460	189.305
41.520	55.738
41.580	20.912
41.640	39.065
41.700	193.218
41.760	285.503
41.820	408.851
41.880	434.394
41.940	460.816
42.000	497.870
42.060	462.572
42.120	435.213
42.180	439.522
42.240	419.684
42.300	420.895
42.360	369.911
42.420	321.529
42.480	139.646
42.540	68.937
42.600	27.387
42.660	90.007
42.720	241.443
42.780	595.038
42.840	807.836
42.900	880.952
42.960	930.973
43.020	964.157
43.080	909.527
43.140	886.739
43.200	905.475
43.260	832.162
43.320	861.776
43.380	731.806
43.440	645.860
43.500	254.459
43.560	115.291
43.620	145.575
43.680	353.984
43.740	1501.823
43.800	2307.229
43.860	2464.643
43.920	2668.053
43.980	2944.471
44.040	2938.831
44.100	2610.169
44.160	2657.810
44.220	2625.637
44.280	2738.497
44.340	2361.172
44.400	2139.903
44.460	1151.379
44.520	653.659
44.580	24.279
44.640	18.506
44.700	53.902
44.760	210.785
44.820	280.439
44.880	381.691
44.940	422.882
45.000	446.215
45.060	472.914
45.120	451.918
45.180	432.239
0.000	4920.789
0.060	4441.134
0.120	6205.616
0.180	6890.060
0.240	6772.057
0.300	6490.722
0.360	6489.283
0.420	6522.359
0.480	6446.526
0.540	6393.122
0.600	6548.647
0.660	6621.576
0.720	6647.189
0.780	6739.974
0.840	6872.242
0.900	6925.990
0.960	7128.194
1.020	6788.576
1.080	4673.498
1.140	2362.890
1.200	1556.341
1.260	1214.151
1.320	527.542
1.380	195.745
1.440	213.830
1.500	271.552
1.560	385.772
1.620	507.316
1.680	1225.436
1.740	7351.719
1.800	12574.185
1.860	14566.764
1.920	14443.335
1.980	15720.852
2.040	14888.716
2.100	16167.698
2.160	13165.194
2.220	3493.912
2.280	382.206
2.340	128.407
2.400	113.263
2.460	107.799
2.520	107.634
2.580	108.143
2.640	112.308
2.700	122.612
2.760	121.899
2.820	124.968
2.880	122.943
2.940	124.179
3.000	123.211
3.060	122.765
3.120	120.523
3.180	113.786
3.240	108.615
3.300	111.417
3.360	111.837
3.420	122.001
3.480	161.305
3.540	227.535
3.600	755.206
3.660	796.064
3.720	860.205
3.780	864.650
3.840	913.520
3.900	877.297
3.960	718.181
4.020	763.294
4.080	690.887
4.140	297.407
4.200	118.995
4.260	106.564
4.320	106.284
4.380	104.704
4.440	106.997
4.500	106.411
4.560	106.055
4.620	104.526
4.680	104.806
4.740	106.169
4.800	106.284
4.860	105.927
4.920	105.430
4.980	104.717
5.040	106.118
5.100	105.685
5.160	106.004
5.220	105.481
5.280	106.360
5.340	105.711
5.400	107.303
5.460	109.570
5.520	115.288
5.580	114.117
5.640	114.639
5.700	113.149
5.760	114.308
5.820	114.906
5.880	115.378
5.940	112.334
6.000	112.639
6.060	113.849
6.120	110.703
6.180	105.392
6.240	105.863
6.300	106.449
6.360	105.965
6.420	106.373
6.480	108.653
6.540	108.844
6.600	110.321
6.660	110.156
6.720	109.366
6.780	109.710
6.840	106.933
6.900	107.965
6.960	109.633
7.020	108.322
7.080	107.761
7.140	105.367
7.200	105.698
7.260	105.621
7.320	105.138
7.380	105.647
7.440	108.742
7.500	110.309
7.560	110.041
7.620	110.449
7.680	110.156
7.740	110.054
7.800	109.646
7.860	108.933
7.920	111.926
7.980	115.454
8.040	115.480
8.100	113.429
8.160	113.569
8.220	110.703
8.280	110.207
8.340	110.831
8.400	109.608
8.460	110.958
8.520	108.131
8.580	107.952
8.640	106.577
8.700	105.163
8.760	105.583
8.820	104.131
8.880	105.214
8.940	106.207
9.000	105.507
9.060	107.468
9.120	105.762
9.180	105.723
9.240	105.520
9.300	106.666
9.360	106.551
9.420	106.398
9.480	105.876
9.540	105.762
9.600	107.239
9.660	105.545
9.720	106.169
9.780	106.118
9.840	107.188
9.900	105.838
9.960	105.329
10.020	104.896
10.080	105.902
10.140	105.698
10.200	106.093
10.260	105.443
10.320	106.615
10.380	106.526
10.440	105.278
10.500	105.838
10.560	106.156
10.620	106.589
10.680	106.411
10.740	107.430
10.800	107.392
10.860	106.564
10.920	108.895
10.980	108.271
11.040	110.232
11.100	111.009
11.160	115.951
11.220	130.114
11.280	142.353
11.340	239.978
11.400	741.132
11.460	918.551
11.520	1104.325
11.580	1162.607
11.640	1225.678
11.700	1220.443
11.760	1197.581
11.820	1114.055
11.880	1009.884
11.940	1013.794
12.000	807.272
12.060	598.879
12.120	334.101
12.180	111.888
12.240	112.474
12.300	122.179
12.360	181.989
12.420	300.731
12.480	402.852
12.540	443.787
12.600	453.339
12.660	461.338
12.720	462.178
12.780	451.569
12.840	423.982
12.900	403.922
12.960	405.450
13.020	353.065
13.080	302.310
13.140	141.971
13.200	124.395
13.260	133.896
13.320	175.494
13.380	260.127
13.440	857.785
13.500	1063.453
13.560	1148.227
13.620	1227.257
13.680	1245.241
13.740	1236.491
13.800	1187.061
13.860	1164.224
13.920	1033.013
13.980	1009.629
14.040	868.306
14.100	656.664
14.160	474.303
14.220	128.942
14.280	146.556
14.340	173.278
14.400	393.516
14.460	1421.233
14.520	1728.054
14.580	2095.093
14.640	2243.307
14.700	2331.087
14.760	2198.870
14.820	2154.470
14.880	2093.718
14.940	1897.780
15.000	1917.012
15.060	1595.366
15.120	1205.159
15.180	768.172
15.240	160.821
15.300	180.372
15.360	397.732
15.420	2075.262
15.480	3257.931
15.540	4232.511
15.600	4563.990
15.660	4651.247
15.720	4824.387
15.780	4674.237
15.840	4374.739
15.900	4106.064
15.960	3864.441
16.020	3789.690
16.080	3230.318
16.140	2332.029
16.200	387.148
16.260	176.462
16.320	258.841
16.380	1002.828
16.440	2340.690
16.500	4598.862
16.560	5591.962
16.620	5698.298
16.680	6065.605
16.740	6082.391
16.800	5527.846
16.860	5366.603
16.920	4965.723
16.980	4864.366
17.040	4022.665
17.100	3980.775
17.160	1741.249
17.220	216.785
17.280	252.906
17.340	645.214
17.400	1246.909
17.460	6559.702
17.520	8869.992
17.580	9138.515
17.640	9836.740
17.700	9994.595
17.760	9284.793
17.820	8929.128
17.880	8891.250
17.940	7947.593
18.000	8145.250
18.060	6951.921
18.120	5469.029
18.180	1574.045
18.240	153.154
18.300	115.836
18.360	116.677
18.420	139.768
18.480	182.422
18.540	193.465
18.600	196.241
18.660	206.634
18.720	205.106
18.780	194.547
18.840	196.776
18.900	192.599
18.960	182.919
19.020	186.574
19.080	173.290
19.140	155.472
19.200	136.826
19.260	115.492
19.320	118.689
19.380	152.874
19.440	395.783
19.500	474.138
19.560	565.560
19.620	582.767
19.680	608.635
19.740	614.468
19.800	556.721
19.860	563.331
19.920	527.886
19.980	504.731
20.040	510.679
20.100	452.690
20.160	377.277
20.220	195.885
20.280	108.118
20.340	107.405
20.400	108.538
20.460	108.105
20.520	112.907
20.580	113.289
20.640	113.569
20.700	111.264
20.760	111.187
20.820	110.143
20.880	109.672
20.940	110.385
21.000	110.512
21.060	111.952
21.120	111.417
21.180	112.486
21.240	109.315
21.300	107.978
21.360	108.322
21.420	108.373
21.480	112.397
21.540	116.970
21.600	118.536
21.660	118.141
21.720	117.046
21.780	116.447
21.840	116.167
21.900	116.995
21.960	114.537
22.020	115.097
22.080	115.581
22.140	113.225
22.200	111.047
22.260	107.647
22.320	106.156
22.380	105.418
22.440	106.246
22.500	106.857
22.560	106.284
22.620	105.787
22.680	106.042
22.740	106.857
22.800	105.621
22.860	106.309
22.920	105.418
22.980	105.940
23.040	105.303
23.100	106.615
23.160	107.163
23.220	106.895
23.280	107.124
23.340	108.220
23.400	110.691
23.460	121.899
23.520	150.963
23.580	217.817
23.640	250.664
23.700	249.238
23.760	260.217
23.820	259.287
23.880	249.008
23.940	246.881
24.000	246.168
24.060	228.133
24.120	240.157
24.180	215.473
24.240	197.298
24.300	143.245
24.360	109.965
24.420	114.129
24.480	122.064
24.540	185.899
24.600	332.840
24.660	370.667
24.720	383.263
24.780	409.093
24.840	410.749
24.900	386.995
24.960	380.105
25.020	386.664
25.080	362.681
25.140	362.579
25.200	322.944
25.260	289.727
25.320	241.570
25.380	128.483
25.440	145.792
25.500	184.193
25.560	454.829
25.620	815.666
25.680	1163.384
25.740	1255.939
25.800	1319.099
25.860	1377.343
25.920	1250.437
25.980	1212.890
26.040	1216.278
26.100	1167.383
26.160	1183.367
26.220	944.342
26.280	1013.093
26.340	585.212
26.400	148.136
26.460	161.891
26.520	285.855
26.580	576.297
26.640	1974.415
26.700	2736.055
26.760	2904.189
26.820	2986.988
26.880	3182.124
26.940	3084.944
27.000	2755.351
27.060	2827.184
27.120	2698.559
27.180	2702.787
27.240	2607.773
27.300	2339.429
27.360	1432.186
27.420	862.842
27.480	568.846
27.540	2427.285
27.600	7067.505
27.660	14906.267
27.720	17648.628
27.780	18609.822
27.840	19572.647
27.900	20667.052
27.960	19156.535
28.020	17603.783
28.080	18543.160
28.140	16232.768
28.200	16677.843
28.260	14157.860
28.320	11859.454
28.380	8532.795
28.440	718.194
28.500	171.877
28.560	202.953
28.620	628.032
28.680	1116.450
28.740	1922.705
28.800	2132.589
28.860	2177.638
28.920	2358.088
28.980	2141.530
29.040	2078.459
29.100	2127.316
29.160	2001.162
29.220	2057.826
29.280	1607.363
29.340	1746.305
29.400	880.061
29.460	147.486
29.520	134.419
29.580	239.201
29.640	448.843
29.700	1109.330
29.760	1331.377
29.820	1364.072
29.880	1448.744
29.940	1434.861
30.000	1356.634
30.060	1353.182
30.120	1259.900
30.180	1197.810
30.240	1180.285
30.300	1047.329
30.360	841.954
30.420	305.278
30.480	116.855
30.540	130.356
30.600	269.399
30.660	403.451
30.720	547.054
30.780	591.466
30.840	616.302
30.900	633.267
30.960	641.482
31.020	589.212
31.080	601.948
31.140	582.627
31.200	578.144
31.260	530.255
31.320	484.505
31.380	291.676
31.440	192.662
31.500	121.326
31.560	176.653
31.620	236.234
31.680	386.715
31.740	444.895
31.800	481.321
31.860	503.126
31.920	500.604
31.980	475.195
32.040	473.934
32.100	472.979
32.160	435.101
32.220	448.690
32.280	399.846
32.340	301.916
32.400	233.266
32.460	115.314
32.520	109.073
32.580	110.984
32.640	118.638
32.700	123.695
32.760	126.611
32.820	126.204
32.880	129.617
32.940	127.821
33.000	125.872
33.060	125.006
33.120	123.593
33.180	123.644
33.240	123.784
33.300	122.892
33.360	120.217
33.420	110.601
33.480	106.831
33.540	107.519
33.600	112.767
33.660	121.517
33.720	122.166
33.780	125.325
33.840	125.949
33.900	128.127
33.960	126.739
34.020	124.752
34.080	123.363
34.140	120.689
34.200	123.070
34.260	121.338
34.320	121.835
34.380	110.984
34.440	107.405
34.500	105.405
34.560	107.061
34.620	109.544
34.680	110.538
34.740	109.633
34.800	111.468
34.860	113.302
34.920	112.474
34.980	111.697
35.040	109.952
35.100	109.774
35.160	109.965
35.220	108.118
35.280	109.086
35.340	108.283
35.400	107.061
35.460	107.812
35.520	110.563
35.580	127.528
35.640	163.547
35.700	226.490
35.760	264.623
35.820	264.865
35.880	270.062
35.940	276.341
36.000	253.568
36.060	257.606
36.120	262.980
36.180	241.940
36.240	237.762
36.300	224.771
36.360	207.004
36.420	171.380
36.480	110.767
36.540	121.211
36.600	141.882
36.660	317.301
36.720	424.631
36.780	452.868
36.840	473.794
36.900	482.493
36.960	492.491
37.020	449.200
37.080	450.206
37.140	447.633
37.200	447.621
37.260	443.558
37.320	405.361
37.380	349.868
37.440	199.566
37.500	115.581
37.560	123.745
37.620	206.774
37.680	402.253
37.740	473.004
37.800	553.804
37.860	577.481
37.920	621.728
37.980	615.436
38.040	572.642
38.100	587.531
38.160	542.112
38.220	571.865
38.280	484.123
38.340	412.226
38.400	313.404
38.460	151.435
38.520	123.949
38.580	156.376
38.640	380.678
38.700	621.384
38.760	985.761
38.820	1144.253
38.880	1186.717
38.940	1292.047
39.000	1282.418
39.060	1177.839
39.120	1212.954
39.180	1176.782
39.240	1149.526
39.300	964.428
39.360	1025.486
39.420	562.058
39.480	413.156
39.540	142.990
39.600	339.577
39.660	508.131
39.720	771.050
39.780	908.884
39.840	920.347
39.900	991.187
39.960	990.996
40.020	902.567
40.080	920.398
40.140	894.224
40.200	901.217
40.260	781.290
40.320	813.157
40.380	528.128
40.440	407.985
40.500	163.649
40.560	127.414
40.620	143.143
40.680	244.716
40.740	429.357
40.800	493.485
40.860	547.360
40.920	574.692
40.980	583.391
41.040	553.919
41.100	538.826
41.160	553.664
41.220	522.893
41.280	530.726
41.340	465.745
41.400	368.069
41.460	265.095
41.520	138.622
41.580	118.727
41.640	178.550
41.700	419.371
41.760	526.497
41.820	671.005
41.880	718.652
41.940	739.273
42.000	756.454
42.060	730.726
42.120	729.249
42.180	673.056
42.240	677.768
42.300	622.747
42.360	552.021
42.420	474.202
42.480	234.234
42.540	152.530
42.600	132.368
42.660	260.038
42.720	481.334
42.780	883.169
42.840	1121.315
42.900	1171.242
42.960	1280.724
43.020	1310.349
43.080	1206.433
43.140	1211.782
43.200	1219.819
43.260	1134.905
43.320	1088.264
43.380	992.473
43.440	833.994
43.500	311.264
43.560	178.079
43.620	292.261
43.680	637.878
43.740	1815.872
43.800	2578.696
43.860	2686.153
43.920	2913.232
43.980	3125.064
44.040	3122.211
44.100	2839.653
44.160	2870.322
44.220	2699.998
44.280	2828.445
44.340	2320.961
44.400	2089.502
44.460	1044.769
44.520	592.714
44.580	117.237
44.640	121.122
44.700	188.307
44.760	403.132
44.820	515.939
44.880	630.491
44.940	671.273
45.000	699.497
45.060	707.521
45.120	668.802
45.180	675.488
45.240	632.528
45.300	660.803
45.360	578.156
45.420	522.180
45.480	419.078
45.540	207.233
45.600	130.852
45.660	107.124
45.720	115.518
45.780	122.637
45.840	142.417
45.900	148.136
45.960	150.352
46.020	156.491
46.080	152.211
46.140	152.594
46.200	154.262
46.260	152.402
46.320	146.939
46.380	145.881
46.440	147.040
46.500	130.050
46.560	116.766
46.620	108.793
46.680	107.608
46.740	111.595
46.800	121.478
46.860	133.145
46.920	136.265
46.980	136.329
47.040	140.672
47.100	141.869
47.160	137.463
47.220	139.118
47.280	137.055
47.340	140.023
47.400	135.234
47.460	133.553
47.520	119.925
47.580	116.129
47.640	111.124
47.700	115.416
47.760	147.563
47.820	214.416
47.880	235.979
47.940	267.718
48.000	275.004
48.060	291.306
48.120	292.045
48.180	275.946
48.240	282.531
48.300	272.685
48.360	278.175
48.420	258.612
48.480	216.238
48.540	197.897
48.600	139.844
48.660	108.449
48.720	106.959
48.780	119.925
48.840	144.659
48.900	218.899
48.960	266.801
49.020	271.807
49.080	285.906
49.140	295.051
49.200	286.848
49.260	281.028
49.320	293.943
49.380	269.552
49.440	265.668
49.500	244.933
49.560	231.509
49.620	154.835
49.680	135.055
49.740	116.562
49.800	130.929
49.860	250.231
49.920	479.283
0.000	4166.193
0.060	3372.992
0.120	4737.473
0.180	5279.193
0.240	5142.722
0.300	4918.471
0.360	4866.226
0.420	5029.023
0.480	4948.427
0.540	5011.893
0.600	5078.619
0.660	4947.777
0.720	4978.345
0.780	5070.060
0.840	5031.609
0.900	4979.402
0.960	5317.351
1.020	4707.339
1.080	3641.400
1.140	1490.710
1.200	1341.923
1.260	1018.927
1.320	299.700
1.380	149.116
1.440	152.823
1.500	167.763
1.560	208.863
1.620	251.416
1.680	455.632
1.740	1992.501
1.800	4659.908
1.860	5313.046
1.920	5219.853
1.980	5551.931
2.040	5240.729
2.100	5686.109
2.160	4624.424
2.220	1445.063
2.280	217.842
2.340	114.384
2.400	110.461
2.460	106.793
2.520	106.997
2.580	107.214
2.640	107.965
2.700	110.334
2.760	111.073
2.820	111.455
2.880	111.888
2.940	111.620
3.000	112.881
3.060	112.143
3.120	110.843
3.180	110.067
3.240	108.653
3.300	110.296
3.360	113.837
3.420	126.331
3.480	166.476
3.540	243.978
3.600	798.994
3.660	876.915
3.720	929.326
3.780	913.494
3.840	977.954
3.900	957.843
3.960	816.672
4.020	793.823
4.080	771.228
4.140	252.944
4.200	117.976
4.260	105.609
4.320	106.309
4.380	106.284
4.440	105.367
4.500	107.061
4.560	106.258
4.620	105.889
4.680	106.029
4.740	105.800
4.800	105.889
4.860	105.138
4.920	105.596
4.980	106.080
5.040	105.380
5.100	106.271
5.160	107.023
5.220	106.131
5.280	106.347
5.340	105.838
5.400	106.730
5.460	108.602
5.520	115.454
5.580	117.033
5.640	117.123
5.700	118.511
5.760	116.613
5.820	115.072
5.880	114.957
5.940	117.810
6.000	113.926
6.060	111.429
6.120	109.735
6.180	106.526
6.240	105.953
6.300	106.195
6.360	105.889
6.420	106.984
6.480	108.971
6.540	111.213
6.600	109.659
6.660	108.525
6.720	108.296
6.780	110.818
6.840	109.646
6.900	109.290
6.960	108.818
7.020	108.500
7.080	109.863
7.140	106.488
7.200	105.532
7.260	106.437
7.320	106.768
7.380	107.685
7.440	108.538
7.500	110.385
7.560	110.691
7.620	111.735
7.680	112.550
7.740	110.207
7.800	111.939
7.860	111.888
7.920	113.212
7.980	116.435
8.040	115.696
8.100	113.251
8.160	110.933
8.220	111.582
8.280	111.455
8.340	110.372
8.400	109.353
8.460	110.818
8.520	109.341
8.580	108.016
8.640	105.621
8.700	107.175
8.760	105.800
8.820	106.271
8.880	106.271
8.940	105.889
9.000	107.226
9.060	106.730
9.120	106.513
9.180	106.589
9.240	105.481
9.300	106.220
9.360	106.182
9.420	107.481
9.480	106.207
9.540	106.666
9.600	105.902
9.660	106.233
9.720	107.201
9.780	106.080
9.840	106.564
9.900	106.335
9.960	106.551
10.020	105.813
10.080	105.430
10.140	105.138
10.200	106.322
10.260	106.055
10.320	106.398
10.380	106.589
10.440	105.863
10.500	107.443
10.560	107.061
10.620	106.118
10.680	106.067
10.740	106.653
10.800	107.112
10.860	106.972
10.920	107.112
10.980	107.303
11.040	108.704
11.100	109.277
11.160	113.493
11.220	126.191
11.280	139.093
11.340	232.820
11.400	693.651
11.460	811.768
11.520	966.465
11.580	1019.806
11.640	1045.890
11.700	1058.346
11.760	1030.046
11.820	977.903
11.880	875.858
11.940	892.148
12.000	694.249
12.060	535.056
