0000000548,scans,0000000104,DataLength
"header",0000000025,"lines"
"Date",4/24/2016,"Time",8:01:02 PM
"ID","HAL RC RGA 301 #14852","Version",3
"Scans",6
"Scan ID","Mode","Input","Scanned","Start","Stop","Increment","Dwell","Settle","RS","RelSEM"
"Scan 1","RGA","Temperature","none",0.40,0.40,0.01,10.000,8.000,1.000000,1.000000,
"Scan 2","RGA","SEM","mass",2.00,2.00,0.01,10.000,8.000,0.440000,1.000000,
"Scan 3","RGA","SEM","mass",16.00,16.00,0.01,10.000,8.000,0.098000,1.000000,
"Scan 4","RGA","SEM","mass",18.00,18.00,0.01,10.000,8.000,0.900000,1.000000,
"Scan 5","RGA","SEM","mass",28.00,28.00,0.01,10.000,8.000,1.050000,1.000000,
"Scan 6","RGA","SEM","mass",44.00,44.00,0.01,10.000,8.000,1.400000,1.000000,
"Environment",
"Global","RGA"
"F1",1,"( 1 = on, 0 = off )"
"F2",0,"( 1 = on, 0 = off )"
"cage",3.3,"V"
"delta-m",0,"%"
"electron-energy",70.0,"V"
"emission",1000.000,"uA"
"focus",-90,"V"
"mass",5.50,"amu"
"mode-change-delay",1000,"ms"
"multiplier",1000,"V"
"resolution",0,"%"
"Data",6
"Time","ms","Scan 1 : none 0.40","Hydrogen","Oxygen-16","Water","Carbon monoxide","Carbon dioxide",
00:00:01,      1219,   170.4918,  0.00000e+00,  1.42602e-10,  2.38889e-11,  6.14286e-12, -1.53571e-12,
00:00:01,      1651,   170.3596,  0.00000e+00,  7.67857e-11,  6.92778e-11,  2.45714e-11,  1.39750e-10,
00:00:02,      2082,   170.3596,  1.95455e-09,  5.76990e-09,  2.34350e-09,  2.20119e-09,  3.30332e-09,
00:00:02,      2514,   170.4918,  7.08523e-09,  1.47648e-08,  3.77802e-09,  2.98235e-09,  2.89021e-09,
00:00:02,      2946,   170.6241,  7.57386e-09,  1.30426e-08,  2.87144e-09,  2.66702e-09,  2.16612e-09,
00:00:03,      3377,   170.3596,  7.08523e-09,  1.33716e-08,  2.57163e-09,  2.42130e-09,  1.78296e-09,
00:00:03,      3809,   170.4918,  7.32955e-09,  1.20114e-08,  1.94813e-09,  2.40800e-09,  1.47429e-09,
00:00:04,      4241,   170.4918,  7.32955e-09,  1.08048e-08,  1.90752e-09,  2.33838e-09,  1.34605e-09,
00:00:04,      4672,   170.4918,  7.32955e-09,  9.64209e-09,  1.63639e-09,  2.10700e-09,  1.29461e-09,
00:00:05,      5104,   170.3596,  7.08523e-09,  1.00370e-08,  1.52291e-09,  2.03329e-09,  1.14641e-09,
00:00:05,      5536,   170.4918,  6.59659e-09,  9.54337e-09,  1.40108e-09,  2.08038e-09,  1.00359e-09,
00:00:05,      5967,   170.4918,  7.32955e-09,  8.58903e-09,  1.20997e-09,  2.02510e-09,  9.55214e-10,
00:00:06,      6399,   170.7563,  7.57386e-09,  9.19235e-09,  1.02125e-09,  2.06502e-09,  8.99929e-10,
00:00:06,      6831,   170.6241,  7.32955e-09,  8.72066e-09,  1.08217e-09,  1.96059e-09,  7.79371e-10,
00:00:07,      7262,   170.7563,  7.32955e-09,  9.79566e-09,  9.85417e-10,  1.91350e-09,  8.28514e-10,
00:00:07,      7694,   170.3596,  7.81818e-09,  8.92908e-09,  1.02603e-09,  2.00257e-09,  7.61714e-10,
00:00:08,      8126,   170.6241,  7.32955e-09,  9.10459e-09,  9.81833e-10,  1.99029e-09,  7.68621e-10,
00:00:08,      8557,   170.4918,  7.57386e-09,  8.79745e-09,  8.79111e-10,  1.91554e-09,  6.81089e-10,
00:00:08,      8971,   170.3596,  7.08523e-09,  9.04974e-09,  8.97028e-10,  1.87357e-09,  7.48657e-10,
00:00:09,      9402,   170.3596,  7.08523e-09,  8.16122e-09,  8.38500e-10,  1.77529e-09,  7.82443e-10,
00:00:09,      9834,   170.2274,  7.08523e-09,  8.99490e-09,  8.97028e-10,  2.01076e-09,  7.65550e-10,
00:00:10,     10266,   170.3596,  7.32955e-09,  7.87602e-09,  8.98222e-10,  1.87664e-09,  6.54214e-10,
00:00:10,     10697,   170.4918,  7.32955e-09,  8.10638e-09,  7.99083e-10,  1.91452e-09,  6.93375e-10,
00:00:11,     11129,   170.4918,  7.57386e-09,  8.12832e-09,  8.11028e-10,  1.80190e-09,  6.40393e-10,
00:00:11,     11561,   170.4918,  7.32955e-09,  8.74260e-09,  8.20583e-10,  1.73843e-09,  6.45000e-10,
00:00:11,     11992,   170.3596,  7.81818e-09,  7.71148e-09,  8.61194e-10,  1.88381e-09,  6.45000e-10,
00:00:12,     12424,   170.2274,  7.32955e-09,  8.61097e-09,  7.38167e-10,  1.86538e-09,  6.74179e-10,
00:00:12,     12856,   170.3596,  7.08523e-09,  9.28010e-09,  7.16667e-10,  1.74764e-09,  6.19661e-10,
00:00:13,     13287,   170.0952,  7.57386e-09,  7.66760e-09,  7.88333e-10,  1.97492e-09,  6.26571e-10,
00:00:13,     13719,   170.0952,  7.57386e-09,  8.42449e-09,  7.33389e-10,  2.01076e-09,  6.53446e-10,
00:00:14,     14151,   170.4918,  7.57386e-09,  7.76633e-09,  7.29806e-10,  2.27081e-09,  6.00464e-10,
00:00:14,     14582,   170.0952,  7.57386e-09,  8.11735e-09,  7.89528e-10,  2.03329e-09,  6.11982e-10,
00:00:15,     15014,   170.2274,  7.81818e-09,  8.20510e-09,  6.97556e-10,  2.28411e-09,  5.49018e-10,
00:00:15,     15446,   170.2274,  7.32955e-09,  8.58903e-09,  7.51306e-10,  2.17662e-09,  6.13518e-10,
00:00:15,     15877,   170.2274,  8.06250e-09,  8.07347e-09,  7.68028e-10,  2.10188e-09,  6.25804e-10,
00:00:16,     16309,   170.3596,  8.06250e-09,  8.65485e-09,  6.70083e-10,  2.09778e-09,  5.49786e-10,
00:00:16,     16741,   170.3596,  8.30682e-09,  8.92908e-09,  6.76056e-10,  1.92988e-09,  6.09679e-10,
00:00:17,     17172,   170.4918,  8.06250e-09,  7.44821e-09,  7.41750e-10,  1.85207e-09,  5.83571e-10,
00:00:17,     17604,   170.2274,  7.57386e-09,  7.83214e-09,  7.25028e-10,  1.86845e-09,  5.55161e-10,
00:00:18,     18036,   170.0952,  7.81818e-09,  8.39158e-09,  6.56944e-10,  2.02919e-09,  5.47482e-10,
00:00:18,     18467,   170.0952,  8.06250e-09,  8.72066e-09,  6.97556e-10,  1.96059e-09,  5.57464e-10,
00:00:18,     18899,   170.4918,  7.57386e-09,  8.01862e-09,  7.20250e-10,  1.87562e-09,  5.54393e-10,
00:00:19,     19331,   170.6241,  8.06250e-09,  7.65663e-09,  6.91583e-10,  1.83159e-09,  5.18304e-10,
00:00:19,     19762,   170.4918,  7.81818e-09,  7.90893e-09,  6.92778e-10,  1.71078e-09,  5.36732e-10,
00:00:20,     20194,   170.4918,  7.57386e-09,  7.62372e-09,  7.36972e-10,  1.83364e-09,  5.49018e-10,
00:00:20,     20626,   170.4918,  7.81818e-09,  8.10638e-09,  7.44139e-10,  1.62478e-09,  5.40571e-10,
00:00:21,     21057,   170.4918,  7.81818e-09,  7.65663e-09,  6.91583e-10,  1.77221e-09,  4.99107e-10,
00:00:21,     21471,   170.3596,  8.06250e-09,  7.95281e-09,  7.33389e-10,  1.72410e-09,  5.09089e-10,
00:00:21,     21902,   170.4918,  8.06250e-09,  8.65485e-09,  6.76056e-10,  1.74252e-09,  5.02179e-10,
00:00:22,     22334,   170.3596,  7.32955e-09,  8.38061e-09,  6.35444e-10,  1.68826e-09,  4.59946e-10,
00:00:22,     22766,   170.6241,  7.57386e-09,  7.75536e-09,  6.59333e-10,  1.67392e-09,  5.28286e-10,
00:00:23,     23197,   170.4918,  7.57386e-09,  7.15204e-09,  5.75722e-10,  1.69543e-09,  5.42107e-10,
00:00:23,     23629,   170.3596,  7.32955e-09,  7.43724e-09,  6.04389e-10,  1.73433e-09,  5.65143e-10,
00:00:24,     24061,   170.4918,  7.81818e-09,  6.88878e-09,  6.29472e-10,  1.74559e-09,  5.66679e-10,
00:00:24,     24492,   170.6241,  8.06250e-09,  7.70051e-09,  6.24694e-10,  1.68416e-09,  5.35964e-10,
00:00:24,     24924,   170.4918,  8.30682e-09,  7.73342e-09,  6.45000e-10,  1.73843e-09,  4.79143e-10,
00:00:25,     25356,   170.6241,  7.57386e-09,  7.59082e-09,  6.40222e-10,  1.55414e-09,  4.79911e-10,
00:00:25,     25787,   170.7563,  7.81818e-09,  7.72245e-09,  6.17528e-10,  1.80088e-09,  4.56875e-10,
00:00:26,     26219,   170.4918,  7.81818e-09,  8.10638e-09,  6.33056e-10,  1.66369e-09,  5.38268e-10,
00:00:26,     26651,   170.4918,  7.81818e-09,  7.93087e-09,  6.41417e-10,  1.54902e-09,  5.18304e-10,
00:00:27,     27082,   170.4918,  7.57386e-09,  7.21786e-09,  6.86806e-10,  1.72716e-09,  4.79143e-10,
00:00:27,     27514,   170.6241,  7.32955e-09,  7.52500e-09,  7.09500e-10,  1.65243e-09,  5.44411e-10,
00:00:27,     27946,   170.4918,  7.57386e-09,  7.97474e-09,  5.84083e-10,  1.67802e-09,  5.49018e-10,
00:00:28,     28377,   170.3596,  7.57386e-09,  8.32577e-09,  7.59667e-10,  1.96571e-09,  5.66679e-10,
00:00:28,     28809,   171.0207,  7.81818e-09,  8.49031e-09,  6.78444e-10,  2.76940e-09,  6.04304e-10,
00:00:29,     29241,   170.8885,  8.30682e-09,  8.11735e-09,  7.05917e-10,  2.95573e-09,  5.72054e-10,
00:00:29,     29672,   171.4174,  7.81818e-09,  7.48112e-09,  9.57944e-10,  2.49092e-09,  6.09679e-10,
00:00:30,     30104,   172.2108,  9.77273e-09,  8.10638e-09,  1.24102e-09,  2.04967e-09,  6.91071e-10,
00:00:30,     30536,   173.6653,  1.19716e-08,  7.62372e-09,  1.36406e-09,  2.00667e-09,  7.55571e-10,
00:00:30,     30967,   174.8553,  1.61250e-08,  8.24898e-09,  1.23863e-09,  1.87971e-09,  7.83214e-10,
00:00:31,     31399,   176.9709,  2.36989e-08,  7.65663e-09,  9.84222e-10,  1.77938e-09,  7.65550e-10,
00:00:31,     31831,   179.4832,  3.49375e-08,  8.90714e-09,  9.07778e-10,  1.70567e-09,  7.35607e-10,
00:00:32,     32262,   182.2600,  4.30000e-08,  8.29286e-09,  8.80306e-10,  1.59305e-09,  7.06429e-10,
00:00:32,     32694,   185.1689,  4.64205e-08,  7.54694e-09,  7.60861e-10,  1.69645e-09,  6.87232e-10,
00:00:33,     33126,   188.7390,  4.95966e-08,  7.55791e-09,  7.84750e-10,  1.57667e-09,  6.40393e-10,
00:00:33,     33557,   192.0447,  4.69091e-08,  7.53597e-09,  7.81167e-10,  1.53776e-09,  6.49607e-10,
00:00:33,     33989,   195.3504,  4.34886e-08,  7.14107e-09,  7.48917e-10,  1.58997e-09,  5.29054e-10,
00:00:34,     34421,   198.3916,  3.93352e-08,  7.60179e-09,  7.26222e-10,  1.55619e-09,  5.49786e-10,
00:00:34,     34852,   201.5650,  3.56705e-08,  7.38240e-09,  6.79639e-10,  1.52138e-09,  6.43464e-10,
00:00:35,     35284,   204.2095,  3.12727e-08,  7.34949e-09,  6.21111e-10,  1.57257e-09,  5.06018e-10,
00:00:35,     35716,   206.5896,  2.78523e-08,  7.30561e-09,  7.01139e-10,  1.50090e-09,  5.52857e-10,
00:00:36,     36147,   208.7052,  2.63864e-08,  7.52500e-09,  6.86806e-10,  1.51626e-09,  5.55929e-10,
00:00:36,     36579,   210.4241,  2.44318e-08,  6.96556e-09,  6.17528e-10,  1.46507e-09,  4.73768e-10,
00:00:37,     37011,   212.1431,  2.32102e-08,  7.40434e-09,  7.34583e-10,  1.50090e-09,  4.85286e-10,
00:00:37,     37442,   213.8620,  2.24773e-08,  6.63648e-09,  6.02000e-10,  1.55824e-09,  5.06018e-10,
00:00:37,     37874,   215.7132,  2.12557e-08,  7.28367e-09,  6.34250e-10,  1.44562e-09,  4.51500e-10,
00:00:38,     38306,   216.7710,  2.12557e-08,  8.05153e-09,  5.97222e-10,  1.55619e-09,  4.77607e-10,
00:00:38,     38737,   218.2255,  2.12557e-08,  6.92168e-09,  5.80500e-10,  1.59305e-09,  5.76661e-10,
00:00:39,     39169,   219.5477,  2.12557e-08,  6.64745e-09,  6.00806e-10,  1.48452e-09,  5.32125e-10,
00:00:39,     39601,   220.7378,  2.07670e-08,  6.86684e-09,  5.73333e-10,  1.51524e-09,  5.10625e-10,
00:00:40,     40032,   222.0600,  2.19886e-08,  6.99847e-09,  5.91250e-10,  1.63400e-09,  5.92786e-10,
00:00:40,     40464,   223.3823,  2.36989e-08,  6.83393e-09,  6.16333e-10,  1.49067e-09,  5.29821e-10,
00:00:40,     40896,   224.0434,  2.36989e-08,  6.84490e-09,  6.27083e-10,  1.55926e-09,  5.72821e-10,
00:00:41,     41327,   225.7624,  2.51648e-08,  7.04235e-09,  6.13944e-10,  1.44357e-09,  5.54393e-10,
00:00:41,     41741,   226.9524,  2.71193e-08,  6.54872e-09,  7.35778e-10,  1.48350e-09,  5.08321e-10,
00:00:42,     42172,   228.5391,  2.83409e-08,  7.06429e-09,  6.64111e-10,  1.52650e-09,  4.98339e-10,
00:00:42,     42604,   229.8614,  2.90739e-08,  7.25077e-09,  6.62917e-10,  1.49373e-09,  5.53625e-10,
00:00:43,     43036,   231.9770,  2.93182e-08,  7.94184e-09,  7.19056e-10,  1.56335e-09,  5.80500e-10,
00:00:43,     43467,   233.6959,  2.83409e-08,  6.99847e-09,  7.36972e-10,  1.54595e-09,  5.74357e-10,
00:00:43,     43899,   235.2827,  2.73636e-08,  6.95459e-09,  8.09833e-10,  1.51524e-09,  5.98161e-10,
00:00:44,     44331,   237.1338,  2.63864e-08,  7.06429e-09,  7.48917e-10,  1.51319e-09,  5.71286e-10,
00:00:44,     44762,   239.2494,  2.56534e-08,  7.31658e-09,  7.77583e-10,  1.58076e-09,  5.34429e-10,
00:00:45,     45194,   241.2328,  2.39432e-08,  7.54694e-09,  8.21778e-10,  1.46507e-09,  5.84339e-10,
00:00:45,     45626,   243.2162,  2.29659e-08,  6.98750e-09,  8.17000e-10,  1.48452e-09,  6.22732e-10,
00:00:46,     46057,   245.1996,  2.10114e-08,  7.56888e-09,  8.52833e-10,  1.53367e-09,  4.91429e-10,
00:00:46,     46489,   247.4475,  2.17443e-08,  7.04235e-09,  8.64778e-10,  1.46610e-09,  5.36732e-10,
00:00:46,     46921,   249.2986,  1.90568e-08,  6.62551e-09,  9.00611e-10,  1.51933e-09,  5.69750e-10,
00:00:47,     47352,   250.8853,  1.90568e-08,  6.25255e-09,  8.68361e-10,  1.51216e-09,  5.37500e-10,
00:00:47,     47784,   253.0010,  1.83239e-08,  6.97653e-09,  8.75528e-10,  1.44050e-09,  5.38268e-10,
00:00:48,     48216,   254.8521,  1.73466e-08,  7.43724e-09,  8.97028e-10,  1.56233e-09,  4.96804e-10,
00:00:48,     48647,   256.8355,  1.75909e-08,  7.05332e-09,  9.04194e-10,  1.55926e-09,  5.07554e-10,
00:00:49,     49079,   258.5545,  1.75909e-08,  6.60357e-09,  1.02722e-09,  1.51421e-09,  5.44411e-10,
00:00:49,     49511,   260.1412,  1.63693e-08,  7.37143e-09,  9.87806e-10,  1.48452e-09,  6.03536e-10,
00:00:49,     49942,   261.9923,  1.68580e-08,  6.89974e-09,  1.01050e-09,  1.50500e-09,  5.64375e-10,
00:00:50,     50374,   263.4468,  1.71023e-08,  6.96556e-09,  1.06903e-09,  1.40773e-09,  5.01411e-10,
00:00:50,     50806,   265.2980,  1.66136e-08,  6.16480e-09,  8.85083e-10,  1.37497e-09,  5.46714e-10,
00:00:51,     51237,   266.8847,  1.71023e-08,  6.48291e-09,  1.08217e-09,  1.52240e-09,  5.37500e-10,
00:00:51,     51669,   268.4714,  1.68580e-08,  5.82474e-09,  1.03081e-09,  1.51319e-09,  5.81268e-10,
00:00:52,     52101,   269.7937,  1.66136e-08,  5.95638e-09,  9.93778e-10,  1.48964e-09,  5.38268e-10,
00:00:52,     52532,   271.6449,  1.66136e-08,  6.17577e-09,  1.15622e-09,  1.52035e-09,  5.73589e-10,
00:00:52,     52964,   273.3638,  1.63693e-08,  6.49388e-09,  1.18847e-09,  1.60430e-09,  5.59768e-10,
00:00:53,     53396,   274.6861,  1.66136e-08,  6.37321e-09,  1.13233e-09,  1.51319e-09,  5.91250e-10,
00:00:53,     53827,   276.5372,  1.63693e-08,  5.85765e-09,  1.03558e-09,  1.57564e-09,  5.59000e-10,
00:00:54,     54259,   278.3884,  1.71023e-08,  6.46097e-09,  1.03439e-09,  1.54800e-09,  5.29821e-10,
00:00:54,     54691,   279.9751,  1.68580e-08,  6.66939e-09,  1.17056e-09,  1.51421e-09,  5.10625e-10,
00:00:55,     55122,   281.9585,  1.73466e-08,  6.51582e-09,  1.00931e-09,  1.60738e-09,  5.98161e-10,
00:00:55,     55554,   283.2807,  1.73466e-08,  6.26352e-09,  1.12039e-09,  1.49067e-09,  5.70518e-10,
00:00:55,     55986,   285.1319,  1.73466e-08,  6.54872e-09,  1.13711e-09,  1.62683e-09,  5.80500e-10,
00:00:56,     56417,   286.5864,  1.73466e-08,  6.66939e-09,  1.24580e-09,  1.53878e-09,  6.09679e-10,
00:00:56,     56849,   288.3053,  1.75909e-08,  6.12092e-09,  1.02842e-09,  1.36986e-09,  5.75893e-10,
00:00:57,     57281,   290.6854,  1.71023e-08,  7.33852e-09,  1.12278e-09,  1.45381e-09,  5.40571e-10,
00:00:57,     57712,   292.5366,  1.80795e-08,  6.85587e-09,  1.06783e-09,  1.40467e-09,  5.43643e-10,
00:00:58,     58144,   294.3877,  1.78352e-08,  6.69133e-09,  1.04872e-09,  1.50807e-09,  5.25214e-10,
00:00:58,     58576,   295.9745,  1.75909e-08,  5.23240e-09,  9.67500e-10,  1.57564e-09,  4.73768e-10,
00:00:59,     59007,   297.9578,  1.78352e-08,  6.49388e-09,  9.43611e-10,  1.57154e-09,  5.11393e-10,
00:00:59,     59439,   299.8090,  1.78352e-08,  5.68214e-09,  8.91056e-10,  1.48759e-09,  5.78196e-10,
00:00:59,     59871,   301.1313,  1.83239e-08,  6.01122e-09,  9.08972e-10,  1.45586e-09,  5.09857e-10,
00:01:00,     60302,   302.9824,  1.83239e-08,  5.98929e-09,  9.50778e-10,  1.49681e-09,  5.56696e-10,
00:01:00,     60734,   304.4369,  1.93011e-08,  5.91250e-09,  7.89528e-10,  1.49067e-09,  5.77429e-10,
00:01:01,     61166,   306.2881,  1.88125e-08,  6.37321e-09,  8.50444e-10,  1.61454e-09,  5.67446e-10,
00:01:01,     61597,   308.2715,  1.90568e-08,  6.00026e-09,  7.64444e-10,  1.63092e-09,  5.49018e-10,
00:01:02,     62029,   309.7260,  1.97898e-08,  6.12092e-09,  7.90722e-10,  1.44357e-09,  5.49786e-10,
00:01:02,     62461,   311.5771,  1.97898e-08,  6.58163e-09,  7.53694e-10,  1.48964e-09,  4.59946e-10,
00:01:02,     62874,   313.1639,  2.10114e-08,  5.68214e-09,  7.38167e-10,  1.43230e-09,  5.48250e-10,
00:01:03,     63306,   314.8828,  2.12557e-08,  6.42806e-09,  7.63250e-10,  1.49373e-09,  5.80500e-10,
00:01:03,     63737,   316.8662,  2.17443e-08,  5.97832e-09,  6.85611e-10,  1.49373e-09,  5.43643e-10,
00:01:04,     64169,   318.5851,  2.32102e-08,  5.39694e-09,  6.71278e-10,  1.51524e-09,  5.12929e-10,
00:01:04,     64601,   320.1719,  2.36989e-08,  5.56148e-09,  6.42611e-10,  1.54492e-09,  5.43643e-10,
00:01:05,     65032,   321.8908,  2.39432e-08,  6.24158e-09,  6.27083e-10,  1.52343e-09,  4.49964e-10,
00:01:05,     65464,   323.6097,  2.44318e-08,  6.18673e-09,  6.10361e-10,  1.55926e-09,  5.18304e-10,
00:01:05,     65896,   324.9320,  2.49205e-08,  5.85765e-09,  5.88861e-10,  1.55721e-09,  5.22143e-10,
00:01:06,     66327,   326.7832,  2.61420e-08,  6.77908e-09,  6.16333e-10,  1.39954e-09,  4.41518e-10,
00:01:06,     66759,   328.6343,  2.66307e-08,  4.87041e-09,  5.81694e-10,  1.39852e-09,  5.24446e-10,
00:01:07,     67191,   330.4855,  2.56534e-08,  5.53954e-09,  5.84083e-10,  1.49783e-09,  5.22911e-10,
00:01:07,     67622,   332.3367,  2.58977e-08,  5.34209e-09,  5.72139e-10,  1.40159e-09,  5.38268e-10,
00:01:08,     68054,   333.7912,  2.66307e-08,  5.84668e-09,  6.15139e-10,  1.39750e-09,  5.10625e-10,
00:01:08,     68486,   335.6423,  2.71193e-08,  6.12092e-09,  5.90056e-10,  1.39648e-09,  5.36732e-10,
00:01:08,     68917,   337.4935,  2.76080e-08,  5.86862e-09,  5.43472e-10,  1.38930e-09,  4.91429e-10,
00:01:09,     69349,   338.9480,  2.80966e-08,  6.02219e-09,  5.76917e-10,  1.44050e-09,  5.41339e-10,
00:01:09,     69781,   340.6669,  2.85852e-08,  4.55230e-09,  4.83750e-10,  1.46405e-09,  4.98339e-10,
00:01:10,     70212,   342.5181,  2.88295e-08,  6.21964e-09,  5.42278e-10,  1.45586e-09,  4.19250e-10,
00:01:10,     70644,   344.2370,  2.95625e-08,  4.83750e-09,  5.63778e-10,  1.55926e-09,  4.77607e-10,
00:01:11,     71076,   346.0882,  2.90739e-08,  5.63827e-09,  4.68222e-10,  1.56848e-09,  4.96036e-10,
00:01:11,     71507,   347.8071,  3.00511e-08,  5.46276e-09,  4.90917e-10,  1.40262e-09,  5.19071e-10,
00:01:11,     71939,   349.2616,  3.07841e-08,  5.98929e-09,  5.55417e-10,  1.52138e-09,  5.02179e-10,
00:01:12,     72371,   351.1128,  3.27386e-08,  5.45179e-09,  5.29139e-10,  1.44562e-09,  5.50554e-10,
00:01:12,     72802,   353.0962,  3.46932e-08,  6.02219e-09,  5.47056e-10,  1.34938e-09,  5.12929e-10,
00:01:13,     73234,   354.5506,  3.68920e-08,  5.60536e-09,  4.34778e-10,  1.36883e-09,  5.32893e-10,
00:01:13,     73666,   356.4018,  3.95795e-08,  4.78265e-09,  5.45861e-10,  1.48759e-09,  5.42107e-10,
00:01:14,     74097,   357.8563,  4.03125e-08,  6.10995e-09,  5.47056e-10,  1.44152e-09,  5.17536e-10,
00:01:14,     74529,   359.9719,  4.25114e-08,  5.38597e-09,  5.47056e-10,  1.40364e-09,  5.42107e-10,
00:01:14,     74961,   361.6909,  4.32443e-08,  5.47372e-09,  4.83750e-10,  1.29307e-09,  4.98339e-10,
00:01:15,     75392,   363.4098,  4.44659e-08,  6.23061e-09,  5.19583e-10,  1.39545e-09,  6.02000e-10,
00:01:15,     75824,   365.7899,  4.51989e-08,  6.14286e-09,  5.12417e-10,  1.36064e-09,  5.47482e-10,
00:01:16,     76256,   367.2444,  4.37330e-08,  5.36403e-09,  5.27944e-10,  1.32992e-09,  5.82036e-10,
00:01:16,     76669,   368.8311,  4.47102e-08,  5.22143e-09,  5.27944e-10,  1.39135e-09,  5.34429e-10,
00:01:17,     77082,   370.4178,  4.42216e-08,  6.09898e-09,  5.13611e-10,  1.45381e-09,  5.46714e-10,
00:01:17,     77514,   372.1367,  4.42216e-08,  5.47372e-09,  4.92111e-10,  1.37907e-09,  5.33661e-10,
00:01:17,     77946,   373.8557,  4.22670e-08,  5.97832e-09,  5.43472e-10,  1.34733e-09,  5.31357e-10,
00:01:18,     78377,   375.4424,  4.12898e-08,  4.89235e-09,  4.99278e-10,  1.37600e-09,  5.92786e-10,
00:01:18,     78791,   377.1613,  3.78693e-08,  4.67296e-09,  4.84944e-10,  1.32686e-09,  5.41339e-10,
00:01:19,     79222,   378.7480,  3.27386e-08,  5.76990e-09,  5.51833e-10,  1.32378e-09,  5.41339e-10,
00:01:19,     79654,   380.4670,  2.93182e-08,  4.91429e-09,  4.65833e-10,  1.35143e-09,  5.23679e-10,
00:01:20,     80086,   382.0537,  2.71193e-08,  5.41888e-09,  5.53028e-10,  1.43948e-09,  5.25982e-10,
00:01:20,     80517,   383.9049,  2.32102e-08,  5.50663e-09,  5.11222e-10,  1.39750e-09,  5.18304e-10,
00:01:20,     80949,   385.8883,  2.07670e-08,  5.58342e-09,  5.21972e-10,  1.32890e-09,  4.70696e-10,
00:01:21,     81381,   387.3427,  1.80795e-08,  5.76990e-09,  5.37500e-10,  1.46200e-09,  5.14464e-10,
00:01:21,     81812,   388.7972,  1.61250e-08,  6.58163e-09,  5.66167e-10,  1.43435e-09,  4.97571e-10,
00:01:22,     82244,   390.6484,  1.49034e-08,  6.09898e-09,  4.81361e-10,  1.50705e-09,  5.41339e-10,
00:01:22,     82676,   392.6318,  1.31932e-08,  4.98010e-09,  4.59861e-10,  1.40569e-09,  4.99107e-10,
00:01:23,     83107,   394.2185,  1.27045e-08,  6.36224e-09,  5.16000e-10,  1.49578e-09,  4.86054e-10,
00:01:23,     83539,   395.6730,  1.14830e-08,  5.94541e-09,  5.23167e-10,  1.41592e-09,  4.55339e-10,
00:01:23,     83971,   397.5242,  1.09943e-08,  5.45179e-09,  4.25222e-10,  1.44767e-09,  5.09089e-10,
00:01:24,     84402,   399.3753,  1.09943e-08,  6.47194e-09,  4.82556e-10,  1.42310e-09,  4.70696e-10,
00:01:24,     84834,   400.8298,  9.77273e-09,  5.79184e-09,  4.88528e-10,  1.40159e-09,  4.77607e-10,
00:01:25,     85266,   402.6810,  9.77273e-09,  5.56148e-09,  4.07306e-10,  1.40773e-09,  4.93732e-10,
00:01:25,     85697,   404.6644,  9.52841e-09,  5.80281e-09,  4.90917e-10,  1.41286e-09,  4.99107e-10,
00:01:26,     86129,   406.2511,  9.03977e-09,  5.40791e-09,  5.23167e-10,  1.46097e-09,  4.67625e-10,
00:01:26,     86561,   407.9700,  8.55114e-09,  5.78087e-09,  5.44667e-10,  1.46610e-09,  5.28286e-10,
00:01:26,     86992,   409.9534,  8.55114e-09,  6.10995e-09,  4.88528e-10,  1.59714e-09,  5.64375e-10,
00:01:27,     87424,   411.6724,  8.06250e-09,  5.06786e-09,  4.52694e-10,  1.50602e-09,  5.01411e-10,
00:01:27,     87856,   413.3913,  8.06250e-09,  5.80281e-09,  4.82556e-10,  1.40978e-09,  4.93732e-10,
00:01:28,     88287,   415.1102,  8.30682e-09,  5.22143e-09,  5.24361e-10,  1.50807e-09,  4.94500e-10,
00:01:28,     88719,   416.8292,  8.30682e-09,  5.00204e-09,  5.35111e-10,  1.46405e-09,  5.50554e-10,
00:01:29,     89151,   418.5481,  7.57386e-09,  4.58520e-09,  4.96889e-10,  1.55824e-09,  5.02179e-10,
00:01:29,     89582,   420.2671,  8.06250e-09,  4.81556e-09,  5.47056e-10,  1.52957e-09,  5.02179e-10,
00:01:30,     90014,   421.8538,  7.57386e-09,  5.27628e-09,  4.25222e-10,  1.50807e-09,  4.90661e-10,
00:01:30,     90446,   423.4405,  7.57386e-09,  5.81378e-09,  4.58667e-10,  1.55516e-09,  5.06786e-10,
00:01:30,     90877,   425.0272,  7.32955e-09,  5.14464e-09,  5.32722e-10,  1.59919e-09,  5.47482e-10,
00:01:31,     91309,   427.0106,  7.81818e-09,  4.46454e-09,  5.08833e-10,  1.42002e-09,  4.62250e-10,
00:01:31,     91741,   428.8617,  7.08523e-09,  4.62908e-09,  4.67028e-10,  1.55311e-09,  5.59768e-10,
00:01:32,     92172,   430.4485,  6.84091e-09,  4.74974e-09,  4.95694e-10,  1.60124e-09,  5.12161e-10,
00:01:32,     92604,   432.0352,  7.08523e-09,  5.47372e-09,  4.78972e-10,  1.58588e-09,  5.32125e-10,
00:01:33,     93036,   434.0186,  7.08523e-09,  5.16658e-09,  4.88528e-10,  1.54492e-09,  5.18304e-10,
00:01:33,     93467,   435.6053,  6.84091e-09,  5.18852e-09,  5.17194e-10,  1.68621e-09,  5.07554e-10,
00:01:33,     93899,   437.7209,  7.32955e-09,  5.29821e-09,  4.77778e-10,  1.70157e-09,  5.27518e-10,
00:01:34,     94331,   439.0432,  7.32955e-09,  4.69490e-09,  5.17194e-10,  1.70157e-09,  5.37500e-10,
00:01:34,     94762,   440.8943,  7.32955e-09,  4.73878e-09,  4.71806e-10,  1.77221e-09,  5.53625e-10,
00:01:35,     95194,   442.4810,  7.57386e-09,  4.67296e-09,  5.29139e-10,  1.74662e-09,  4.91429e-10,
00:01:35,     95607,   444.4644,  7.32955e-09,  4.16837e-09,  4.99278e-10,  1.94421e-09,  5.45946e-10,
00:01:36,     96039,   445.9189,  7.08523e-09,  4.27806e-09,  5.37500e-10,  1.91657e-09,  4.83750e-10,
00:01:36,     96471,   447.7701,  7.08523e-09,  5.16658e-09,  4.76583e-10,  2.02611e-09,  4.98339e-10,
00:01:36,     96903,   449.3568,  6.84091e-09,  4.30000e-09,  5.10028e-10,  2.08959e-09,  5.32125e-10,
00:01:37,     97334,   451.0758,  7.57386e-09,  4.19031e-09,  5.27944e-10,  2.32097e-09,  5.22911e-10,
00:01:37,     97766,   452.6625,  7.08523e-09,  4.64005e-09,  4.49111e-10,  2.35476e-09,  4.95268e-10,
00:01:38,     98197,   454.3814,  7.32955e-09,  4.00383e-09,  4.58667e-10,  2.44895e-09,  5.83571e-10,
00:01:38,     98629,   456.3648,  6.84091e-09,  4.64005e-09,  4.63444e-10,  2.58921e-09,  5.69750e-10,
00:01:39,     99061,   457.9515,  7.08523e-09,  5.21046e-09,  5.14806e-10,  2.52573e-09,  4.92964e-10,
00:01:39,     99492,   459.6705,  7.32955e-09,  4.90332e-09,  4.28806e-10,  2.77759e-09,  5.14464e-10,
00:01:39,     99924,   461.9183,  7.32955e-09,  4.20128e-09,  4.46722e-10,  2.83492e-09,  5.27518e-10,
00:01:40,    100356,   463.5050,  6.84091e-09,  4.72781e-09,  4.14472e-10,  2.87895e-09,  4.71464e-10,
00:01:40,    100787,   465.3562,  6.84091e-09,  4.85944e-09,  4.93306e-10,  3.07859e-09,  4.67625e-10,
00:01:41,    101201,   467.0751,  6.84091e-09,  4.80459e-09,  4.75389e-10,  2.97211e-09,  5.31357e-10,
00:01:41,    101632,   469.0585,  6.84091e-09,  4.68393e-09,  4.61056e-10,  2.98543e-09,  5.09857e-10,
00:01:42,    102064,   470.7775,  6.84091e-09,  4.77168e-09,  4.96889e-10,  2.92092e-09,  4.89893e-10,
00:01:42,    102496,   472.4964,  6.84091e-09,  4.40969e-09,  4.90917e-10,  3.18610e-09,  4.48429e-10,
00:01:42,    102927,   473.6864,  7.32955e-09,  4.69490e-09,  5.12417e-10,  3.00590e-09,  5.06018e-10,
00:01:43,    103359,   475.6698,  7.08523e-09,  5.18852e-09,  4.64639e-10,  3.21067e-09,  5.08321e-10,
00:01:43,    103791,   477.3888,  6.59659e-09,  4.25612e-09,  4.51500e-10,  3.15333e-09,  5.30589e-10,
00:01:44,    104222,   479.1077,  6.84091e-09,  5.04592e-09,  5.10028e-10,  3.21476e-09,  4.92196e-10,
00:01:44,    104654,   480.8267,  6.59659e-09,  4.66199e-09,  4.86139e-10,  3.11238e-09,  4.79911e-10,
00:01:45,    105086,   482.1489,  6.84091e-09,  5.21046e-09,  4.35972e-10,  3.27107e-09,  4.50732e-10,
00:01:45,    105517,   484.1323,  6.84091e-09,  4.76071e-09,  4.83750e-10,  3.19940e-09,  5.22143e-10,
00:01:45,    105949,   485.7190,  7.32955e-09,  5.11173e-09,  4.98083e-10,  3.32329e-09,  4.22321e-10,
00:01:46,    106381,   487.4380,  7.08523e-09,  5.44082e-09,  4.52694e-10,  3.26186e-09,  4.56107e-10,
00:01:46,    106812,   489.2891,  7.32955e-09,  4.21224e-09,  4.24028e-10,  3.22602e-09,  5.00643e-10,
00:01:47,    107244,   491.0080,  7.08523e-09,  4.76071e-09,  4.98083e-10,  3.45024e-09,  4.89125e-10,
00:01:47,    107676,   492.5948,  6.59659e-09,  4.72781e-09,  4.87333e-10,  3.15129e-09,  4.86821e-10,
00:01:48,    108089,   494.1815,  6.84091e-09,  4.02577e-09,  3.90583e-10,  3.30486e-09,  5.23679e-10,
00:01:48,    108521,   496.0326,  7.32955e-09,  4.68393e-09,  5.30333e-10,  3.26492e-09,  4.59946e-10,
00:01:48,    108952,   497.7516,  7.08523e-09,  4.17934e-09,  4.32389e-10,  3.24343e-09,  5.09857e-10,
00:01:49,    109384,   499.7350,  6.59659e-09,  4.37679e-09,  4.89722e-10,  3.30792e-09,  5.01411e-10,
00:01:49,    109816,   501.3217,  6.84091e-09,  4.32194e-09,  4.98083e-10,  3.33967e-09,  4.31536e-10,
00:01:50,    110247,   503.3051,  6.84091e-09,  3.61990e-09,  4.82556e-10,  2.93629e-09,  4.68393e-10,
00:01:50,    110679,   504.7596,  6.59659e-09,  4.47551e-09,  5.57806e-10,  2.93116e-09,  4.88357e-10,
00:01:51,    111111,   506.6107,  7.08523e-09,  3.67474e-09,  3.81028e-10,  3.00488e-09,  4.70696e-10,
00:01:51,    111524,   508.0652,  6.35227e-09,  4.33291e-09,  4.14472e-10,  2.97519e-09,  4.77607e-10,
00:01:51,    111956,   509.7842,  6.35227e-09,  4.36582e-09,  3.92972e-10,  2.75916e-09,  5.10625e-10,
00:01:52,    112387,   511.6353,  7.08523e-09,  4.27806e-09,  4.58667e-10,  2.81752e-09,  4.92964e-10,
00:01:52,    112819,   513.0898,  6.84091e-09,  4.44260e-09,  3.96556e-10,  2.75302e-09,  4.53036e-10,
00:01:53,    113232,   514.9410,  6.35227e-09,  4.50842e-09,  5.12417e-10,  2.78578e-09,  5.12929e-10,
00:01:53,    113664,   517.0566,  6.84091e-09,  4.05867e-09,  4.45528e-10,  2.52062e-09,  5.16000e-10,
00:01:54,    114096,   518.5111,  6.59659e-09,  4.44260e-09,  4.57472e-10,  2.58819e-09,  4.59946e-10,
00:01:54,    114527,   520.0978,  6.59659e-09,  3.48827e-09,  5.08833e-10,  2.40186e-09,  4.92964e-10,
00:01:54,    114959,   521.9490,  6.59659e-09,  4.04770e-09,  4.31194e-10,  2.37626e-09,  4.26161e-10,
00:01:55,    115391,   523.8001,  6.84091e-09,  4.48648e-09,  4.19250e-10,  2.28105e-09,  4.17714e-10,
00:01:55,    115822,   525.3869,  6.10795e-09,  4.11352e-09,  4.78972e-10,  2.28821e-09,  4.93732e-10,
00:01:56,    116254,   527.1058,  7.08523e-09,  3.98189e-09,  4.76583e-10,  2.20630e-09,  4.66857e-10,
00:01:56,    116686,   528.8247,  6.59659e-09,  4.04770e-09,  4.32389e-10,  2.16638e-09,  5.27518e-10,
00:01:57,    117117,   530.5437,  6.84091e-09,  4.77168e-09,  4.74194e-10,  2.01178e-09,  4.30768e-10,
00:01:57,    117549,   532.1304,  6.35227e-09,  3.81735e-09,  5.14806e-10,  1.95138e-09,  5.12929e-10,
00:01:57,    117981,   534.1138,  6.84091e-09,  4.05867e-09,  4.64639e-10,  1.88586e-09,  4.69929e-10,
00:01:58,    118412,   535.8327,  6.84091e-09,  4.30000e-09,  4.34778e-10,  1.99540e-09,  4.74536e-10,
00:01:58,    118844,   537.4195,  6.84091e-09,  3.86122e-09,  5.14806e-10,  1.94421e-09,  5.21375e-10,
00:01:59,    119276,   539.2706,  6.59659e-09,  5.10077e-09,  3.96556e-10,  1.89200e-09,  4.54571e-10,
00:01:59,    119707,   540.9895,  6.59659e-09,  3.79541e-09,  4.38361e-10,  1.76402e-09,  4.46125e-10,
00:02:00,    120139,   542.9729,  6.35227e-09,  4.35485e-09,  4.90917e-10,  1.85105e-09,  4.39982e-10,
00:02:00,    120571,   544.5597,  6.10795e-09,  4.31097e-09,  4.56278e-10,  1.78348e-09,  4.27696e-10,
00:02:01,    121002,   546.2786,  6.10795e-09,  3.81735e-09,  4.46722e-10,  1.89507e-09,  4.34607e-10,
00:02:01,    121434,   548.1298,  6.84091e-09,  3.89413e-09,  4.28806e-10,  1.69748e-09,  4.13107e-10,
00:02:01,    121866,   549.7165,  6.59659e-09,  3.80638e-09,  5.38694e-10,  1.73535e-09,  4.60714e-10,
00:02:02,    122297,   551.4354,  7.08523e-09,  3.60893e-09,  4.77778e-10,  1.62786e-09,  4.30000e-10,
00:02:02,    122729,   553.2866,  6.59659e-09,  3.42245e-09,  4.50306e-10,  1.76505e-09,  4.96804e-10,
00:02:03,    123161,   554.8733,  6.84091e-09,  4.06964e-09,  4.47917e-10,  1.70873e-09,  5.11393e-10,
00:02:03,    123592,   556.4600,  6.59659e-09,  3.54311e-09,  4.84944e-10,  1.71692e-09,  4.53036e-10,
00:02:04,    124024,   558.1789,  6.59659e-09,  3.65281e-09,  5.07639e-10,  1.67802e-09,  4.46125e-10,
00:02:04,    124456,   560.1623,  6.59659e-09,  4.02577e-09,  4.71806e-10,  1.71181e-09,  4.67625e-10,
00:02:04,    124887,   561.7490,  6.84091e-09,  3.68571e-09,  5.41083e-10,  1.69952e-09,  4.90661e-10,
00:02:05,    125319,   563.3358,  6.59659e-09,  3.00561e-09,  4.73000e-10,  1.66573e-09,  4.21554e-10,
00:02:05,    125751,   565.3192,  6.59659e-09,  4.36582e-09,  4.90917e-10,  1.68826e-09,  4.21554e-10,
00:02:06,    126182,   566.7736,  6.35227e-09,  3.65281e-09,  5.57806e-10,  1.55619e-09,  4.86821e-10,
00:02:06,    126614,   568.7570,  6.35227e-09,  3.43342e-09,  5.42278e-10,  1.56950e-09,  3.99286e-10,
00:02:07,    127046,   570.0793,  6.59659e-09,  3.53214e-09,  4.73000e-10,  1.65550e-09,  5.09857e-10,
00:02:07,    127477,   572.3272,  6.84091e-09,  4.01480e-09,  4.08500e-10,  1.61659e-09,  4.23857e-10,
00:02:07,    127891,   574.0461,  6.10795e-09,  3.48827e-09,  5.14806e-10,  1.56643e-09,  4.48429e-10,
00:02:08,    128322,   575.6328,  7.32955e-09,  3.99286e-09,  4.77778e-10,  1.50602e-09,  4.51500e-10,
00:02:08,    128754,   577.2195,  6.10795e-09,  3.61990e-09,  4.40750e-10,  1.64629e-09,  4.42286e-10,
00:02:09,    129186,   578.9384,  6.35227e-09,  3.32372e-09,  4.38361e-10,  1.45381e-09,  4.49964e-10,
00:02:09,    129617,   580.3930,  6.35227e-09,  3.91607e-09,  4.14472e-10,  1.49271e-09,  4.22321e-10,
00:02:10,    130049,   582.6408,  6.35227e-09,  4.48648e-09,  5.29139e-10,  1.47530e-09,  4.80679e-10,
00:02:10,    130481,   584.0953,  6.84091e-09,  3.59796e-09,  4.01333e-10,  1.62376e-09,  4.46893e-10,
00:02:10,    130912,   585.8142,  6.10795e-09,  3.77347e-09,  4.45528e-10,  1.62171e-09,  4.16179e-10,
00:02:11,    131344,   587.6654,  6.59659e-09,  3.69668e-09,  4.71806e-10,  1.54595e-09,  4.29232e-10,
00:02:11,    131776,   589.2521,  6.35227e-09,  4.12449e-09,  4.53889e-10,  1.64424e-09,  4.76839e-10,
00:02:12,    132207,   590.8388,  6.59659e-09,  3.15918e-09,  4.57472e-10,  1.48145e-09,  4.70696e-10,
00:02:12,    132639,   592.8222,  6.35227e-09,  3.75153e-09,  4.82556e-10,  1.58383e-09,  4.79911e-10,
00:02:13,    133071,   594.4089,  6.59659e-09,  3.68571e-09,  4.86139e-10,  1.74048e-09,  4.74536e-10,
00:02:13,    133502,   596.2601,  6.35227e-09,  3.76250e-09,  5.24361e-10,  1.53981e-09,  4.57643e-10,
00:02:13,    133934,   598.1112,  6.10795e-09,  3.65281e-09,  4.96889e-10,  1.66267e-09,  4.15411e-10,
00:02:14,    134366,   599.6980,  6.59659e-09,  3.47730e-09,  4.82556e-10,  1.61557e-09,  4.10036e-10,
00:02:14,    134779,   601.6814,  6.10795e-09,  4.20128e-09,  5.29139e-10,  1.57462e-09,  4.72232e-10,
00:02:15,    135211,   603.4003,  6.84091e-09,  3.67474e-09,  4.99278e-10,  1.52343e-09,  4.33839e-10,
00:02:15,    135642,   605.2514,  6.10795e-09,  2.99464e-09,  4.98083e-10,  1.56950e-09,  4.76071e-10,
00:02:16,    136056,   606.8382,  6.10795e-09,  3.91607e-09,  4.58667e-10,  1.60124e-09,  4.44589e-10,
00:02:16,    136487,   608.6894,  6.59659e-09,  3.35663e-09,  4.95694e-10,  1.64730e-09,  4.40750e-10,
00:02:16,    136919,   610.1438,  6.35227e-09,  3.69668e-09,  5.13611e-10,  1.61148e-09,  4.36911e-10,
00:02:17,    137351,   612.1272,  6.35227e-09,  4.25612e-09,  4.76583e-10,  1.55926e-09,  4.21554e-10,
00:02:17,    137782,   613.5817,  6.59659e-09,  3.82832e-09,  5.12417e-10,  1.52240e-09,  4.46893e-10,
00:02:18,    138196,   615.4329,  6.59659e-09,  2.91786e-09,  5.00472e-10,  1.66267e-09,  4.62250e-10,
00:02:18,    138627,   617.0196,  6.84091e-09,  3.88316e-09,  5.00472e-10,  1.58690e-09,  4.33071e-10,
00:02:19,    139059,   618.6063,  6.59659e-09,  3.52117e-09,  4.62250e-10,  1.51114e-09,  4.28464e-10,
00:02:19,    139491,   620.4575,  6.10795e-09,  3.25791e-09,  4.98083e-10,  1.46097e-09,  4.96804e-10,
00:02:19,    139922,   622.1764,  5.86364e-09,  3.59796e-09,  4.82556e-10,  1.57973e-09,  4.73000e-10,
00:02:20,    140354,   623.7631,  6.84091e-09,  3.42245e-09,  4.70611e-10,  1.57257e-09,  4.12339e-10,
00:02:20,    140786,   625.3498,  6.59659e-09,  2.92883e-09,  4.43139e-10,  1.53571e-09,  5.06018e-10,
00:02:21,    141217,   627.0687,  6.35227e-09,  4.45357e-09,  4.88528e-10,  1.50192e-09,  4.08500e-10,
00:02:21,    141649,   629.1844,  6.35227e-09,  3.70765e-09,  4.41944e-10,  1.52343e-09,  4.23089e-10,
00:02:22,    142081,   630.9033,  6.35227e-09,  2.97270e-09,  5.07639e-10,  1.53469e-09,  4.13107e-10,
00:02:22,    142512,   632.6223,  6.10795e-09,  3.17015e-09,  5.39889e-10,  1.53162e-09,  4.99107e-10,
00:02:22,    142926,   634.3412,  6.59659e-09,  3.83929e-09,  5.45861e-10,  1.61967e-09,  4.10036e-10,
00:02:23,    143357,   635.7957,  6.10795e-09,  3.21403e-09,  5.16000e-10,  1.55619e-09,  4.36143e-10,
00:02:23,    143789,   637.6469,  6.59659e-09,  3.18112e-09,  5.68556e-10,  1.53878e-09,  4.03125e-10,
00:02:24,    144221,   639.2336,  6.35227e-09,  3.43342e-09,  5.14806e-10,  1.58281e-09,  4.23857e-10,
00:02:24,    144652,   641.0847,  6.10795e-09,  3.58699e-09,  5.57806e-10,  1.69030e-09,  4.43821e-10,
00:02:25,    145084,   642.5392,  6.10795e-09,  3.75153e-09,  5.38694e-10,  1.62273e-09,  4.56875e-10,
00:02:25,    145516,   644.5226,  7.08523e-09,  3.71862e-09,  4.63444e-10,  1.57257e-09,  4.53804e-10,
00:02:25,    145947,   646.2415,  6.10795e-09,  4.01480e-09,  5.18389e-10,  1.58997e-09,  4.52268e-10,
00:02:26,    146379,   647.9605,  5.86364e-09,  3.35663e-09,  5.43472e-10,  1.61045e-09,  4.55339e-10,
00:02:26,    146811,   649.5472,  6.10795e-09,  3.61990e-09,  4.84944e-10,  1.64424e-09,  3.96982e-10,
00:02:27,    147242,   651.3984,  6.84091e-09,  2.99464e-09,  5.18389e-10,  1.56130e-09,  4.45357e-10,
00:02:27,    147674,   652.9851,  5.86364e-09,  3.15918e-09,  5.47056e-10,  1.48657e-09,  4.09268e-10,
00:02:28,    148106,   654.7041,  6.35227e-09,  3.67474e-09,  5.01667e-10,  1.49681e-09,  4.33071e-10,
00:02:28,    148537,   656.4230,  6.59659e-09,  3.12628e-09,  4.61056e-10,  1.58076e-09,  4.56107e-10,
00:02:28,    148969,   658.1419,  6.59659e-09,  3.70765e-09,  4.86139e-10,  1.66881e-09,  4.29232e-10,
00:02:29,    149401,   660.1253,  6.35227e-09,  3.17015e-09,  5.20778e-10,  1.45790e-09,  3.50911e-10,
00:02:29,    149832,   661.5798,  6.35227e-09,  3.68571e-09,  5.08833e-10,  1.53367e-09,  4.35375e-10,
00:02:30,    150264,   663.4310,  6.59659e-09,  3.10434e-09,  5.13611e-10,  1.62171e-09,  4.40750e-10,
00:02:30,    150696,   665.1499,  6.59659e-09,  3.08240e-09,  5.06444e-10,  1.53571e-09,  4.12339e-10,
00:02:31,    151127,   667.0011,  6.10795e-09,  3.58699e-09,  5.01667e-10,  1.55414e-09,  5.16000e-10,
00:02:31,    151559,   668.7200,  6.10795e-09,  3.19209e-09,  5.64972e-10,  1.62683e-09,  4.30768e-10,
00:02:31,    151991,   670.4389,  6.10795e-09,  2.84107e-09,  5.42278e-10,  1.62581e-09,  4.34607e-10,
00:02:32,    152422,   672.1579,  6.10795e-09,  3.87219e-09,  5.53028e-10,  1.60329e-09,  3.95446e-10,
00:02:32,    152854,   673.8769,  6.10795e-09,  2.97270e-09,  5.05250e-10,  1.61454e-09,  4.34607e-10,
00:02:33,    153286,   675.5958,  6.35227e-09,  3.09337e-09,  5.29139e-10,  1.61557e-09,  4.53804e-10,
00:02:33,    153717,   677.3147,  6.35227e-09,  3.90510e-09,  5.30333e-10,  1.57462e-09,  4.39214e-10,
00:02:34,    154149,   679.1659,  6.59659e-09,  2.73138e-09,  4.82556e-10,  1.67905e-09,  4.13107e-10,
00:02:34,    154581,   680.7526,  6.59659e-09,  2.98367e-09,  5.32722e-10,  1.72921e-09,  3.98518e-10,
00:02:35,    155012,   682.6038,  6.10795e-09,  4.16837e-09,  5.47056e-10,  1.55414e-09,  4.11571e-10,
00:02:35,    155444,   683.9260,  6.35227e-09,  3.43342e-09,  5.17194e-10,  1.65754e-09,  4.49196e-10,
00:02:35,    155876,   685.7772,  6.35227e-09,  3.18112e-09,  5.56611e-10,  1.64321e-09,  4.66089e-10,
00:02:36,    156307,   687.7606,  6.10795e-09,  3.68571e-09,  5.23167e-10,  1.61045e-09,  3.85464e-10,
00:02:36,    156739,   689.4795,  6.10795e-09,  3.17015e-09,  4.32389e-10,  1.59611e-09,  4.24625e-10,
00:02:37,    157171,   691.1984,  6.35227e-09,  2.95077e-09,  5.07639e-10,  1.66164e-09,  3.74714e-10,
00:02:37,    157602,   692.9174,  6.59659e-09,  2.97270e-09,  4.74194e-10,  1.64014e-09,  4.26929e-10,
00:02:38,    158034,   694.5041,  6.59659e-09,  3.17015e-09,  5.08833e-10,  1.72921e-09,  3.76250e-10,
00:02:38,    158466,   696.2230,  6.35227e-09,  3.27985e-09,  5.30333e-10,  1.69645e-09,  3.83929e-10,
00:02:38,    158897,   698.0742,  6.35227e-09,  3.59796e-09,  5.24361e-10,  1.63911e-09,  3.91607e-10,
00:02:39,    159329,   699.6609,  6.10795e-09,  3.66378e-09,  5.31528e-10,  1.71692e-09,  4.14643e-10,
00:02:39,    159761,   701.6443,  6.35227e-09,  3.29082e-09,  5.29139e-10,  1.64526e-09,  4.51500e-10,
00:02:40,    160192,   703.2310,  6.35227e-09,  3.61990e-09,  5.02861e-10,  1.61864e-09,  4.24625e-10,
00:02:40,    160624,   705.0822,  6.35227e-09,  3.44439e-09,  5.08833e-10,  1.59816e-09,  4.62250e-10,
00:02:41,    161056,   706.6689,  5.86364e-09,  3.27985e-09,  5.21972e-10,  1.73843e-09,  4.68393e-10,
00:02:41,    161487,   708.3878,  6.35227e-09,  3.99286e-09,  5.39889e-10,  1.75686e-09,  4.54571e-10,
00:02:41,    161883,   710.1068,  6.10795e-09,  3.02755e-09,  7.21444e-10,  1.50295e-09,  4.15411e-10,
00:02:42,    162314,   711.8258,  5.86364e-09,  3.07143e-09,  6.15139e-10,  1.72102e-09,  4.74536e-10,
00:02:42,    162746,   713.6769,  6.10795e-09,  3.61990e-09,  6.09167e-10,  1.70157e-09,  4.15411e-10,
00:02:43,    163177,   715.2636,  5.86364e-09,  3.88316e-09,  5.19583e-10,  1.62376e-09,  4.50732e-10,
00:02:43,    163609,   716.8504,  6.10795e-09,  3.23597e-09,  4.93306e-10,  1.75992e-09,  3.71643e-10,
00:02:44,    164022,   718.5693,  6.10795e-09,  4.19031e-09,  5.10028e-10,  1.76197e-09,  4.28464e-10,
00:02:44,    164454,   720.4204,  6.10795e-09,  3.12628e-09,  5.75722e-10,  1.73945e-09,  4.83750e-10,
00:02:44,    164886,   722.2716,  6.10795e-09,  3.12628e-09,  6.21111e-10,  1.71897e-09,  4.16946e-10,
00:02:45,    165317,   723.8583,  6.35227e-09,  3.58699e-09,  5.10028e-10,  1.73330e-09,  3.96982e-10,
00:02:45,    165749,   725.7095,  6.59659e-09,  4.17934e-09,  4.99278e-10,  1.67597e-09,  4.16946e-10,
00:02:46,    166181,   727.2962,  5.86364e-09,  3.40051e-09,  5.04056e-10,  1.70157e-09,  4.36911e-10,
00:02:46,    166612,   728.8829,  6.35227e-09,  3.56505e-09,  5.66167e-10,  1.76607e-09,  4.38446e-10,
00:02:47,    167044,   730.9986,  6.35227e-09,  3.21403e-09,  5.19583e-10,  1.81010e-09,  3.76250e-10,
00:02:47,    167476,   732.5852,  5.86364e-09,  3.08240e-09,  5.72139e-10,  1.74354e-09,  4.44589e-10,
00:02:47,    167907,   734.1720,  6.35227e-09,  3.06046e-09,  5.91250e-10,  1.70054e-09,  4.65321e-10,
00:02:48,    168339,   735.7587,  6.10795e-09,  3.52117e-09,  4.73000e-10,  1.73945e-09,  3.71643e-10,
00:02:48,    168771,   737.6098,  5.86364e-09,  3.68571e-09,  5.04056e-10,  1.71795e-09,  4.28464e-10,
00:02:49,    169202,   739.3288,  6.10795e-09,  3.15918e-09,  6.00806e-10,  1.77119e-09,  4.24625e-10,
00:02:49,    169634,   740.5188,  5.61932e-09,  3.35663e-09,  5.61389e-10,  1.77119e-09,  3.90071e-10,
00:02:50,    170066,   742.8989,  6.35227e-09,  3.61990e-09,  4.90917e-10,  1.69235e-09,  4.18482e-10,
00:02:50,    170497,   744.6178,  5.61932e-09,  2.97270e-09,  6.02000e-10,  1.84490e-09,  4.30000e-10,
00:02:50,    170929,   746.2046,  6.35227e-09,  3.72959e-09,  6.55750e-10,  1.71590e-09,  3.87768e-10,
00:02:51,    171361,   748.0557,  5.86364e-09,  3.17015e-09,  6.04389e-10,  1.81010e-09,  4.26161e-10,
00:02:51,    171792,   749.7746,  5.86364e-09,  3.59796e-09,  6.33056e-10,  1.65243e-09,  4.10036e-10,
00:02:52,    172224,   751.3614,  5.61932e-09,  3.52117e-09,  5.73333e-10,  1.75992e-09,  3.99286e-10,
00:02:52,    172656,   753.0803,  6.59659e-09,  3.27985e-09,  6.03194e-10,  1.80600e-09,  3.87768e-10,
00:02:53,    173087,   754.7992,  5.86364e-09,  3.43342e-09,  6.54556e-10,  1.83057e-09,  4.42286e-10,
00:02:53,    173519,   756.7826,  6.59659e-09,  3.11531e-09,  5.24361e-10,  1.75583e-09,  4.16179e-10,
00:02:53,    173951,   758.6338,  6.10795e-09,  2.92883e-09,  5.55417e-10,  1.80292e-09,  3.59357e-10,
00:02:54,    174382,   760.3527,  6.35227e-09,  2.91786e-09,  5.59000e-10,  1.73126e-09,  3.99286e-10,
00:02:54,    174796,   762.0717,  6.10795e-09,  2.98367e-09,  5.81694e-10,  1.73330e-09,  4.35375e-10,
00:02:55,    175227,   763.9229,  6.35227e-09,  3.38954e-09,  5.60194e-10,  1.78654e-09,  4.43821e-10,
00:02:55,    175659,   765.7740,  6.35227e-09,  2.92883e-09,  5.16000e-10,  1.68007e-09,  4.35375e-10,
00:02:56,    176091,   767.2285,  6.10795e-09,  3.64184e-09,  6.19917e-10,  1.84081e-09,  4.26161e-10,
00:02:56,    176522,   769.0797,  6.10795e-09,  3.55408e-09,  5.53028e-10,  1.81316e-09,  4.17714e-10,
00:02:56,    176954,   770.7986,  6.59659e-09,  3.13724e-09,  5.54222e-10,  1.78040e-09,  4.93732e-10,
00:02:57,    177386,   772.2531,  5.86364e-09,  2.75332e-09,  6.06778e-10,  1.71897e-09,  3.89304e-10,
00:02:57,    177799,   774.1043,  6.35227e-09,  3.36760e-09,  6.74861e-10,  1.68621e-09,  4.46125e-10,
00:02:58,    178231,   775.5587,  6.59659e-09,  3.63087e-09,  6.02000e-10,  1.81521e-09,  4.25393e-10,
00:02:58,    178662,   777.5421,  5.86364e-09,  3.80638e-09,  6.07972e-10,  1.85310e-09,  3.88536e-10,
00:02:59,    179094,   779.1289,  6.10795e-09,  3.93801e-09,  5.47056e-10,  1.71181e-09,  4.19250e-10,
00:02:59,    179526,   780.7156,  6.35227e-09,  3.48827e-09,  5.49444e-10,  1.83057e-09,  4.46125e-10,
00:02:59,    179957,   782.5667,  6.35227e-09,  3.03852e-09,  5.92444e-10,  1.75992e-09,  4.13107e-10,
00:03:00,    180371,   784.2857,  6.35227e-09,  3.78444e-09,  5.82889e-10,  1.83262e-09,  4.10036e-10,
00:03:00,    180802,   786.0046,  6.35227e-09,  2.76429e-09,  6.36639e-10,  1.70157e-09,  3.89304e-10,
00:03:01,    181234,   787.5913,  6.10795e-09,  3.66378e-09,  5.59000e-10,  1.83876e-09,  4.00821e-10,
00:03:01,    181666,   789.1781,  6.59659e-09,  3.64184e-09,  5.60194e-10,  1.74150e-09,  3.90839e-10,
00:03:02,    182097,   791.0292,  6.10795e-09,  2.99464e-09,  6.58139e-10,  1.90121e-09,  4.69929e-10,
00:03:02,    182529,   793.0126,  6.10795e-09,  3.46633e-09,  5.97222e-10,  1.85719e-09,  4.26929e-10,
00:03:02,    182961,   794.3349,  6.10795e-09,  2.85204e-09,  6.02000e-10,  1.82340e-09,  4.10036e-10,
00:03:03,    183392,   796.1861,  6.35227e-09,  2.96173e-09,  6.02000e-10,  1.75173e-09,  4.43054e-10,
00:03:03,    183824,   797.9050,  5.61932e-09,  2.89592e-09,  6.93972e-10,  1.85105e-09,  4.32304e-10,
00:03:04,    184256,   799.6239,  6.35227e-09,  3.68571e-09,  6.23500e-10,  1.83671e-09,  3.91607e-10,
00:03:04,    184687,   801.4751,  6.59659e-09,  3.21403e-09,  5.85278e-10,  1.78450e-09,  4.03125e-10,
00:03:05,    185101,   803.1940,  5.61932e-09,  3.29082e-09,  5.78111e-10,  1.73330e-09,  4.19250e-10,
00:03:05,    185532,   804.7807,  6.35227e-09,  3.33469e-09,  5.31528e-10,  1.77324e-09,  4.06196e-10,
00:03:05,    185964,   806.7641,  6.10795e-09,  3.51020e-09,  5.67361e-10,  1.73535e-09,  4.21554e-10,
00:03:06,    186396,   808.3509,  5.86364e-09,  2.75332e-09,  5.57806e-10,  1.85924e-09,  4.34607e-10,
00:03:06,    186827,   809.9375,  6.35227e-09,  3.59796e-09,  6.09167e-10,  1.75276e-09,  4.03893e-10,
00:03:07,    187259,   811.5243,  6.10795e-09,  3.15918e-09,  6.25889e-10,  1.70873e-09,  4.40750e-10,
00:03:07,    187691,   813.1110,  6.35227e-09,  3.34566e-09,  5.85278e-10,  1.68724e-09,  4.22321e-10,
00:03:08,    188104,   814.9621,  5.61932e-09,  3.52117e-09,  6.79639e-10,  1.74457e-09,  3.62429e-10,
00:03:08,    188536,   816.9455,  6.10795e-09,  3.43342e-09,  6.23500e-10,  1.64116e-09,  4.53804e-10,
00:03:08,    188967,   818.5323,  6.10795e-09,  3.53214e-09,  6.22306e-10,  1.79986e-09,  4.05429e-10,
00:03:09,    189399,   820.1190,  6.10795e-09,  3.40051e-09,  6.28278e-10,  1.62069e-09,  4.10036e-10,
00:03:09,    189831,   821.9701,  6.35227e-09,  3.15918e-09,  5.99611e-10,  1.71897e-09,  4.03893e-10,
00:03:10,    190262,   823.9535,  6.59659e-09,  2.95077e-09,  7.60861e-10,  1.62171e-09,  4.64554e-10,
00:03:10,    190694,   825.6724,  6.10795e-09,  3.04949e-09,  6.59333e-10,  1.79883e-09,  3.59357e-10,
00:03:11,    191126,   827.1270,  5.86364e-09,  3.00561e-09,  6.06778e-10,  1.60943e-09,  3.62429e-10,
00:03:11,    191557,   829.1104,  5.86364e-09,  2.89592e-09,  7.09500e-10,  1.73024e-09,  4.38446e-10,
00:03:11,    191989,   830.9615,  5.61932e-09,  3.13724e-09,  6.00806e-10,  1.58486e-09,  4.30768e-10,
00:03:12,    192421,   832.8127,  6.10795e-09,  3.56505e-09,  6.29472e-10,  1.63195e-09,  4.30768e-10,
00:03:12,    192852,   834.3994,  5.86364e-09,  3.12628e-09,  5.98417e-10,  1.65550e-09,  4.43821e-10,
00:03:13,    193284,   836.2506,  5.86364e-09,  3.40051e-09,  6.02000e-10,  1.61557e-09,  4.46125e-10,
00:03:13,    193716,   837.5728,  5.86364e-09,  3.44439e-09,  6.48583e-10,  1.68724e-09,  4.21554e-10,
00:03:14,    194147,   839.2918,  6.59659e-09,  3.25791e-09,  6.78444e-10,  1.51011e-09,  4.16179e-10,
00:03:14,    194561,   840.8785,  5.86364e-09,  3.11531e-09,  6.49778e-10,  1.56745e-09,  4.53804e-10,
00:03:14,    194992,   842.5974,  6.10795e-09,  3.90510e-09,  5.92444e-10,  1.66164e-09,  3.40161e-10,
00:03:15,    195424,   844.3164,  5.86364e-09,  3.33469e-09,  7.05917e-10,  1.58486e-09,  4.46125e-10,
00:03:15,    195856,   845.6386,  6.10795e-09,  3.11531e-09,  6.06778e-10,  1.54800e-09,  4.16179e-10,
00:03:16,    196287,   847.6220,  6.10795e-09,  3.45536e-09,  6.25889e-10,  1.60840e-09,  4.26161e-10,
00:03:16,    196719,   849.3410,  6.10795e-09,  3.06046e-09,  6.74861e-10,  1.64321e-09,  4.62250e-10,
00:03:17,    197151,   851.0599,  6.59659e-09,  2.63265e-09,  6.62917e-10,  1.48862e-09,  4.25393e-10,
00:03:17,    197582,   853.0433,  5.86364e-09,  3.17015e-09,  6.36639e-10,  1.64321e-09,  4.01589e-10,
00:03:18,    198014,   854.7622,  6.10795e-09,  3.11531e-09,  6.66500e-10,  1.59510e-09,  3.77786e-10,
00:03:18,    198446,   856.7456,  5.86364e-09,  3.79541e-09,  6.53361e-10,  1.52343e-09,  4.63018e-10,
00:03:18,    198877,   858.5968,  6.10795e-09,  3.99286e-09,  6.43806e-10,  1.63911e-09,  3.97750e-10,
00:03:19,    199309,   860.3157,  6.35227e-09,  3.19209e-09,  6.06778e-10,  1.59611e-09,  4.04661e-10,
00:03:19,    199741,   862.0346,  6.35227e-09,  3.33469e-09,  5.73333e-10,  1.64526e-09,  3.96982e-10,
00:03:20,    200172,   863.4892,  5.86364e-09,  3.23597e-09,  6.46194e-10,  1.55926e-09,  4.30000e-10,
00:03:20,    200604,   865.3403,  5.86364e-09,  3.49923e-09,  6.34250e-10,  1.64321e-09,  4.06964e-10,
00:03:21,    201036,   866.9270,  5.86364e-09,  3.46633e-09,  6.21111e-10,  1.61454e-09,  4.35375e-10,
00:03:21,    201467,   868.6460,  6.10795e-09,  2.65459e-09,  6.40222e-10,  1.65959e-09,  4.23089e-10,
00:03:21,    201899,   869.9682,  5.61932e-09,  3.11531e-09,  6.23500e-10,  1.58997e-09,  3.87768e-10,
00:03:22,    202331,   872.0838,  6.10795e-09,  3.14821e-09,  7.04722e-10,  1.66369e-09,  4.15411e-10,
00:03:22,    202762,   874.0672,  6.35227e-09,  2.91786e-09,  6.09167e-10,  1.61967e-09,  4.23857e-10,
00:03:23,    203194,   875.7862,  6.35227e-09,  3.19209e-09,  6.83222e-10,  1.62171e-09,  3.79321e-10,
00:03:23,    203626,   877.3729,  5.86364e-09,  3.08240e-09,  6.59333e-10,  1.66369e-09,  4.21554e-10,
00:03:24,    204057,   879.0918,  5.86364e-09,  3.43342e-09,  6.93972e-10,  1.63707e-09,  4.16179e-10,
00:03:24,    204489,   881.0752,  5.86364e-09,  3.33469e-09,  6.49778e-10,  1.67188e-09,  4.21554e-10,
00:03:24,    204921,   882.7942,  5.86364e-09,  3.27985e-09,  7.15472e-10,  1.62786e-09,  4.60714e-10,
00:03:25,    205352,   884.3809,  5.61932e-09,  3.03852e-09,  7.09500e-10,  1.75378e-09,  4.20786e-10,
00:03:25,    205784,   886.0998,  6.10795e-09,  3.27985e-09,  6.36639e-10,  1.54083e-09,  4.01589e-10,
00:03:26,    206216,   887.8188,  5.86364e-09,  3.32372e-09,  6.39028e-10,  1.66267e-09,  4.76839e-10,
00:03:26,    206647,   889.5377,  5.61932e-09,  2.52296e-09,  6.78444e-10,  1.65038e-09,  4.23089e-10,
00:03:27,    207079,   890.9922,  6.35227e-09,  3.02755e-09,  7.48917e-10,  1.53571e-09,  3.73179e-10,
00:03:27,    207511,   892.8434,  6.10795e-09,  2.86301e-09,  7.99083e-10,  1.61352e-09,  3.73179e-10,
00:03:27,    207942,   894.5623,  6.10795e-09,  2.59974e-09,  7.01139e-10,  1.55926e-09,  4.42286e-10,
00:03:28,    208374,   896.2812,  5.86364e-09,  3.33469e-09,  7.52500e-10,  1.65345e-09,  4.21554e-10,
00:03:28,    208806,   898.1324,  5.86364e-09,  3.41148e-09,  7.70417e-10,  1.68519e-09,  4.26161e-10,
00:03:29,    209237,   900.1158,  5.37500e-09,  2.92883e-09,  7.65639e-10,  1.72102e-09,  4.03893e-10,
00:03:29,    209669,   901.7025,  5.86364e-09,  3.10434e-09,  6.88000e-10,  1.61454e-09,  4.50732e-10,
00:03:30,    210101,   903.5537,  6.35227e-09,  3.44439e-09,  7.10694e-10,  1.66062e-09,  3.79321e-10,
00:03:30,    210532,   905.2726,  5.61932e-09,  3.70765e-09,  6.60528e-10,  1.64014e-09,  4.68393e-10,
00:03:30,    210964,   906.9916,  5.86364e-09,  2.86301e-09,  5.80500e-10,  1.59305e-09,  4.49964e-10,
00:03:31,    211396,   908.7105,  5.86364e-09,  2.96173e-09,  6.98750e-10,  1.68724e-09,  4.23089e-10,
00:03:31,    211827,   910.2972,  5.37500e-09,  3.36760e-09,  6.92778e-10,  1.63911e-09,  4.55339e-10,
00:03:32,    212259,   912.1484,  5.86364e-09,  3.23597e-09,  6.84417e-10,  1.71386e-09,  3.90071e-10,
00:03:32,    212691,   913.7351,  5.86364e-09,  3.29082e-09,  6.58139e-10,  1.53673e-09,  4.56875e-10,
00:03:33,    213122,   915.5863,  6.10795e-09,  2.97270e-09,  6.92778e-10,  1.59100e-09,  4.25393e-10,
00:03:33,    213554,   917.3052,  5.61932e-09,  2.87398e-09,  7.83556e-10,  1.66881e-09,  4.56107e-10,
00:03:33,    213986,   918.8919,  5.86364e-09,  3.24694e-09,  6.84417e-10,  1.63092e-09,  4.20018e-10,
00:03:34,    214417,   920.7431,  5.86364e-09,  3.38954e-09,  7.27417e-10,  1.66062e-09,  4.14643e-10,
00:03:34,    214849,   922.4620,  5.61932e-09,  3.08240e-09,  7.28611e-10,  1.60738e-09,  4.57643e-10,
00:03:35,    215281,   924.0487,  6.10795e-09,  3.17015e-09,  6.34250e-10,  1.55824e-09,  4.32304e-10,
00:03:35,    215712,   925.8999,  5.61932e-09,  2.80816e-09,  7.51306e-10,  1.54186e-09,  3.97750e-10,
00:03:36,    216144,   927.8833,  5.86364e-09,  3.27985e-09,  7.26222e-10,  1.63810e-09,  3.92375e-10,
00:03:36,    216576,   929.3378,  6.35227e-09,  2.83010e-09,  7.56083e-10,  1.66676e-09,  4.46125e-10,
00:03:37,    217007,   931.0567,  5.61932e-09,  3.51020e-09,  6.92778e-10,  1.67188e-09,  4.39214e-10,
00:03:37,    217439,   932.9078,  6.10795e-09,  2.79719e-09,  6.90389e-10,  1.74969e-09,  4.23089e-10,
00:03:37,    217871,   934.6268,  5.86364e-09,  3.52117e-09,  7.59667e-10,  1.68211e-09,  4.00821e-10,
00:03:38,    218302,   936.3458,  5.86364e-09,  3.03852e-09,  7.65639e-10,  1.47019e-09,  4.32304e-10,
00:03:38,    218734,   937.9324,  6.35227e-09,  3.01658e-09,  7.44139e-10,  1.51830e-09,  4.88357e-10,
00:03:39,    219166,   939.5192,  6.10795e-09,  3.13724e-09,  7.16667e-10,  1.61045e-09,  4.12339e-10,
00:03:39,    219597,   941.5026,  6.35227e-09,  4.05867e-09,  7.23833e-10,  1.60021e-09,  4.78375e-10,
00:03:40,    220029,   942.9570,  5.37500e-09,  3.68571e-09,  8.03861e-10,  1.72000e-09,  4.39214e-10,
00:03:40,    220461,   944.8082,  6.10795e-09,  3.09337e-09,  7.22639e-10,  1.65857e-09,  4.52268e-10,
00:03:40,    220892,   946.2627,  5.61932e-09,  3.48827e-09,  7.31000e-10,  1.60533e-09,  4.39214e-10,
00:03:41,    221324,   948.3783,  6.10795e-09,  3.59796e-09,  6.80833e-10,  1.53059e-09,  4.27696e-10,
00:03:41,    221756,   950.0972,  6.10795e-09,  3.33469e-09,  6.96361e-10,  1.61045e-09,  4.50732e-10,
00:03:42,    222187,   951.8162,  6.10795e-09,  3.02755e-09,  7.39361e-10,  1.62478e-09,  3.83161e-10,
00:03:42,    222619,   953.5352,  5.61932e-09,  3.49923e-09,  7.89528e-10,  1.56233e-09,  4.69929e-10,
00:03:43,    223051,   955.5186,  5.86364e-09,  3.21403e-09,  7.69222e-10,  1.59305e-09,  4.43054e-10,
00:03:43,    223482,   957.2375,  6.10795e-09,  3.17015e-09,  7.96694e-10,  1.62273e-09,  4.56875e-10,
00:03:43,    223914,   958.8242,  5.86364e-09,  3.87219e-09,  8.01472e-10,  1.66881e-09,  4.17714e-10,
00:03:44,    224346,   960.4109,  6.10795e-09,  3.26888e-09,  7.90722e-10,  1.62171e-09,  4.25393e-10,
00:03:44,    224778,   962.2621,  6.10795e-09,  3.02755e-09,  7.89528e-10,  1.66573e-09,  4.41518e-10,
00:03:45,    225209,   963.7166,  5.61932e-09,  3.74056e-09,  7.63250e-10,  1.60329e-09,  4.17714e-10,
00:03:45,    225641,   965.4355,  5.86364e-09,  3.25791e-09,  8.05056e-10,  1.62273e-09,  4.79911e-10,
00:03:46,    226072,   966.8900,  6.10795e-09,  3.21403e-09,  7.79972e-10,  1.69133e-09,  4.69929e-10,
00:03:46,    226504,   969.5345,  5.86364e-09,  2.91786e-09,  7.66833e-10,  1.60533e-09,  4.20786e-10,
00:03:46,    226936,   971.2534,  6.10795e-09,  2.44617e-09,  7.41750e-10,  1.71386e-09,  4.10036e-10,
00:03:47,    227367,   972.7080,  5.61932e-09,  3.03852e-09,  7.65639e-10,  1.55005e-09,  5.10625e-10,
00:03:47,    227763,   974.1624,  5.86364e-09,  2.89592e-09,  8.12222e-10,  1.59100e-09,  4.07732e-10,
00:03:48,    228194,   976.0136,  5.86364e-09,  3.32372e-09,  8.52833e-10,  1.48862e-09,  4.80679e-10,
00:03:48,    228626,   977.7326,  5.61932e-09,  3.20306e-09,  7.48917e-10,  1.70669e-09,  4.50732e-10,
00:03:49,    229057,   979.3192,  5.61932e-09,  3.44439e-09,  7.72806e-10,  1.69543e-09,  4.49964e-10,
00:03:49,    229489,   980.9060,  5.61932e-09,  3.26888e-09,  7.68028e-10,  1.57667e-09,  4.54571e-10,
00:03:49,    229921,   982.6249,  5.86364e-09,  2.80816e-09,  8.32528e-10,  1.64219e-09,  4.96036e-10,
00:03:50,    230352,   984.6083,  6.10795e-09,  3.41148e-09,  7.79972e-10,  1.69133e-09,  4.36143e-10,
00:03:50,    230784,   986.1950,  5.86364e-09,  3.35663e-09,  7.40556e-10,  1.64014e-09,  4.51500e-10,
00:03:51,    231216,   988.1784,  5.86364e-09,  2.75332e-09,  7.28611e-10,  1.73945e-09,  4.53804e-10,
00:03:51,    231647,   990.0296,  5.86364e-09,  3.14821e-09,  7.01139e-10,  1.60124e-09,  4.38446e-10,
00:03:52,    232079,   991.6163,  5.86364e-09,  3.07143e-09,  8.03861e-10,  1.63297e-09,  4.69161e-10,
00:03:52,    232511,   993.2030,  5.86364e-09,  2.87398e-09,  8.86278e-10,  1.69338e-09,  4.63018e-10,
00:03:52,    232942,   995.0542,  5.86364e-09,  3.27985e-09,  7.72806e-10,  1.66164e-09,  4.74536e-10,
00:03:53,    233374,   996.6409,  5.86364e-09,  3.07143e-09,  8.71944e-10,  1.49067e-09,  4.89893e-10,
00:03:53,    233806,   998.3598,  6.10795e-09,  2.84107e-09,  7.68028e-10,  1.78757e-09,  4.66857e-10,
00:03:54,    234237,  1000.4754,  6.10795e-09,  3.64184e-09,  8.71944e-10,  1.65140e-09,  4.73000e-10,
00:03:54,    234669,  1002.0622,  6.10795e-09,  3.25791e-09,  7.70417e-10,  1.62888e-09,  4.76071e-10,
00:03:55,    235101,  1003.7811,  6.35227e-09,  2.65459e-09,  7.70417e-10,  1.70771e-09,  4.50732e-10,
00:03:55,    235532,  1005.3678,  6.10795e-09,  3.45536e-09,  8.34917e-10,  1.69748e-09,  4.00054e-10,
00:03:55,    235964,  1007.2190,  5.61932e-09,  3.17015e-09,  8.64778e-10,  1.66778e-09,  4.62250e-10,
00:03:56,    236396,  1008.8057,  6.10795e-09,  3.44439e-09,  7.83556e-10,  1.66267e-09,  4.28464e-10,
00:03:56,    236827,  1010.6569,  6.35227e-09,  4.02577e-09,  8.27750e-10,  1.64014e-09,  4.35375e-10,
