0000000461,scans,0000000146,DataLength
"header",0000000028,"lines"
"Date",5/13/2016,"Time",10:31:27 AM
"ID","HAL RC RGA 301 #14852","Version",3
"Scans",9
"Scan ID","Mode","Input","Scanned","Start","Stop","Increment","Dwell","Settle","RS","RelSEM"
"Scan 1","RGA","Temperature","none",0.40,0.40,0.01,10.000,10.000,1.000000,1.000000,
"Scan 2","RGA","SEM","mass",2.00,2.00,0.01,11.000,10.000,0.440000,1.000000,
"Scan 3","RGA","SEM","mass",14.00,14.00,0.01,11.000,10.000,1.000000,1.000000,
"Scan 4","RGA","SEM","mass",18.00,18.00,0.01,11.000,10.000,0.900000,1.000000,
"Scan 5","RGA","SEM","mass",28.00,28.00,0.01,11.000,10.000,1.050000,1.000000,
"Scan 6","RGA","SEM","mass",29.00,29.00,0.01,11.000,10.000,1.000000,1.000000,
"Scan 7","RGA","SEM","mass",43.00,43.00,0.01,11.000,10.000,1.000000,1.000000,
"Scan 8","RGA","SEM","mass",44.00,44.00,0.01,11.000,10.000,1.400000,1.000000,
"Scan 9","RGA","SEM","mass",60.00,60.00,0.01,11.000,10.000,0.577000,1.000000,
"Environment",
"Global","RGA"
"F1",1,"( 1 = on, 0 = off )"
"F2",0,"( 1 = on, 0 = off )"
"cage",3.3,"V"
"delta-m",0,"%"
"electron-energy",70.0,"V"
"emission",1000.000,"uA"
"focus",-90,"V"
"mass",5.50,"amu"
"mode-change-delay",1000,"ms"
"multiplier",1100,"V"
"resolution",0,"%"
"Data",9
"Time","ms","Temperature","Hydrogen","Ketene","Water","Carbon monoxide","Acetaldehyde","Acetic acid","Carbon dioxide","Acetic acid",
00:00:01,      1241,   140.2121, -2.22330e-10,  0.00000e+00, -1.08694e-10, -9.31667e-11, -9.78250e-11, -9.78250e-11,  0.00000e+00,  0.00000e+00,
00:00:01,      1804,   140.2121,  0.00000e+00,  0.00000e+00,  0.00000e+00,  0.00000e+00,  9.78250e-11,  0.00000e+00, -6.98750e-11,  0.00000e+00,
00:00:02,      2366,   140.0798,  6.66989e-10,  2.54130e-09,  9.12197e-09,  2.40134e-08,  2.63912e-09,  9.77175e-10,  8.45336e-08,  1.69541e-10,
00:00:02,      2929,   140.2121,  1.11067e-08,  1.74934e-08,  1.16183e-08,  2.90393e-08,  1.36847e-09,  4.89125e-10,  5.05388e-08,  1.69541e-10,
00:00:03,      3491,   140.0798,  1.13290e-08,  1.24108e-08,  8.25241e-09,  2.35476e-08,  1.27065e-09,  4.89125e-10,  3.65085e-08, -1.69541e-10,
00:00:04,      4054,   140.0798,  1.02174e-08,  9.67500e-09,  6.84058e-09,  1.99182e-08,  1.07500e-09,  2.93475e-10,  2.77826e-08,  0.00000e+00,
00:00:04,      4616,   140.0798,  1.02174e-08,  7.81848e-09,  5.42994e-09,  1.73115e-08,  7.81525e-10,  3.91300e-10,  2.27569e-08,  3.39081e-10,
00:00:05,      5179,   140.2121,  9.77273e-09,  6.74347e-09,  4.77778e-09,  1.54503e-08,  6.83700e-10,  1.95650e-10,  1.91964e-08,  1.69541e-10,
00:00:05,      5742,   139.9476,  9.32807e-09,  5.96195e-09,  4.23550e-09,  1.45196e-08,  6.84775e-10,  2.93475e-10,  1.68929e-08,  1.69541e-10,
00:00:06,      6305,   140.0798,  9.99505e-09,  5.08152e-09,  3.80072e-09,  1.30300e-08,  5.86950e-10,  2.93475e-10,  1.46591e-08,  1.69541e-10,
00:00:06,      6868,   140.2121,  8.88341e-09,  4.30000e-09,  3.90941e-09,  1.24720e-08,  4.89125e-10,  2.93475e-10,  1.28439e-08,  1.69541e-10,
00:00:07,      7431,   140.0798,  8.88341e-09,  3.90977e-09,  3.47463e-09,  1.18209e-08,  5.86950e-10,  1.95650e-10,  1.20761e-08,  0.00000e+00,
00:00:07,      7994,   139.9476,  9.10573e-09,  3.81195e-09,  3.14974e-09,  1.14482e-08,  5.86950e-10,  2.93475e-10,  1.07500e-08,  1.69541e-10,
00:00:08,      8557,   140.0798,  8.88584e-09,  3.61630e-09,  3.04106e-09,  1.08892e-08,  6.84775e-10,  1.95650e-10,  9.63350e-09,  0.00000e+00,
00:00:09,      9120,   140.2121,  8.88341e-09,  3.42065e-09,  3.04106e-09,  1.02381e-08,  4.89125e-10,  1.95650e-10,  9.14436e-09,  1.69541e-10,
00:00:09,      9683,   140.0798,  8.66352e-09,  2.93152e-09,  2.60628e-09,  1.00517e-08,  4.89125e-10,  2.93475e-10,  8.44643e-09,  0.00000e+00,
00:00:10,     10246,   140.0798,  8.44118e-09,  2.73695e-09,  2.60628e-09,  9.68010e-09,  3.91300e-10,  1.95650e-10,  8.16764e-09,  0.00000e+00,
00:00:10,     10809,   140.2121,  7.99652e-09,  2.54130e-09,  2.60628e-09,  9.95857e-09,  3.91300e-10,  9.78250e-11,  7.53879e-09,  3.39081e-10,
00:00:11,     11372,   140.2121,  8.44118e-09,  2.34565e-09,  2.49758e-09,  9.49379e-09,  1.95650e-10,  1.95650e-10,  6.98059e-09,  1.69541e-10,
00:00:11,     11935,   140.2121,  8.66352e-09,  2.24782e-09,  2.60628e-09,  8.93479e-09,  9.78250e-11,  1.95650e-10,  6.35249e-09,  0.00000e+00,
00:00:12,     12498,   140.2121,  8.88584e-09,  2.15000e-09,  2.38889e-09,  8.93479e-09,  2.93475e-10,  1.95650e-10,  6.28261e-09,  1.69541e-10,
00:00:13,     13061,   140.0798,  7.99652e-09,  2.05217e-09,  2.71497e-09,  8.65631e-09,  2.93475e-10,  1.95650e-10,  6.14286e-09,  0.00000e+00,
00:00:13,     13624,   140.3443,  9.32807e-09,  1.95435e-09,  2.28019e-09,  8.28365e-09,  1.95650e-10,  9.78250e-11,  5.86412e-09,  1.69541e-10,
00:00:14,     14187,   140.3443,  9.10573e-09,  1.75977e-09,  2.71497e-09,  8.56314e-09,  2.93475e-10,  9.78250e-11,  5.30512e-09,  0.00000e+00,
00:00:14,     14750,   140.3443,  8.66352e-09,  1.85652e-09,  2.28019e-09,  8.56314e-09,  2.93475e-10,  1.95650e-10,  5.16537e-09,  0.00000e+00,
00:00:15,     15313,   140.0798,  9.10573e-09,  1.85652e-09,  2.17150e-09,  7.63250e-09,  2.93475e-10,  1.95650e-10,  5.02639e-09,  0.00000e+00,
00:00:15,     15876,   140.2121,  8.21886e-09,  1.85652e-09,  2.17150e-09,  7.72567e-09,  3.91300e-10,  9.78250e-11,  5.02639e-09,  1.69541e-10,
00:00:16,     16439,   140.0798,  8.88584e-09,  1.66195e-09,  2.28019e-09,  8.00414e-09,  2.93475e-10,  9.78250e-11,  4.95651e-09,  1.69541e-10,
00:00:17,     17002,   140.0798,  8.44118e-09,  1.85652e-09,  2.17150e-09,  8.00414e-09,  2.93475e-10,  1.95650e-10,  4.67701e-09,  1.69541e-10,
00:00:17,     17565,   140.0798,  8.88341e-09,  1.56412e-09,  2.17150e-09,  7.81781e-09,  3.91300e-10,  9.78250e-11,  4.53726e-09,  0.00000e+00,
00:00:18,     18128,   140.2121,  8.21886e-09,  1.66195e-09,  2.28019e-09,  7.72567e-09,  2.93475e-10,  1.95650e-10,  4.39751e-09,  1.69541e-10,
00:00:18,     18691,   140.3443,  8.21886e-09,  1.17282e-09,  2.06280e-09,  7.44617e-09,  2.93475e-10,  1.95650e-10,  4.67701e-09,  1.69541e-10,
00:00:19,     19254,   140.3443,  7.32955e-09,  1.36847e-09,  2.28019e-09,  7.35300e-09,  2.93475e-10,  9.78250e-11,  4.32764e-09,  1.69541e-10,
00:00:19,     19817,   140.2121,  8.66352e-09,  1.36847e-09,  2.17150e-09,  7.35300e-09,  1.95650e-10,  1.95650e-10,  4.25854e-09,  1.69541e-10,
00:00:20,     20380,   140.0798,  9.10573e-09,  1.56412e-09,  2.17150e-09,  7.35300e-09,  1.95650e-10,  9.78250e-11,  4.11879e-09,  0.00000e+00,
00:00:20,     20943,   139.8154,  8.21886e-09,  1.46630e-09,  2.28019e-09,  7.07350e-09,  3.91300e-10,  1.95650e-10,  4.04891e-09,  0.00000e+00,
00:00:21,     21506,   140.2121,  8.21886e-09,  1.46630e-09,  2.17150e-09,  6.79502e-09,  1.95650e-10,  1.95650e-10,  3.97904e-09,  0.00000e+00,
00:00:22,     22069,   140.0798,  8.21886e-09,  1.36847e-09,  2.06280e-09,  7.07350e-09,  1.95650e-10,  1.95650e-10,  3.90916e-09,  1.69541e-10,
00:00:22,     22632,   140.3443,  7.77420e-09,  1.27065e-09,  2.17150e-09,  6.98033e-09,  2.93475e-10,  1.95650e-10,  3.83929e-09,  0.00000e+00,
00:00:23,     23195,   140.2121,  8.21886e-09,  1.07500e-09,  1.84661e-09,  7.44617e-09,  2.93475e-10,  1.95650e-10,  3.49068e-09,  1.69541e-10,
00:00:23,     23758,   140.0798,  8.88584e-09,  9.77175e-10,  2.06280e-09,  7.25983e-09,  2.93475e-10,  3.91300e-10,  3.49068e-09,  0.00000e+00,
00:00:24,     24321,   140.2121,  7.77420e-09,  9.77175e-10,  1.95530e-09,  7.07350e-09,  1.95650e-10,  9.78250e-11,  3.28105e-09, -1.69541e-10,
00:00:24,     24884,   140.0798,  7.99652e-09,  1.07500e-09,  1.95530e-09,  6.60869e-09,  1.95650e-10,  1.95650e-10,  3.56055e-09,  0.00000e+00,
00:00:25,     25447,   140.3443,  7.77420e-09,  1.17282e-09,  2.28019e-09,  7.25983e-09,  3.91300e-10,  1.95650e-10,  3.28105e-09,  1.69541e-10,
00:00:26,     26010,   139.8154,  8.44118e-09,  9.77175e-10,  2.06280e-09,  6.60869e-09,  9.78250e-11,  2.93475e-10,  3.42080e-09,  0.00000e+00,
00:00:26,     26573,   140.2121,  8.21886e-09,  8.79350e-10,  1.95411e-09,  7.16667e-09,  2.93475e-10,  1.95650e-10,  3.69954e-09,  1.69541e-10,
00:00:27,     27136,   140.3443,  8.44118e-09,  1.07500e-09,  2.06280e-09,  8.09731e-09,  1.95650e-10,  9.78250e-11,  3.21118e-09,  1.69541e-10,
00:00:27,     27699,   140.0798,  8.21886e-09,  1.07500e-09,  1.95530e-09,  8.00414e-09,  1.95650e-10,  1.95650e-10,  3.14130e-09,  0.00000e+00,
00:00:28,     28262,   140.0798,  7.77420e-09,  9.77175e-10,  1.73791e-09,  7.81781e-09,  2.93475e-10,  0.00000e+00,  3.28105e-09,  1.69541e-10,
00:00:28,     28825,   140.0798,  8.66352e-09,  1.07500e-09,  1.73791e-09,  7.63250e-09,  1.95650e-10,  1.95650e-10,  3.28105e-09,  0.00000e+00,
00:00:29,     29388,   140.2121,  8.66352e-09,  9.77175e-10,  1.95530e-09,  7.25983e-09,  1.95650e-10,  9.78250e-11,  2.93168e-09,  1.69541e-10,
00:00:29,     29951,   140.4765,  8.44118e-09,  8.79350e-10,  1.84661e-09,  6.70186e-09,  1.95650e-10,  9.78250e-11,  3.14130e-09,  0.00000e+00,
00:00:30,     30514,   140.4765,  8.66352e-09,  9.77175e-10,  1.95530e-09,  6.98033e-09,  1.95650e-10,  9.78250e-11,  2.93168e-09,  1.69541e-10,
00:00:31,     31077,   140.3443,  9.32807e-09,  9.77175e-10,  2.28019e-09,  6.88716e-09,  1.95650e-10,  9.78250e-11,  3.00155e-09,  0.00000e+00,
00:00:31,     31640,   140.0798,  8.44118e-09,  7.81525e-10,  2.06280e-09,  6.79400e-09,  1.95650e-10,  2.93475e-10,  3.00155e-09,  1.69541e-10,
00:00:32,     32203,   140.2121,  9.10573e-09,  1.07500e-09,  1.84661e-09,  6.60869e-09,  1.95650e-10,  1.95650e-10,  2.86180e-09,  1.69541e-10,
00:00:32,     32766,   140.0798,  8.21886e-09,  9.77175e-10,  1.95530e-09,  6.42235e-09,  9.78250e-11,  1.95650e-10,  2.93168e-09,  1.69541e-10,
00:00:33,     33329,   140.2121,  8.66352e-09,  7.81525e-10,  1.73791e-09,  6.14286e-09,  2.93475e-10,  2.93475e-10,  2.86180e-09,  1.69541e-10,
00:00:33,     33892,   140.2121,  7.77420e-09,  9.77175e-10,  2.06280e-09,  6.42235e-09,  9.78250e-11,  9.78250e-11,  2.93168e-09,  0.00000e+00,
00:00:34,     34455,   140.2121,  7.99652e-09,  9.77175e-10,  1.84661e-09,  6.32919e-09,  1.95650e-10,  1.95650e-10,  2.65294e-09,  0.00000e+00,
00:00:35,     35018,   140.3443,  7.77420e-09,  8.79350e-10,  1.84661e-09,  5.95652e-09,  1.95650e-10,  1.95650e-10,  2.86180e-09,  0.00000e+00,
00:00:35,     35581,   140.2121,  8.21886e-09,  6.83700e-10,  1.95530e-09,  5.95652e-09,  1.95650e-10,  1.95650e-10,  2.93168e-09,  1.69541e-10,
00:00:36,     36144,   140.2121,  7.77420e-09,  6.83700e-10,  1.62922e-09,  5.67805e-09,  2.93475e-10,  1.95650e-10,  2.86180e-09,  0.00000e+00,
00:00:36,     36707,   140.3443,  8.44118e-09,  6.84775e-10,  1.73791e-09,  6.04969e-09,  9.78250e-11,  1.95650e-10,  2.86180e-09,  0.00000e+00,
00:00:37,     37270,   140.2121,  8.66352e-09,  7.81525e-10,  1.52052e-09,  6.42235e-09,  1.95650e-10,  1.95650e-10,  2.93168e-09,  0.00000e+00,
00:00:37,     37833,   140.0798,  8.88584e-09,  8.79350e-10,  1.84661e-09,  6.23602e-09,  1.95650e-10,  1.95650e-10,  2.58307e-09,  1.69541e-10,
00:00:38,     38396,   140.2121,  8.88584e-09,  9.77175e-10,  2.06280e-09,  6.51552e-09,  2.93475e-10,  9.78250e-11,  2.58307e-09,  1.69541e-10,
00:00:38,     38959,   140.2121,  8.66352e-09,  5.86950e-10,  1.52052e-09,  6.32919e-09,  2.93475e-10,  9.78250e-11,  2.72282e-09,  1.69541e-10,
00:00:39,     39522,   140.2121,  8.44118e-09,  7.81525e-10,  1.73791e-09,  6.23602e-09,  9.78250e-11,  9.78250e-11,  2.65294e-09,  0.00000e+00,
00:00:40,     40085,   140.3443,  8.44118e-09,  9.77175e-10,  1.84661e-09,  6.23602e-09,  9.78250e-11,  1.95650e-10,  2.79269e-09,  0.00000e+00,
00:00:40,     40648,   140.2121,  7.77420e-09,  9.77175e-10,  1.84661e-09,  6.42235e-09,  1.95650e-10,  1.95650e-10,  2.51319e-09,  3.39081e-10,
00:00:41,     41211,   139.9476,  8.66352e-09,  8.79350e-10,  2.06280e-09,  5.77019e-09,  1.95650e-10,  1.95650e-10,  2.44332e-09,  1.69541e-10,
00:00:41,     41774,   140.2121,  8.21886e-09,  7.81525e-10,  1.73791e-09,  6.42235e-09,  1.95650e-10,  1.95650e-10,  2.58307e-09,  0.00000e+00,
00:00:42,     42337,   140.2121,  7.99652e-09,  5.86950e-10,  1.52052e-09,  6.04969e-09,  2.93475e-10,  1.95650e-10,  2.58307e-09,  1.69541e-10,
00:00:42,     42900,   140.2121,  7.77420e-09,  6.83700e-10,  1.73791e-09,  6.14286e-09,  1.95650e-10,  1.95650e-10,  2.58307e-09,  1.69541e-10,
00:00:43,     43463,   140.3443,  7.77420e-09,  9.77175e-10,  1.95530e-09,  5.95652e-09,  1.95650e-10,  9.78250e-11,  2.58307e-09,  1.69541e-10,
00:00:44,     44026,   140.3443,  7.99652e-09,  6.83700e-10,  1.73791e-09,  6.04969e-09,  9.78250e-11,  1.95650e-10,  2.72282e-09,  1.69541e-10,
00:00:44,     44589,   140.3443,  9.32807e-09,  6.83700e-10,  1.95530e-09,  6.42235e-09,  9.78250e-11,  9.78250e-11,  3.07143e-09,  0.00000e+00,
00:00:45,     45152,   141.0054,  8.21886e-09,  8.79350e-10,  1.52052e-09,  6.88716e-09,  1.95650e-10,  9.78250e-11,  2.65294e-09,  1.69541e-10,
00:00:45,     45715,   141.6665,  8.44118e-09,  8.79350e-10,  2.17150e-09,  7.53933e-09,  2.93475e-10,  1.95650e-10,  2.72282e-09,  1.69541e-10,
00:00:46,     46278,   142.7243,  8.44118e-09,  7.81525e-10,  2.28019e-09,  7.07350e-09,  2.93475e-10,  1.95650e-10,  3.00155e-09,  1.69541e-10,
00:00:46,     46841,   144.5755,  8.44118e-09,  8.79350e-10,  2.93236e-09,  6.98033e-09,  2.93475e-10,  9.78250e-11,  3.07143e-09,  3.39081e-10,
00:00:47,     47404,   146.9556,  7.55186e-09,  6.83700e-10,  3.14856e-09,  7.35300e-09,  3.91300e-10,  1.95650e-10,  3.00155e-09,  0.00000e+00,
00:00:47,     47967,   149.9968,  7.77420e-09,  7.81525e-10,  5.32124e-09,  7.44617e-09,  2.93475e-10,  9.78250e-11,  3.00155e-09,  0.00000e+00,
00:00:48,     48530,   154.3602,  7.99652e-09,  5.86950e-10,  1.05326e-08,  6.32919e-09,  2.93475e-10,  9.78250e-11,  2.93168e-09,  1.69541e-10,
00:00:49,     49093,   159.3848,  7.77420e-09,  6.84775e-10,  1.29214e-08,  6.32919e-09,  1.95650e-10,  1.95650e-10,  2.65294e-09, -1.69541e-10,
00:00:49,     49656,   164.4094,  8.44118e-09,  7.81525e-10,  8.14372e-09,  5.95652e-09,  1.95650e-10,  1.95650e-10,  2.72282e-09,  1.69541e-10,
00:00:50,     50219,   169.3018,  8.66352e-09,  6.83700e-10,  4.99517e-09,  6.14286e-09,  1.95650e-10,  9.78250e-11,  2.58307e-09,  0.00000e+00,
00:00:50,     50782,   173.5330,  7.99652e-09,  6.83700e-10,  3.04106e-09,  5.86335e-09,  2.93475e-10,  9.78250e-11,  2.51319e-09,  0.00000e+00,
00:00:51,     51345,   177.8965,  7.99652e-09,  6.83700e-10,  2.71497e-09,  5.77121e-09,  2.93475e-10,  9.78250e-11,  2.51319e-09,  0.00000e+00,
00:00:51,     51908,   180.8055,  8.21886e-09,  7.81525e-10,  2.49758e-09,  5.77019e-09,  2.93475e-10,  1.95650e-10,  2.23369e-09,  3.39081e-10,
00:00:52,     52471,   183.8467,  8.44118e-09,  6.84775e-10,  2.17150e-09,  5.58488e-09,  9.78250e-11,  1.95650e-10,  2.58307e-09,  1.69541e-10,
00:00:53,     53034,   186.0945,  7.99652e-09,  5.86950e-10,  2.38889e-09,  5.67805e-09,  1.95650e-10,  1.95650e-10,  2.44332e-09,  0.00000e+00,
00:00:53,     53597,   188.3424,  7.32955e-09,  6.83700e-10,  2.06280e-09,  6.14286e-09,  2.93475e-10,  2.93475e-10,  2.37344e-09,  1.69541e-10,
00:00:54,     54160,   189.7969,  7.99652e-09,  6.84775e-10,  2.17150e-09,  5.86335e-09,  2.93475e-10,  9.78250e-11,  2.44332e-09,  1.69541e-10,
00:00:54,     54723,   191.2513,  8.66352e-09,  5.86950e-10,  2.06280e-09,  5.49171e-09,  9.78250e-11,  9.78250e-11,  2.51319e-09,  0.00000e+00,
00:00:55,     55286,   192.7058,  7.77420e-09,  4.89125e-10,  2.28019e-09,  5.67805e-09,  1.95650e-10,  2.93475e-10,  2.30357e-09,  1.69541e-10,
00:00:55,     55849,   194.2925,  8.21886e-09,  6.83700e-10,  2.38889e-09,  6.04969e-09,  3.91300e-10,  9.78250e-11,  2.30357e-09, -1.69541e-10,
00:00:56,     56412,   195.6148,  8.21886e-09,  6.83700e-10,  2.17150e-09,  5.49171e-09,  1.95650e-10,  9.78250e-11,  2.30357e-09,  1.69541e-10,
00:00:56,     56975,   196.4082,  8.44118e-09,  6.83700e-10,  2.28019e-09,  5.77121e-09,  2.93475e-10,  3.91300e-10,  2.44332e-09,  0.00000e+00,
00:00:57,     57538,   198.2593,  8.88584e-09,  6.84775e-10,  2.38889e-09,  5.67805e-09,  9.78250e-11,  9.78250e-11,  2.37344e-09,  3.39081e-10,
00:00:58,     58101,   200.1105,  8.44118e-09,  7.81525e-10,  2.49758e-09,  5.67805e-09,  2.93475e-10,  3.91300e-10,  2.37344e-09,  1.69541e-10,
00:00:58,     58664,   201.6972,  8.44118e-09,  5.86950e-10,  2.60628e-09,  5.67805e-09,  2.93475e-10,  2.93475e-10,  2.30357e-09,  6.78163e-10,
00:00:59,     59227,   203.6806,  7.99652e-09,  8.79350e-10,  2.49758e-09,  5.86335e-09,  3.91300e-10,  6.84775e-10,  2.51319e-09,  5.08622e-10,
00:00:59,     59790,   206.1929,  8.21886e-09,  9.77175e-10,  2.38889e-09,  6.04969e-09,  2.93475e-10,  9.77175e-10,  2.86180e-09,  8.47704e-10,
00:01:00,     60353,   208.5730,  8.21886e-09,  1.17282e-09,  2.49758e-09,  6.23602e-09,  3.91300e-10,  1.46630e-09,  2.65294e-09,  1.18492e-09,
00:01:00,     60916,   211.0853,  9.10573e-09,  1.17282e-09,  2.82367e-09,  6.32919e-09,  4.89125e-10,  2.15000e-09,  3.00155e-09,  1.52400e-09,
00:01:01,     61479,   214.3909,  8.21886e-09,  1.66195e-09,  2.60628e-09,  6.14286e-09,  6.84775e-10,  2.93152e-09,  3.35093e-09,  1.86308e-09,
00:01:02,     62042,   217.1677,  8.21886e-09,  2.05217e-09,  2.93236e-09,  6.32919e-09,  8.79350e-10,  3.81195e-09,  3.90916e-09,  2.54125e-09,
00:01:02,     62605,   219.9444,  7.77420e-09,  2.05217e-09,  2.60628e-09,  6.60869e-09,  8.79350e-10,  3.61630e-09,  4.04891e-09,  3.04986e-09,
00:01:03,     63168,   222.4567,  7.77420e-09,  2.24782e-09,  2.71497e-09,  7.07350e-09,  1.07500e-09,  3.42065e-09,  4.25854e-09,  2.54125e-09,
00:01:03,     63731,   225.2335,  8.66352e-09,  2.05217e-09,  2.60628e-09,  6.98033e-09,  7.81525e-10,  3.12717e-09,  4.04891e-09,  2.37170e-09,
00:01:04,     64294,   227.6135,  8.21886e-09,  2.05217e-09,  2.38889e-09,  6.60869e-09,  6.84775e-10,  2.44347e-09,  3.90916e-09,  2.03262e-09,
00:01:04,     64857,   230.2581,  7.77420e-09,  1.66195e-09,  2.49758e-09,  6.32919e-09,  5.86950e-10,  1.75977e-09,  3.97904e-09,  1.18492e-09,
00:01:05,     65420,   232.5059,  7.99652e-09,  1.66195e-09,  2.28019e-09,  6.42235e-09,  3.91300e-10,  1.27065e-09,  3.76941e-09,  8.47704e-10,
00:01:05,     65983,   234.7538,  8.21886e-09,  1.56412e-09,  2.49758e-09,  6.42235e-09,  3.91300e-10,  1.07500e-09,  3.69954e-09,  6.78163e-10,
00:01:06,     66546,   236.7371,  8.44118e-09,  1.27065e-09,  2.38889e-09,  5.77019e-09,  2.93475e-10,  6.83700e-10,  3.49068e-09,  5.08622e-10,
00:01:07,     67109,   238.9850,  8.66352e-09,  1.17282e-09,  2.17150e-09,  6.04969e-09,  1.95650e-10,  5.86950e-10,  3.28105e-09,  3.39081e-10,
00:01:07,     67672,   241.1006,  9.32807e-09,  9.77175e-10,  2.17150e-09,  5.86335e-09,  1.95650e-10,  4.89125e-10,  3.35093e-09,  3.39081e-10,
00:01:08,     68235,   243.2162,  8.21886e-09,  1.27065e-09,  2.38889e-09,  5.86335e-09,  2.93475e-10,  4.89125e-10,  3.21118e-09,  3.39081e-10,
00:01:08,     68798,   245.0674,  9.10573e-09,  1.17282e-09,  2.17150e-09,  6.04969e-09,  2.93475e-10,  4.89125e-10,  2.93168e-09,  5.08622e-10,
00:01:09,     69361,   247.0508,  9.10573e-09,  1.07500e-09,  2.06280e-09,  6.32919e-09,  1.95650e-10,  5.86950e-10,  3.00155e-09,  3.39081e-10,
00:01:09,     69924,   249.1664,  8.66352e-09,  1.17282e-09,  2.06280e-09,  5.95652e-09,  2.93475e-10,  4.89125e-10,  3.14130e-09,  3.39081e-10,
00:01:10,     70487,   251.2820,  8.66352e-09,  9.77175e-10,  2.17150e-09,  6.04969e-09,  1.95650e-10,  4.89125e-10,  2.79193e-09,  3.39081e-10,
00:01:11,     71050,   253.3976,  8.66352e-09,  1.07500e-09,  2.17150e-09,  5.77121e-09,  2.93475e-10,  3.91300e-10,  2.93168e-09,  3.39081e-10,
00:01:11,     71613,   255.9099,  9.10573e-09,  9.77175e-10,  2.06280e-09,  5.86335e-09,  2.93475e-10,  4.89125e-10,  2.86180e-09,  1.69541e-10,
00:01:12,     72176,   258.1578,  9.32807e-09,  8.79350e-10,  1.95411e-09,  5.86335e-09,  1.95650e-10,  3.91300e-10,  2.65294e-09,  3.39081e-10,
00:01:12,     72739,   260.6701,  8.88341e-09,  9.77175e-10,  1.95411e-09,  5.86335e-09,  2.93475e-10,  4.89125e-10,  2.58307e-09,  1.69541e-10,
00:01:13,     73302,   262.9179,  9.55039e-09,  1.07500e-09,  2.17150e-09,  5.86335e-09,  1.95650e-10,  3.91300e-10,  2.65294e-09,  5.08622e-10,
00:01:13,     73865,   265.0336,  9.10573e-09,  8.79350e-10,  2.17150e-09,  5.77121e-09,  2.93475e-10,  3.91300e-10,  2.58307e-09,  3.39081e-10,
00:01:14,     74428,   267.4136,  1.02174e-08,  7.81525e-10,  2.06280e-09,  5.67805e-09,  2.93475e-10,  3.91300e-10,  2.72282e-09,  1.69541e-10,
00:01:14,     74991,   269.6615,  9.10573e-09,  9.77175e-10,  2.06280e-09,  5.67805e-09,  9.78250e-11,  3.91300e-10,  2.65294e-09,  3.39081e-10,
00:01:15,     75554,   272.1738,  9.99505e-09,  8.79350e-10,  2.17150e-09,  5.77019e-09,  9.78250e-11,  4.89125e-10,  2.51319e-09,  3.39081e-10,
00:01:16,     76117,   274.2894,  9.55039e-09,  7.81525e-10,  2.17150e-09,  5.39854e-09,  9.78250e-11,  2.93475e-10,  2.72282e-09,  1.69541e-10,
00:01:16,     76680,   276.5372,  1.02174e-08,  8.79350e-10,  1.95411e-09,  5.95652e-09,  1.95650e-10,  4.89125e-10,  2.72282e-09,  1.69541e-10,
00:01:17,     77243,   279.1817,  1.06620e-08,  7.81525e-10,  1.84661e-09,  5.77121e-09,  2.93475e-10,  2.93475e-10,  2.65294e-09,  1.69541e-10,
00:01:17,     77806,   281.1651,  9.99505e-09,  8.79350e-10,  2.28019e-09,  5.77019e-09,  1.95650e-10,  3.91300e-10,  2.65294e-09,  3.39081e-10,
00:01:18,     78369,   283.4130,  9.77273e-09,  8.79350e-10,  1.62922e-09,  5.95652e-09,  3.91300e-10,  2.93475e-10,  2.51319e-09,  3.39081e-10,
00:01:18,     78932,   285.5286,  9.77273e-09,  8.79350e-10,  2.17150e-09,  5.77019e-09,  1.95650e-10,  3.91300e-10,  2.44332e-09,  3.39081e-10,
00:01:19,     79495,   287.7764,  9.77273e-09,  7.81525e-10,  2.06280e-09,  5.67805e-09,  9.78250e-11,  2.93475e-10,  2.65294e-09,  1.69541e-10,
00:01:20,     80058,   290.1565,  1.08844e-08,  8.79350e-10,  2.17150e-09,  5.95652e-09,  3.91300e-10,  3.91300e-10,  2.51319e-09,  3.39081e-10,
00:01:20,     80621,   292.4043,  9.99505e-09,  6.84775e-10,  2.06280e-09,  5.95652e-09,  1.95650e-10,  3.91300e-10,  2.58307e-09,  1.69541e-10,
00:01:21,     81184,   294.7844,  9.77273e-09,  8.79350e-10,  2.06280e-09,  5.86335e-09,  9.78250e-11,  2.93475e-10,  2.51319e-09,  3.39081e-10,
00:01:21,     81747,   297.0323,  1.08844e-08,  8.79350e-10,  1.95411e-09,  5.77019e-09,  2.93475e-10,  4.89125e-10,  2.65294e-09,  1.69541e-10,
00:01:22,     82310,   299.1479,  9.55039e-09,  8.79350e-10,  2.06280e-09,  5.67805e-09,  2.93475e-10,  3.91300e-10,  2.44332e-09,  1.69541e-10,
00:01:22,     82873,   301.5280,  1.04397e-08,  8.79350e-10,  2.38889e-09,  5.95652e-09,  1.95650e-10,  3.91300e-10,  2.37344e-09,  1.69541e-10,
00:01:23,     83436,   303.6436,  1.08844e-08,  6.83700e-10,  2.17150e-09,  5.67805e-09,  1.95650e-10,  2.93475e-10,  2.51319e-09,  5.08622e-10,
00:01:23,     83999,   305.8914,  1.08844e-08,  6.83700e-10,  1.95411e-09,  5.49171e-09,  3.91300e-10,  3.91300e-10,  2.51319e-09,  0.00000e+00,
00:01:24,     84562,   308.1393,  1.06620e-08,  6.83700e-10,  1.95411e-09,  5.39854e-09,  1.95650e-10,  2.93475e-10,  2.37344e-09,  1.69541e-10,
00:01:25,     85125,   310.3871,  1.06620e-08,  8.79350e-10,  1.95411e-09,  5.21221e-09,  1.95650e-10,  3.91300e-10,  2.23369e-09,  3.39081e-10,
00:01:25,     85688,   312.5027,  1.13266e-08,  7.81525e-10,  1.84661e-09,  5.86335e-09,  9.78250e-11,  2.93475e-10,  2.44332e-09,  1.69541e-10,
00:01:26,     86251,   315.0150,  1.17713e-08,  7.81525e-10,  2.17150e-09,  5.58488e-09,  1.95650e-10,  1.95650e-10,  2.37344e-09,  3.39081e-10,
00:01:26,     86814,   317.1307,  1.06620e-08,  8.79350e-10,  2.06280e-09,  5.86335e-09,  3.91300e-10,  2.93475e-10,  2.44332e-09,  0.00000e+00,
00:01:27,     87377,   319.5107,  1.11067e-08,  7.81525e-10,  2.06280e-09,  5.77121e-09,  2.93475e-10,  2.93475e-10,  2.44332e-09,  5.08622e-10,
00:01:27,     87940,   321.8908,  1.06620e-08,  5.86950e-10,  1.95530e-09,  5.67805e-09,  1.95650e-10,  1.95650e-10,  2.51319e-09,  3.39081e-10,
00:01:28,     88503,   324.0064,  1.06620e-08,  7.81525e-10,  1.84661e-09,  5.58488e-09,  3.91300e-10,  2.93475e-10,  2.44332e-09,  1.69541e-10,
00:01:29,     89066,   326.2543,  1.15489e-08,  7.81525e-10,  2.17150e-09,  5.77121e-09,  1.95650e-10,  1.95650e-10,  2.58307e-09,  3.39081e-10,
00:01:29,     89629,   328.5021,  1.11067e-08,  6.83700e-10,  2.06280e-09,  5.67805e-09,  2.93475e-10,  3.91300e-10,  2.37344e-09,  3.39081e-10,
00:01:30,     90192,   331.0144,  1.08844e-08,  6.83700e-10,  1.95530e-09,  5.30538e-09,  2.93475e-10,  2.93475e-10,  2.58307e-09,  3.39081e-10,
00:01:30,     90755,   332.9978,  1.04397e-08,  6.84775e-10,  1.95530e-09,  5.30538e-09,  2.93475e-10,  2.93475e-10,  2.44332e-09,  3.39081e-10,
00:01:31,     91318,   335.3779,  1.11067e-08,  7.81525e-10,  1.84661e-09,  5.86335e-09,  1.95650e-10,  3.91300e-10,  2.37344e-09,  3.39081e-10,
00:01:31,     91881,   337.7579,  1.08844e-08,  6.84775e-10,  1.84661e-09,  6.14286e-09,  1.95650e-10,  3.91300e-10,  2.58307e-09,  1.69541e-10,
00:01:32,     92444,   339.8736,  1.04397e-08,  5.86950e-10,  1.95411e-09,  5.86335e-09,  2.93475e-10,  4.89125e-10,  2.30357e-09,  0.00000e+00,
00:01:33,     93007,   341.9892,  1.04397e-08,  5.86950e-10,  1.95530e-09,  5.67805e-09,  1.95650e-10,  3.91300e-10,  2.30357e-09,  1.69541e-10,
00:01:33,     93570,   344.3692,  1.11067e-08,  6.84775e-10,  2.06280e-09,  5.49171e-09,  2.93475e-10,  2.93475e-10,  2.23369e-09,  1.69541e-10,
00:01:34,     94133,   346.6171,  1.11067e-08,  7.81525e-10,  2.28019e-09,  5.39854e-09,  9.78250e-11,  3.91300e-10,  2.44332e-09,  0.00000e+00,
00:01:34,     94696,   348.9971,  1.11067e-08,  7.81525e-10,  1.73791e-09,  5.30538e-09,  2.93475e-10,  2.93475e-10,  2.37344e-09,  1.69541e-10,
00:01:35,     95259,   351.1128,  1.08844e-08,  8.79350e-10,  2.06280e-09,  5.58488e-09,  2.93475e-10,  3.91300e-10,  2.51319e-09,  1.69541e-10,
00:01:35,     95822,   353.0962,  1.06620e-08,  5.86950e-10,  1.73791e-09,  5.86335e-09,  1.95650e-10,  2.93475e-10,  2.51319e-09,  3.39081e-10,
00:01:36,     96385,   355.7407,  1.11067e-08,  6.84775e-10,  1.84661e-09,  5.86335e-09,  9.78250e-11,  1.95650e-10,  2.58307e-09,  3.39081e-10,
00:01:36,     96948,   357.7241,  1.02174e-08,  7.81525e-10,  1.84661e-09,  5.95652e-09,  9.78250e-11,  3.91300e-10,  2.65294e-09,  1.69541e-10,
00:01:37,     97511,   359.9719,  1.06620e-08,  7.81525e-10,  1.95411e-09,  5.58488e-09,  9.78250e-11,  2.93475e-10,  2.72282e-09,  0.00000e+00,
00:01:38,     98074,   362.2198,  1.13290e-08,  7.81525e-10,  1.84661e-09,  5.67805e-09,  9.78250e-11,  2.93475e-10,  2.44332e-09,  1.69541e-10,
00:01:38,     98637,   364.7321,  1.15489e-08,  6.83700e-10,  2.06280e-09,  5.77121e-09,  3.91300e-10,  2.93475e-10,  2.51319e-09,  3.39081e-10,
00:01:39,     99200,   367.1121,  1.08844e-08,  5.86950e-10,  1.84661e-09,  5.58488e-09,  9.78250e-11,  2.93475e-10,  2.58307e-09,  3.39081e-10,
00:01:39,     99763,   368.9633,  1.11067e-08,  6.83700e-10,  1.95411e-09,  5.86335e-09,  9.78250e-11,  2.93475e-10,  2.79193e-09,  1.69541e-10,
00:01:40,    100326,   371.3434,  1.04397e-08,  5.86950e-10,  2.06280e-09,  5.58488e-09,  2.93475e-10,  1.95650e-10,  2.51319e-09,  1.69541e-10,
00:01:40,    100889,   373.5912,  1.04397e-08,  6.83700e-10,  2.06280e-09,  5.58488e-09,  1.95650e-10,  2.93475e-10,  2.58307e-09,  1.69541e-10,
00:01:41,    101452,   375.7068,  1.04397e-08,  5.86950e-10,  1.95530e-09,  5.86335e-09,  2.93475e-10,  2.93475e-10,  2.58307e-09,  3.39081e-10,
00:01:42,    102015,   378.2191,  9.77273e-09,  6.83700e-10,  2.17150e-09,  5.86335e-09,  1.95650e-10,  1.95650e-10,  2.79269e-09,  0.00000e+00,
00:01:42,    102578,   380.3348,  1.02174e-08,  6.84775e-10,  2.17150e-09,  5.67805e-09,  9.78250e-11,  1.95650e-10,  2.65294e-09,  1.69541e-10,
00:01:43,    103141,   382.8471,  9.77273e-09,  5.86950e-10,  1.84661e-09,  5.77019e-09,  9.78250e-11,  3.91300e-10,  2.58307e-09,  0.00000e+00,
00:01:43,    103704,   385.0949,  1.04397e-08,  6.83700e-10,  1.84661e-09,  5.77019e-09,  9.78250e-11,  4.89125e-10,  2.58307e-09,  0.00000e+00,
00:01:44,    104267,   387.0783,  1.04397e-08,  5.86950e-10,  1.84661e-09,  6.04969e-09,  2.93475e-10,  2.93475e-10,  2.44332e-09,  1.69541e-10,
00:01:44,    104830,   389.5906,  9.99505e-09,  6.83700e-10,  1.84661e-09,  5.67805e-09,  1.95650e-10,  1.95650e-10,  2.58307e-09,  3.39081e-10,
00:01:45,    105393,   391.4418,  1.06620e-08,  6.84775e-10,  1.84661e-09,  5.95652e-09,  1.95650e-10,  2.93475e-10,  2.58307e-09,  1.69541e-10,
00:01:45,    105956,   394.0863,  1.04397e-08,  5.86950e-10,  1.84661e-09,  5.67805e-09,  1.95650e-10,  2.93475e-10,  2.51319e-09,  1.69541e-10,
00:01:46,    106519,   396.3341,  9.99505e-09,  4.89125e-10,  1.95411e-09,  5.67805e-09,  1.95650e-10,  2.93475e-10,  2.65294e-09,  1.69541e-10,
00:01:47,    107082,   398.4497,  9.77273e-09,  7.81525e-10,  1.73791e-09,  6.14286e-09,  2.93475e-10,  9.78250e-11,  2.37344e-09,  3.39081e-10,
00:01:47,    107645,   400.4331,  1.02174e-08,  6.83700e-10,  1.84661e-09,  5.67805e-09,  1.95650e-10,  9.78250e-11,  2.37344e-09,  1.69541e-10,
00:01:48,    108208,   403.2099,  1.02174e-08,  6.84775e-10,  1.95530e-09,  5.86335e-09,  1.95650e-10,  1.95650e-10,  2.37344e-09,  1.69541e-10,
00:01:48,    108771,   405.4577,  9.10573e-09,  5.86950e-10,  2.17150e-09,  5.77019e-09,  1.95650e-10,  1.95650e-10,  2.44332e-09,  0.00000e+00,
00:01:49,    109334,   407.5734,  8.88584e-09,  5.86950e-10,  1.95411e-09,  6.32919e-09,  9.78250e-11,  2.93475e-10,  2.51319e-09,  1.69541e-10,
00:01:49,    109897,   409.6890,  1.02174e-08,  5.85875e-10,  2.06280e-09,  6.23602e-09,  1.95650e-10,  1.95650e-10,  2.58307e-09,  3.39081e-10,
00:01:50,    110460,   411.9368,  9.77273e-09,  5.86950e-10,  1.73791e-09,  6.51552e-09,  1.95650e-10,  2.93475e-10,  2.23369e-09,  1.69541e-10,
00:01:51,    111023,   414.3169,  9.32807e-09,  5.86950e-10,  1.73791e-09,  6.32919e-09,  9.78250e-11,  3.91300e-10,  2.37344e-09,  0.00000e+00,
00:01:51,    111586,   416.6969,  9.10573e-09,  6.84775e-10,  1.95411e-09,  6.42235e-09,  1.95650e-10,  2.93475e-10,  2.58307e-09,  3.39081e-10,
00:01:52,    112149,   419.0770,  8.88341e-09,  7.81525e-10,  1.95411e-09,  6.51552e-09,  9.78250e-11,  1.95650e-10,  2.37344e-09,  3.39081e-10,
00:01:52,    112712,   421.0604,  8.66352e-09,  4.89125e-10,  1.95530e-09,  6.79502e-09,  1.95650e-10,  1.95650e-10,  2.09394e-09,  0.00000e+00,
00:01:53,    113275,   423.1760,  8.88341e-09,  6.83700e-10,  1.95530e-09,  6.51552e-09,  1.95650e-10,  2.93475e-10,  2.23369e-09,  0.00000e+00,
00:01:53,    113838,   425.5561,  8.66352e-09,  5.86950e-10,  1.84661e-09,  6.32919e-09,  2.93475e-10,  1.95650e-10,  2.23369e-09,  1.69541e-10,
00:01:54,    114401,   427.6717,  9.32807e-09,  6.84775e-10,  1.95530e-09,  6.88716e-09,  1.95650e-10,  2.93475e-10,  2.23369e-09,  0.00000e+00,
00:01:54,    114964,   430.1840,  8.88584e-09,  7.81525e-10,  2.06280e-09,  6.79400e-09,  9.78250e-11,  2.93475e-10,  2.37344e-09,  3.39081e-10,
00:01:55,    115527,   432.4319,  8.88584e-09,  7.81525e-10,  1.95411e-09,  6.42235e-09,  2.93475e-10,  2.93475e-10,  2.23369e-09,  1.69541e-10,
00:01:56,    116090,   434.6797,  9.10573e-09,  7.81525e-10,  1.73791e-09,  6.70186e-09,  1.95650e-10,  1.95650e-10,  2.16382e-09,  1.69541e-10,
00:01:56,    116653,   436.7953,  9.10573e-09,  6.84775e-10,  2.06280e-09,  6.79400e-09,  2.93475e-10,  9.78250e-11,  2.37344e-09,  3.39081e-10,
00:01:57,    117216,   438.7787,  8.88584e-09,  5.86950e-10,  1.95411e-09,  6.79400e-09,  3.91300e-10,  1.95650e-10,  2.16382e-09,  1.69541e-10,
00:01:57,    117779,   441.2910,  8.44118e-09,  5.86950e-10,  1.95411e-09,  6.60869e-09,  1.95650e-10,  2.93475e-10,  2.30357e-09,  1.69541e-10,
00:01:58,    118342,   443.5389,  9.10573e-09,  7.81525e-10,  1.95411e-09,  6.98033e-09,  1.95650e-10,  2.93475e-10,  2.37344e-09,  1.69541e-10,
00:01:58,    118905,   445.9189,  8.88341e-09,  6.83700e-10,  1.95530e-09,  7.25983e-09,  1.95650e-10,  2.93475e-10,  2.16382e-09,  0.00000e+00,
00:01:59,    119468,   448.2990,  9.10573e-09,  5.86950e-10,  1.95530e-09,  6.98033e-09,  1.95650e-10,  2.93475e-10,  2.23369e-09,  1.69541e-10,
00:02:00,    120031,   450.5468,  8.88341e-09,  7.81525e-10,  1.73791e-09,  7.07350e-09,  2.93475e-10,  1.95650e-10,  2.16382e-09,  5.08622e-10,
00:02:00,    120594,   452.5302,  8.21886e-09,  5.86950e-10,  1.84661e-09,  7.16667e-09,  1.95650e-10,  2.93475e-10,  2.16382e-09,  1.69541e-10,
00:02:01,    121157,   454.9103,  8.88584e-09,  4.89125e-10,  1.95530e-09,  6.98033e-09,  9.78250e-11,  1.95650e-10,  2.23369e-09,  0.00000e+00,
00:02:01,    121720,   457.1582,  8.44118e-09,  6.83700e-10,  1.84661e-09,  7.44617e-09,  1.95650e-10,  2.93475e-10,  2.09394e-09,  1.69541e-10,
00:02:02,    122283,   459.4060,  8.88341e-09,  5.86950e-10,  2.17150e-09,  7.25983e-09,  2.93475e-10,  9.78250e-11,  2.23369e-09,  3.39081e-10,
00:02:02,    122846,   461.7861,  8.66352e-09,  5.86950e-10,  1.84661e-09,  7.25983e-09,  1.95650e-10,  2.93475e-10,  2.30357e-09,  0.00000e+00,
00:02:03,    123409,   464.1661,  8.44118e-09,  4.89125e-10,  1.95411e-09,  7.35300e-09,  2.93475e-10,  9.78250e-11,  2.37344e-09,  3.39081e-10,
00:02:03,    123972,   466.4140,  8.66352e-09,  6.83700e-10,  1.95530e-09,  7.72567e-09,  1.95650e-10,  1.95650e-10,  2.23369e-09,  1.69541e-10,
00:02:04,    124535,   468.6618,  9.77273e-09,  5.86950e-10,  2.06280e-09,  7.63250e-09,  2.93475e-10,  9.78250e-11,  2.16382e-09,  3.39081e-10,
00:02:05,    125098,   470.6452,  8.44118e-09,  5.86950e-10,  1.84661e-09,  7.81781e-09,  2.93475e-10,  1.95650e-10,  2.30357e-09,  1.69541e-10,
00:02:05,    125661,   473.0253,  8.44118e-09,  5.86950e-10,  1.84661e-09,  7.81781e-09,  1.95650e-10,  2.93475e-10,  2.16382e-09, -1.69541e-10,
00:02:06,    126224,   475.0087,  8.44118e-09,  5.86950e-10,  1.95530e-09,  7.81883e-09,  1.95650e-10,  3.91300e-10,  2.23369e-09,  5.08622e-10,
00:02:06,    126787,   477.3888,  8.88584e-09,  7.81525e-10,  1.95411e-09,  7.63250e-09,  9.78250e-11,  1.95650e-10,  2.16382e-09,  1.69541e-10,
00:02:07,    127350,   479.6366,  9.55039e-09,  5.86950e-10,  2.06280e-09,  7.35300e-09,  1.95650e-10,  2.93475e-10,  2.16382e-09,  0.00000e+00,
00:02:07,    127913,   481.8845,  8.88341e-09,  5.86950e-10,  1.95530e-09,  7.91097e-09,  2.93475e-10,  2.93475e-10,  2.44332e-09,  1.69541e-10,
00:02:08,    128476,   484.2645,  9.10573e-09,  7.81525e-10,  1.95411e-09,  7.91097e-09,  1.95650e-10,  1.95650e-10,  2.16382e-09,  0.00000e+00,
00:02:09,    129039,   486.6446,  8.66352e-09,  7.81525e-10,  1.95411e-09,  7.63250e-09,  2.93475e-10,  9.78250e-11,  2.16382e-09,  1.69541e-10,
00:02:09,    129602,   488.6280,  8.44118e-09,  5.86950e-10,  2.06280e-09,  7.44617e-09,  2.93475e-10,  2.93475e-10,  2.23369e-09,  3.39081e-10,
00:02:10,    130165,   491.1403,  8.88584e-09,  4.89125e-10,  1.84661e-09,  7.72567e-09,  1.95650e-10,  2.93475e-10,  2.30357e-09,  0.00000e+00,
00:02:10,    130728,   493.2559,  8.88584e-09,  6.84775e-10,  1.95530e-09,  6.98033e-09,  1.95650e-10,  2.93475e-10,  2.23369e-09,  3.39081e-10,
00:02:11,    131291,   495.5037,  8.88584e-09,  4.89125e-10,  1.84661e-09,  6.88716e-09,  1.95650e-10,  2.93475e-10,  2.30357e-09,  3.39081e-10,
00:02:11,    131854,   497.8838,  8.88584e-09,  6.84775e-10,  2.17150e-09,  6.88716e-09,  1.95650e-10,  2.93475e-10,  2.09394e-09,  3.39081e-10,
00:02:12,    132417,   500.1316,  8.44118e-09,  4.89125e-10,  1.84661e-09,  7.07350e-09,  2.93475e-10,  2.93475e-10,  2.23369e-09,  1.69541e-10,
00:02:12,    132980,   502.6439,  8.88584e-09,  5.86950e-10,  1.95530e-09,  6.79502e-09,  2.93475e-10,  2.93475e-10,  2.16382e-09,  0.00000e+00,
00:02:13,    133543,   504.6273,  7.99652e-09,  4.89125e-10,  2.17150e-09,  6.42235e-09,  1.95650e-10,  1.95650e-10,  1.95496e-09,  1.69541e-10,
00:02:14,    134106,   507.1396,  8.88584e-09,  5.86950e-10,  2.06280e-09,  6.60869e-09,  1.95650e-10,  1.95650e-10,  2.16382e-09,  3.39081e-10,
00:02:14,    134669,   509.1230,  8.66352e-09,  6.84775e-10,  2.06280e-09,  6.42235e-09,  2.93475e-10,  1.95650e-10,  2.16382e-09,  1.69541e-10,
00:02:15,    135232,   511.5031,  8.66352e-09,  5.86950e-10,  2.17150e-09,  6.42235e-09,  9.78250e-11,  2.93475e-10,  2.02407e-09,  0.00000e+00,
00:02:15,    135795,   513.3543,  8.88584e-09,  4.89125e-10,  2.06280e-09,  6.42235e-09,  1.95650e-10,  2.93475e-10,  2.37344e-09,  1.69541e-10,
00:02:16,    136358,   516.2633,  8.44118e-09,  4.89125e-10,  1.84661e-09,  6.79502e-09,  1.95650e-10,  1.95650e-10,  2.16382e-09,  1.69541e-10,
00:02:16,    136921,   518.2467,  8.88584e-09,  5.86950e-10,  1.95530e-09,  6.04969e-09,  2.93475e-10,  2.93475e-10,  2.16382e-09,  1.69541e-10,
00:02:17,    137484,   520.6267,  7.77420e-09,  5.86950e-10,  1.84661e-09,  5.95652e-09,  9.78250e-11,  3.91300e-10,  2.23369e-09,  1.69541e-10,
00:02:18,    138047,   522.7423,  8.21886e-09,  6.84775e-10,  1.95411e-09,  6.14286e-09,  2.93475e-10,  3.91300e-10,  2.02407e-09,  3.39081e-10,
00:02:18,    138610,   524.8579,  7.99652e-09,  5.86950e-10,  2.06280e-09,  6.42235e-09,  2.93475e-10,  2.93475e-10,  2.16382e-09,  1.69541e-10,
00:02:19,    139173,   527.2380,  8.21886e-09,  7.81525e-10,  1.84661e-09,  5.67805e-09,  1.95650e-10,  2.93475e-10,  1.95496e-09,  1.69541e-10,
00:02:19,    139736,   529.6181,  7.99652e-09,  5.86950e-10,  1.95411e-09,  6.14286e-09,  9.78250e-11,  2.93475e-10,  2.09394e-09,  1.69541e-10,
00:02:20,    140299,   531.8659,  8.21886e-09,  4.89125e-10,  2.17150e-09,  6.04969e-09,  1.95650e-10,  1.95650e-10,  2.23369e-09,  1.69541e-10,
00:02:20,    140862,   533.8493,  8.44118e-09,  6.83700e-10,  1.84661e-09,  5.86335e-09,  1.95650e-10,  1.95650e-10,  2.02407e-09,  3.39081e-10,
00:02:21,    141425,   536.3617,  8.21886e-09,  5.86950e-10,  1.95411e-09,  5.86335e-09,  1.95650e-10,  2.93475e-10,  2.37344e-09,  5.08622e-10,
00:02:21,    141988,   538.4773,  8.66352e-09,  6.84775e-10,  1.84661e-09,  5.95652e-09,  9.78250e-11,  2.93475e-10,  2.09394e-09,  1.69541e-10,
00:02:22,    142551,   540.8573,  8.21886e-09,  5.86950e-10,  1.95530e-09,  5.77121e-09,  1.95650e-10,  2.93475e-10,  2.02484e-09,  3.39081e-10,
00:02:23,    143114,   543.1052,  8.88584e-09,  5.86950e-10,  1.95411e-09,  5.67805e-09,  9.78250e-11,  2.93475e-10,  2.09394e-09,  3.39081e-10,
00:02:23,    143677,   545.2208,  9.10573e-09,  6.84775e-10,  2.06280e-09,  5.86335e-09,  1.95650e-10,  1.95650e-10,  2.37344e-09,  0.00000e+00,
00:02:24,    144240,   547.6009,  8.88341e-09,  6.83700e-10,  1.84661e-09,  5.77121e-09,  2.93475e-10,  2.93475e-10,  2.16382e-09,  1.69541e-10,
00:02:24,    144803,   549.7165,  9.10573e-09,  5.86950e-10,  2.06280e-09,  5.95652e-09,  1.95650e-10,  2.93475e-10,  2.09394e-09,  3.39081e-10,
00:02:25,    145366,   552.2288,  8.21886e-09,  5.86950e-10,  2.17150e-09,  5.86335e-09,  1.95650e-10,  4.89125e-10,  2.23369e-09,  3.39081e-10,
00:02:25,    145929,   554.4766,  8.66352e-09,  5.86950e-10,  2.06280e-09,  6.04969e-09,  0.00000e+00,  3.91300e-10,  2.02484e-09,  0.00000e+00,
00:02:26,    146492,   556.5922,  8.66352e-09,  5.86950e-10,  1.95411e-09,  5.58488e-09,  1.95650e-10,  2.93475e-10,  2.02407e-09,  0.00000e+00,
00:02:27,    147055,   558.8401,  9.10573e-09,  6.84775e-10,  2.06280e-09,  5.58488e-09,  1.95650e-10,  1.95650e-10,  2.16382e-09,  1.69541e-10,
00:02:27,    147618,   560.9557,  7.77420e-09,  4.89125e-10,  2.17150e-09,  5.95652e-09,  1.95650e-10,  1.95650e-10,  2.09394e-09,  1.69541e-10,
00:02:28,    148181,   563.2035,  8.66352e-09,  6.83700e-10,  2.06280e-09,  6.14286e-09,  9.78250e-11,  2.93475e-10,  2.09394e-09,  0.00000e+00,
00:02:28,    148744,   565.4514,  7.99652e-09,  6.84775e-10,  1.84541e-09,  5.77121e-09,  2.93475e-10,  2.93475e-10,  2.09394e-09,  1.69541e-10,
00:02:29,    149307,   567.8314,  8.88584e-09,  7.81525e-10,  1.95411e-09,  5.39854e-09,  1.95650e-10,  1.95650e-10,  2.09394e-09,  0.00000e+00,
00:02:29,    149870,   569.8148,  8.88584e-09,  6.84775e-10,  1.73791e-09,  5.67805e-09,  1.95650e-10,  3.91300e-10,  1.88509e-09,  3.39081e-10,
00:02:30,    150433,   572.4594,  8.66352e-09,  5.86950e-10,  1.95411e-09,  5.58488e-09,  1.95650e-10,  2.93475e-10,  2.16382e-09,  1.69541e-10,
00:02:30,    150996,   574.4428,  8.21886e-09,  6.84775e-10,  1.95411e-09,  5.58488e-09,  2.93475e-10,  2.93475e-10,  2.23369e-09,  0.00000e+00,
00:02:31,    151559,   576.8228,  8.21886e-09,  4.89125e-10,  2.06280e-09,  5.58488e-09,  0.00000e+00,  2.93475e-10,  2.16382e-09,  1.69541e-10,
00:02:32,    152122,   579.0707,  8.21886e-09,  5.86950e-10,  2.17150e-09,  5.95652e-09,  0.00000e+00,  2.93475e-10,  2.09394e-09,  0.00000e+00,
00:02:32,    152685,   581.0540,  8.44118e-09,  3.91300e-10,  2.17150e-09,  5.86335e-09,  2.93475e-10,  1.95650e-10,  1.81521e-09,  1.69541e-10,
00:02:33,    153248,   583.4342,  8.88584e-09,  5.86950e-10,  2.06280e-09,  5.77019e-09,  9.78250e-11,  1.95650e-10,  1.95496e-09,  3.39081e-10,
00:02:33,    153811,   585.9464,  8.66352e-09,  5.86950e-10,  2.06280e-09,  5.58488e-09,  1.95650e-10,  9.78250e-11,  2.02407e-09,  3.39081e-10,
00:02:34,    154374,   588.0620,  7.32955e-09,  5.86950e-10,  2.28019e-09,  5.77121e-09,  2.93475e-10,  9.78250e-11,  2.02407e-09,  3.39081e-10,
00:02:34,    154937,   590.4421,  7.77420e-09,  6.84775e-10,  2.17150e-09,  5.77121e-09,  2.93475e-10,  2.93475e-10,  2.09394e-09,  1.69541e-10,
00:02:35,    155500,   592.8222,  8.21886e-09,  6.84775e-10,  2.06280e-09,  5.58488e-09,  1.95650e-10,  1.95650e-10,  2.09394e-09,  0.00000e+00,
00:02:36,    156063,   594.8056,  8.88341e-09,  4.89125e-10,  1.95411e-09,  5.77019e-09,  9.78250e-11,  2.93475e-10,  2.30357e-09,  1.69541e-10,
00:02:36,    156626,   597.1856,  8.21886e-09,  6.84775e-10,  1.95411e-09,  5.77019e-09,  2.93475e-10,  2.93475e-10,  2.09394e-09,  1.69541e-10,
00:02:37,    157189,   599.5658,  8.88584e-09,  4.89125e-10,  1.95411e-09,  5.77121e-09,  1.95650e-10,  2.93475e-10,  2.02407e-09,  1.69541e-10,
00:02:37,    157752,   601.6814,  8.66352e-09,  6.83700e-10,  2.06280e-09,  5.77121e-09,  1.95650e-10,  2.93475e-10,  2.02407e-09,  3.39081e-10,
00:02:38,    158315,   603.7970,  8.44118e-09,  4.89125e-10,  1.95530e-09,  5.67805e-09,  2.93475e-10,  2.93475e-10,  1.88509e-09,  0.00000e+00,
00:02:38,    158878,   606.0448,  8.88584e-09,  5.86950e-10,  2.17150e-09,  5.77019e-09,  2.93475e-10,  2.93475e-10,  1.95496e-09,  1.69541e-10,
00:02:39,    159441,   608.4249,  7.99652e-09,  5.86950e-10,  2.28019e-09,  5.77019e-09,  1.95650e-10,  1.95650e-10,  1.88509e-09,  0.00000e+00,
00:02:40,    160004,   610.6728,  7.99652e-09,  6.84775e-10,  2.06280e-09,  5.49171e-09,  1.95650e-10,  2.93475e-10,  2.09394e-09,  1.69541e-10,
00:02:40,    160567,   613.0528,  8.21886e-09,  5.86950e-10,  2.06280e-09,  5.77121e-09,  2.93475e-10,  3.91300e-10,  2.09394e-09,  1.69541e-10,
00:02:41,    161130,   615.1684,  8.44118e-09,  5.86950e-10,  2.38889e-09,  5.77019e-09,  1.95650e-10,  1.95650e-10,  2.16382e-09,  1.69541e-10,
00:02:41,    161693,   617.6807,  8.44118e-09,  4.89125e-10,  1.84661e-09,  5.77019e-09,  1.95650e-10,  2.93475e-10,  2.02407e-09,  1.69541e-10,
00:02:42,    162256,   619.7963,  8.21886e-09,  6.84775e-10,  1.95530e-09,  5.77121e-09,  1.95650e-10,  1.95650e-10,  2.02407e-09,  1.69541e-10,
00:02:42,    162819,   622.0442,  7.99652e-09,  4.89125e-10,  2.06280e-09,  5.67805e-09,  2.93475e-10,  2.93475e-10,  2.09394e-09,  0.00000e+00,
00:02:43,    163382,   624.1598,  7.77420e-09,  5.86950e-10,  2.06280e-09,  5.86335e-09,  2.93475e-10,  2.93475e-10,  2.16382e-09,  1.69541e-10,
00:02:43,    163945,   626.2754,  8.21886e-09,  6.84775e-10,  2.17150e-09,  5.49171e-09,  1.95650e-10,  2.93475e-10,  2.16382e-09,  1.69541e-10,
00:02:44,    164508,   629.0521,  8.66352e-09,  4.89125e-10,  1.84661e-09,  5.67702e-09,  1.95650e-10,  9.78250e-11,  2.09394e-09,  3.39081e-10,
00:02:45,    165071,   631.1678,  8.44118e-09,  5.86950e-10,  2.28019e-09,  5.67805e-09,  2.93475e-10,  1.95650e-10,  2.02407e-09,  1.69541e-10,
00:02:45,    165634,   633.4156,  8.44118e-09,  6.84775e-10,  2.17150e-09,  5.86335e-09,  1.95650e-10,  2.93475e-10,  2.09394e-09,  1.69541e-10,
00:02:46,    166197,   635.5313,  8.44118e-09,  4.89125e-10,  2.17150e-09,  6.04969e-09,  9.78250e-11,  1.95650e-10,  2.09394e-09,  3.39081e-10,
00:02:46,    166760,   637.7791,  7.99652e-09,  5.86950e-10,  2.17150e-09,  5.58488e-09,  2.93475e-10,  2.93475e-10,  2.16382e-09,  3.39081e-10,
00:02:47,    167323,   640.1591,  6.66255e-09,  7.81525e-10,  2.06280e-09,  5.58488e-09,  1.95650e-10,  1.95650e-10,  2.02407e-09,  0.00000e+00,
00:02:47,    167886,   642.4070,  7.99652e-09,  5.86950e-10,  2.17150e-09,  5.77121e-09,  2.93475e-10,  1.95650e-10,  1.81521e-09,  3.39081e-10,
00:02:48,    168449,   644.5226,  8.21886e-09,  5.86950e-10,  2.17150e-09,  5.58488e-09,  2.93475e-10,  1.95650e-10,  2.02407e-09,  0.00000e+00,
00:02:49,    169012,   646.9027,  8.21886e-09,  5.86950e-10,  2.06280e-09,  5.67805e-09,  2.93475e-10,  2.93475e-10,  2.02407e-09,  1.69541e-10,
00:02:49,    169575,   649.1505,  7.77420e-09,  6.84775e-10,  2.17150e-09,  6.04969e-09,  2.93475e-10,  9.78250e-11,  1.95496e-09,  0.00000e+00,
00:02:50,    170138,   651.2661,  7.99652e-09,  5.86950e-10,  2.06280e-09,  5.67805e-09,  2.93475e-10,  1.95650e-10,  2.02407e-09,  0.00000e+00,
00:02:50,    170701,   653.5140,  8.21886e-09,  4.89125e-10,  2.28019e-09,  5.67805e-09,  2.93475e-10,  3.91300e-10,  1.95496e-09,  0.00000e+00,
00:02:51,    171264,   655.6296,  8.21886e-09,  7.81525e-10,  2.06280e-09,  5.86335e-09,  1.95650e-10,  1.95650e-10,  2.23369e-09,  0.00000e+00,
00:02:51,    171827,   658.1419,  8.44118e-09,  6.84775e-10,  2.38889e-09,  6.14286e-09,  2.93475e-10,  2.93475e-10,  2.09394e-09,  1.69541e-10,
00:02:52,    172390,   660.1253,  7.55186e-09,  5.86950e-10,  1.95411e-09,  6.04969e-09,  1.95650e-10,  1.95650e-10,  2.09394e-09,  1.69541e-10,
00:02:52,    172953,   662.5054,  7.55186e-09,  5.86950e-10,  2.17150e-09,  5.67805e-09,  1.95650e-10,  2.93475e-10,  2.09394e-09,  1.69541e-10,
00:02:53,    173516,   664.8855,  8.21886e-09,  5.86950e-10,  2.06280e-09,  5.77121e-09,  1.95650e-10,  1.95650e-10,  2.02407e-09,  0.00000e+00,
00:02:54,    174079,   667.1333,  8.66352e-09,  7.81525e-10,  2.17150e-09,  5.67805e-09,  1.95650e-10,  1.95650e-10,  1.95496e-09,  1.69541e-10,
00:02:54,    174642,   669.2489,  8.88341e-09,  6.84775e-10,  2.17150e-09,  6.14286e-09,  1.95650e-10,  2.93475e-10,  1.95496e-09,  1.69541e-10,
00:02:55,    175205,   671.4968,  8.21886e-09,  5.86950e-10,  2.17150e-09,  5.95652e-09,  3.91300e-10,  2.93475e-10,  2.16382e-09,  3.39081e-10,
00:02:55,    175768,   674.1413,  7.55186e-09,  5.86950e-10,  2.06280e-09,  5.67805e-09,  9.78250e-11,  3.91300e-10,  2.16382e-09,  3.39081e-10,
00:02:56,    176331,   675.8603,  8.21886e-09,  6.84775e-10,  2.38889e-09,  5.95652e-09,  2.93475e-10,  1.95650e-10,  1.95496e-09,  3.39081e-10,
00:02:56,    176894,   678.3725,  7.77420e-09,  4.89125e-10,  2.28019e-09,  5.67805e-09,  2.93475e-10,  9.78250e-11,  2.16382e-09,  0.00000e+00,
00:02:57,    177457,   680.4881,  7.77420e-09,  6.83700e-10,  2.17150e-09,  5.95652e-09,  1.95650e-10,  3.91300e-10,  2.09394e-09,  1.69541e-10,
00:02:58,    178020,   683.0005,  7.99652e-09,  6.84775e-10,  2.28019e-09,  5.67805e-09,  2.93475e-10,  2.93475e-10,  2.30357e-09,  1.69541e-10,
00:02:58,    178583,   685.3805,  9.10573e-09,  5.86950e-10,  2.49758e-09,  5.86335e-09,  1.95650e-10,  9.78250e-11,  2.02407e-09,  1.69541e-10,
00:02:59,    179146,   687.3639,  8.21886e-09,  6.83700e-10,  2.17150e-09,  6.04969e-09,  1.95650e-10,  2.93475e-10,  1.81521e-09,  0.00000e+00,
00:02:59,    179709,   689.8762,  8.21886e-09,  5.86950e-10,  2.28019e-09,  5.67805e-09,  1.95650e-10,  2.93475e-10,  2.09394e-09,  0.00000e+00,
00:03:00,    180272,   691.9918,  7.77420e-09,  5.86950e-10,  2.17150e-09,  6.04969e-09,  1.95650e-10,  4.89125e-10,  2.02407e-09,  1.69541e-10,
00:03:00,    180835,   694.1074,  7.99652e-09,  6.84775e-10,  2.06280e-09,  6.14286e-09,  1.95650e-10,  2.93475e-10,  2.09394e-09,  1.69541e-10,
00:03:01,    181398,   696.6197,  7.99652e-09,  7.81525e-10,  2.17150e-09,  5.86335e-09,  2.93475e-10,  2.93475e-10,  2.09394e-09,  1.69541e-10,
00:03:01,    181961,   698.7354,  7.77420e-09,  4.89125e-10,  2.28019e-09,  5.86335e-09,  1.95650e-10,  2.93475e-10,  1.81521e-09,  0.00000e+00,
00:03:02,    182524,   700.9832,  8.21886e-09,  5.86950e-10,  2.17150e-09,  5.86335e-09,  1.95650e-10,  1.95650e-10,  1.95419e-09,  0.00000e+00,
00:03:03,    183087,   703.2310,  7.77420e-09,  5.86950e-10,  2.17150e-09,  5.67805e-09,  2.93475e-10,  1.95650e-10,  2.16382e-09,  1.69541e-10,
00:03:03,    183650,   705.4789,  7.77420e-09,  7.81525e-10,  2.17150e-09,  6.04969e-09,  2.93475e-10,  1.95650e-10,  2.30357e-09,  3.39081e-10,
00:03:04,    184213,   707.7267,  7.77420e-09,  6.84775e-10,  2.17150e-09,  6.04969e-09,  2.93475e-10,  1.95650e-10,  2.02407e-09,  0.00000e+00,
00:03:04,    184776,   709.9746,  8.66352e-09,  4.89125e-10,  2.38889e-09,  6.14286e-09,  3.91300e-10,  2.93475e-10,  2.09394e-09,  1.69541e-10,
00:03:05,    185339,   712.0902,  9.10573e-09,  5.86950e-10,  2.06280e-09,  6.04969e-09,  1.95650e-10,  3.91300e-10,  1.95496e-09,  1.69541e-10,
00:03:05,    185902,   714.3380,  8.44118e-09,  5.86950e-10,  2.17150e-09,  6.14286e-09,  1.95650e-10,  1.95650e-10,  2.02407e-09,  3.39081e-10,
00:03:06,    186465,   716.7181,  7.77420e-09,  7.81525e-10,  2.28019e-09,  6.14286e-09,  2.93475e-10,  3.91300e-10,  2.16382e-09,  1.69541e-10,
00:03:07,    187028,   719.0982,  7.77420e-09,  7.81525e-10,  2.38889e-09,  5.95652e-09,  2.93475e-10,  9.78250e-11,  2.02407e-09,  0.00000e+00,
00:03:07,    187591,   721.3460,  7.55186e-09,  6.83700e-10,  2.28019e-09,  6.04969e-09,  9.78250e-11,  2.93475e-10,  2.23369e-09,  1.69541e-10,
00:03:08,    188154,   723.7261,  8.21886e-09,  5.86950e-10,  2.06280e-09,  5.95652e-09,  1.95650e-10,  2.93475e-10,  2.16382e-09,  1.69541e-10,
00:03:08,    188717,   725.7095,  7.99652e-09,  5.86950e-10,  2.28019e-09,  5.86335e-09,  9.78250e-11,  1.95650e-10,  2.30357e-09,  3.39081e-10,
00:03:09,    189280,   727.9574,  8.44118e-09,  4.89125e-10,  2.17150e-09,  5.86335e-09,  1.95650e-10,  2.93475e-10,  1.95496e-09,  1.69541e-10,
00:03:09,    189843,   730.4696,  7.99652e-09,  4.89125e-10,  2.17150e-09,  5.86335e-09,  2.93475e-10,  1.95650e-10,  2.02407e-09,  3.39081e-10,
00:03:10,    190406,   732.5852,  7.10720e-09,  5.86950e-10,  2.06280e-09,  5.67805e-09,  1.95650e-10,  1.95650e-10,  2.16382e-09, -1.69541e-10,
00:03:10,    190969,   734.9653,  8.66352e-09,  5.86950e-10,  2.28019e-09,  5.58488e-09,  1.95650e-10,  1.95650e-10,  1.95496e-09,  1.69541e-10,
00:03:11,    191532,   737.2132,  7.77420e-09,  4.89125e-10,  2.38889e-09,  5.86335e-09,  1.95650e-10,  2.93475e-10,  2.02484e-09,  1.69541e-10,
00:03:12,    192095,   739.1966,  8.66352e-09,  6.84775e-10,  2.49758e-09,  5.49171e-09,  1.95650e-10,  2.93475e-10,  2.09394e-09,  1.69541e-10,
00:03:12,    192658,   741.5766,  7.32955e-09,  7.81525e-10,  2.17150e-09,  6.04969e-09,  1.95650e-10,  1.95650e-10,  2.02407e-09,  0.00000e+00,
00:03:13,    193221,   743.9567,  8.21886e-09,  5.86950e-10,  2.17150e-09,  5.77019e-09,  1.95650e-10,  1.95650e-10,  2.02484e-09,  3.39081e-10,
00:03:13,    193784,   746.3368,  7.55186e-09,  4.89125e-10,  1.95411e-09,  5.95652e-09,  2.93475e-10,  2.93475e-10,  2.02407e-09,  0.00000e+00,
00:03:14,    194347,   748.4524,  8.21886e-09,  6.84775e-10,  2.17150e-09,  5.86335e-09,  1.95650e-10,  2.93475e-10,  2.02407e-09,  3.39081e-10,
00:03:14,    194910,   750.5680,  7.99652e-09,  6.84775e-10,  2.38889e-09,  5.86335e-09,  9.78250e-11,  2.93475e-10,  1.95496e-09,  1.69541e-10,
00:03:15,    195473,   752.9481,  8.21886e-09,  5.86950e-10,  2.17150e-09,  5.95652e-09,  1.95650e-10,  2.93475e-10,  2.09394e-09,  1.69541e-10,
00:03:16,    196036,   755.0637,  8.88584e-09,  5.86950e-10,  2.28019e-09,  6.04969e-09,  1.95650e-10,  1.95650e-10,  1.95496e-09,  3.39081e-10,
00:03:16,    196599,   757.5760,  8.44118e-09,  5.86950e-10,  2.38889e-09,  5.86335e-09,  1.95650e-10,  2.93475e-10,  1.95496e-09,  1.69541e-10,
00:03:17,    197162,   759.8238,  7.99652e-09,  5.86950e-10,  2.28019e-09,  6.14286e-09,  1.95650e-10,  2.93475e-10,  1.95496e-09,  3.39081e-10,
00:03:17,    197725,   761.9395,  7.99652e-09,  4.89125e-10,  2.49758e-09,  5.67805e-09,  1.95650e-10,  2.93475e-10,  2.16382e-09,  1.69541e-10,
00:03:18,    198288,   764.1873,  7.55186e-09,  5.86950e-10,  2.38889e-09,  5.67805e-09,  1.95650e-10,  2.93475e-10,  2.09394e-09,  1.69541e-10,
00:03:18,    198851,   766.3029,  6.66255e-09,  4.89125e-10,  2.49758e-09,  5.67805e-09,  9.78250e-11,  9.78250e-11,  2.16382e-09,  3.39081e-10,
00:03:19,    199414,   768.6830,  8.21886e-09,  6.84775e-10,  2.17150e-09,  5.67805e-09,  1.95650e-10,  1.95650e-10,  2.09394e-09,  1.69541e-10,
00:03:19,    199977,   770.7986,  8.44118e-09,  4.89125e-10,  2.38889e-09,  5.77019e-09,  1.95650e-10,  2.93475e-10,  2.23369e-09,  1.69541e-10,
00:03:20,    200540,   773.1787,  7.99652e-09,  6.84775e-10,  2.28019e-09,  5.58488e-09,  1.95650e-10,  2.93475e-10,  2.23369e-09,  3.39081e-10,
00:03:21,    201103,   775.4265,  8.21886e-09,  5.86950e-10,  2.38889e-09,  6.14286e-09,  1.95650e-10,  1.95650e-10,  2.16382e-09,  1.69541e-10,
00:03:21,    201666,   777.5421,  8.21886e-09,  6.84775e-10,  2.60628e-09,  5.86335e-09,  2.93475e-10,  9.78250e-11,  2.09394e-09,  3.39081e-10,
00:03:22,    202229,   780.1867,  7.99652e-09,  4.89125e-10,  2.38889e-09,  5.86335e-09,  1.95650e-10,  3.91300e-10,  2.16382e-09,  1.69541e-10,
00:03:22,    202792,   782.4345,  7.99652e-09,  6.84775e-10,  2.28019e-09,  5.95652e-09,  1.95650e-10,  1.95650e-10,  2.02484e-09,  3.39081e-10,
00:03:23,    203355,   784.5501,  7.77420e-09,  6.83700e-10,  2.38889e-09,  6.23602e-09,  2.93475e-10,  2.93475e-10,  2.02407e-09,  0.00000e+00,
00:03:23,    203918,   786.7980,  7.77420e-09,  6.83700e-10,  2.17150e-09,  5.86335e-09,  1.95650e-10,  3.91300e-10,  2.02484e-09,  0.00000e+00,
00:03:24,    204481,   789.0458,  7.55186e-09,  5.86950e-10,  2.49758e-09,  5.67805e-09,  2.93475e-10,  2.93475e-10,  2.37344e-09,  1.69541e-10,
00:03:25,    205044,   791.1615,  8.21886e-09,  5.86950e-10,  2.28019e-09,  6.14286e-09,  1.95650e-10,  2.93475e-10,  2.16382e-09,  1.69541e-10,
00:03:25,    205607,   793.5415,  8.21886e-09,  5.86950e-10,  2.38889e-09,  6.04969e-09,  2.93475e-10,  1.95650e-10,  2.16382e-09,  1.69541e-10,
00:03:26,    206170,   795.7893,  8.44118e-09,  4.89125e-10,  2.60628e-09,  6.14286e-09,  1.95650e-10,  1.95650e-10,  1.95496e-09,  1.69541e-10,
00:03:26,    206733,   798.1694,  8.44118e-09,  5.86950e-10,  2.49758e-09,  5.95652e-09,  1.95650e-10,  2.93475e-10,  2.09394e-09,  1.69541e-10,
00:03:27,    207296,   800.1528,  8.66352e-09,  5.86950e-10,  2.49758e-09,  6.32919e-09,  2.93475e-10,  3.91300e-10,  2.02484e-09,  0.00000e+00,
00:03:27,    207859,   802.4007,  7.77420e-09,  6.84775e-10,  2.38889e-09,  5.95652e-09,  1.95650e-10,  2.93475e-10,  2.16382e-09,  0.00000e+00,
00:03:28,    208422,   804.6485,  8.88584e-09,  6.84775e-10,  2.38889e-09,  5.86335e-09,  9.78250e-11,  2.93475e-10,  2.09394e-09,  1.69541e-10,
00:03:28,    208985,   807.1608,  7.77420e-09,  8.79350e-10,  2.38889e-09,  6.04969e-09,  9.78250e-11,  2.93475e-10,  1.88509e-09,  1.69541e-10,
00:03:29,    209548,   809.1442,  8.66352e-09,  5.86950e-10,  2.28019e-09,  6.23602e-09,  2.93475e-10,  1.95650e-10,  2.09394e-09,  1.69541e-10,
00:03:30,    210111,   811.5243,  7.55186e-09,  6.84775e-10,  2.38889e-09,  5.77121e-09,  1.95650e-10,  2.93475e-10,  2.16382e-09,  1.69541e-10,
00:03:30,    210674,   813.7721,  7.77420e-09,  6.84775e-10,  2.60628e-09,  5.77019e-09,  1.95650e-10,  2.93475e-10,  1.81521e-09,  0.00000e+00,
00:03:31,    211237,   815.7555,  8.44118e-09,  6.83700e-10,  2.49758e-09,  5.86335e-09,  1.95650e-10,  2.93475e-10,  2.09394e-09,  3.39081e-10,
00:03:31,    211800,   818.4000,  8.21886e-09,  5.86950e-10,  2.38889e-09,  6.14286e-09,  3.91300e-10,  3.91300e-10,  2.09394e-09,  1.69541e-10,
00:03:32,    212363,   820.3834,  7.99652e-09,  6.84775e-10,  2.38889e-09,  6.23602e-09,  1.95650e-10,  3.91300e-10,  2.23369e-09,  1.69541e-10,
00:03:32,    212926,   822.8957,  7.77420e-09,  6.84775e-10,  2.38889e-09,  5.86335e-09,  1.95650e-10,  2.93475e-10,  1.95496e-09,  1.69541e-10,
00:03:33,    213489,   825.0113,  7.32955e-09,  6.84775e-10,  2.60628e-09,  6.14286e-09,  1.95650e-10,  2.93475e-10,  2.02407e-09,  0.00000e+00,
00:03:34,    214052,   827.2592,  8.21886e-09,  3.91300e-10,  2.60628e-09,  6.23602e-09,  2.93475e-10,  1.95650e-10,  2.16382e-09,  1.69541e-10,
00:03:34,    214615,   829.5070,  7.99652e-09,  5.86950e-10,  2.60628e-09,  6.23602e-09,  1.95650e-10,  3.91300e-10,  2.09394e-09,  1.69541e-10,
00:03:35,    215178,   831.4904,  7.10720e-09,  6.84775e-10,  2.60628e-09,  6.14286e-09,  2.93475e-10,  2.93475e-10,  2.09394e-09,  1.69541e-10,
00:03:35,    215741,   834.1349,  8.21886e-09,  7.81525e-10,  2.38889e-09,  6.32919e-09,  2.93475e-10,  2.93475e-10,  2.02407e-09,  1.69541e-10,
00:03:36,    216304,   836.3828,  7.99652e-09,  7.81525e-10,  2.49758e-09,  6.23602e-09,  9.78250e-11,  1.95650e-10,  2.09394e-09,  1.69541e-10,
00:03:36,    216867,   838.6306,  7.55186e-09,  6.83700e-10,  2.28019e-09,  6.42235e-09,  1.95650e-10,  2.93475e-10,  2.16382e-09,  1.69541e-10,
00:03:37,    217430,   840.8785,  8.44118e-09,  6.83700e-10,  2.17150e-09,  6.14286e-09,  9.78250e-11,  3.91300e-10,  2.02407e-09,  1.69541e-10,
00:03:37,    217993,   843.1263,  7.99652e-09,  7.81525e-10,  2.82367e-09,  6.42235e-09,  2.93475e-10,  2.93475e-10,  2.09394e-09,  3.39081e-10,
00:03:38,    218556,   845.6386,  8.66352e-09,  6.84775e-10,  2.38889e-09,  6.42235e-09,  1.95650e-10,  1.95650e-10,  2.16382e-09,  3.39081e-10,
00:03:39,    219119,   848.0187,  8.66352e-09,  5.86950e-10,  2.28019e-09,  6.51552e-09,  2.93475e-10,  2.93475e-10,  2.09394e-09,  3.39081e-10,
00:03:39,    219682,   850.1343,  7.99652e-09,  5.86950e-10,  2.38889e-09,  6.60869e-09,  2.93475e-10,  1.95650e-10,  1.95496e-09,  1.69541e-10,
00:03:40,    220245,   851.9855,  8.44118e-09,  5.86950e-10,  2.60628e-09,  5.86335e-09,  3.91300e-10,  3.91300e-10,  2.02484e-09,  1.69541e-10,
00:03:40,    220808,   854.3656,  8.66352e-09,  6.83700e-10,  2.60628e-09,  6.60869e-09,  2.93475e-10,  3.91300e-10,  2.02407e-09,  3.39081e-10,
00:03:41,    221371,   856.8778,  8.44118e-09,  5.86950e-10,  2.60628e-09,  6.51552e-09,  2.93475e-10,  3.91300e-10,  2.16382e-09,  3.39081e-10,
00:03:41,    221934,   858.9934,  8.21886e-09,  5.86950e-10,  2.60628e-09,  6.23602e-09,  1.95650e-10,  2.93475e-10,  2.16382e-09,  1.69541e-10,
00:03:42,    222497,   861.2413,  7.55186e-09,  5.86950e-10,  2.71497e-09,  6.70186e-09,  1.95650e-10,  1.95650e-10,  2.09394e-09,  1.69541e-10,
00:03:43,    223060,   863.4892,  8.88341e-09,  6.84775e-10,  2.49758e-09,  6.70186e-09,  2.93475e-10,  2.93475e-10,  2.09394e-09,  1.69541e-10,
00:03:43,    223623,   865.7370,  7.55186e-09,  6.84775e-10,  2.60628e-09,  6.60869e-09,  1.95650e-10,  2.93475e-10,  2.23369e-09,  3.39081e-10,
00:03:44,    224186,   867.7204,  8.66352e-09,  5.86950e-10,  2.71497e-09,  6.88716e-09,  1.95650e-10,  1.95650e-10,  2.16382e-09,  1.69541e-10,
00:03:44,    224749,   870.3649,  8.44118e-09,  8.79350e-10,  2.49758e-09,  6.79400e-09,  1.95650e-10,  2.93475e-10,  2.30357e-09,  1.69541e-10,
00:03:45,    225312,   872.4806,  7.99652e-09,  6.84775e-10,  2.71497e-09,  6.98033e-09,  1.95650e-10,  1.95650e-10,  2.16382e-09,  1.69541e-10,
00:03:45,    225875,   874.7284,  7.10720e-09,  5.86950e-10,  2.60628e-09,  6.60869e-09,  2.93475e-10,  9.78250e-11,  1.95496e-09,  3.39081e-10,
00:03:46,    226438,   876.8440,  7.55186e-09,  6.84775e-10,  2.60628e-09,  6.98033e-09,  9.78250e-11,  2.93475e-10,  2.30357e-09,  3.39081e-10,
00:03:47,    227001,   879.0918,  7.32955e-09,  4.89125e-10,  2.49758e-09,  6.79502e-09,  1.95650e-10,  2.93475e-10,  2.23369e-09,  1.69541e-10,
00:03:47,    227564,   881.6042,  7.99652e-09,  5.86950e-10,  2.82367e-09,  6.60869e-09,  1.95650e-10,  2.93475e-10,  2.30357e-09,  3.39081e-10,
00:03:48,    228127,   883.8520,  8.21886e-09,  5.86950e-10,  2.82367e-09,  7.07350e-09,  2.93475e-10,  2.93475e-10,  2.02484e-09,  1.69541e-10,
00:03:48,    228690,   885.9676,  8.44118e-09,  4.89125e-10,  2.71497e-09,  7.07350e-09,  1.95650e-10,  3.91300e-10,  2.23369e-09,  1.69541e-10,
00:03:49,    229253,   888.3477,  7.77420e-09,  5.86950e-10,  2.49758e-09,  6.79400e-09,  1.95650e-10,  2.93475e-10,  2.23369e-09,  3.39081e-10,
00:03:49,    229816,   890.5955,  7.77420e-09,  6.84775e-10,  2.71497e-09,  6.51552e-09,  2.93475e-10,  2.93475e-10,  2.16382e-09,  3.39081e-10,
00:03:50,    230379,   892.8434,  7.32955e-09,  5.86950e-10,  2.60628e-09,  6.79400e-09,  1.95650e-10,  3.91300e-10,  2.30357e-09,  1.69541e-10,
00:03:50,    230942,   895.2234,  7.55186e-09,  6.83700e-10,  2.49758e-09,  6.51552e-09,  2.93475e-10,  2.93475e-10,  2.09394e-09,  1.69541e-10,
00:03:51,    231505,   897.3391,  7.99652e-09,  6.84775e-10,  2.71497e-09,  6.70186e-09,  1.95650e-10,  2.93475e-10,  2.23369e-09,  1.69541e-10,
00:03:52,    232068,   899.5869,  8.21886e-09,  6.84775e-10,  2.82367e-09,  6.79400e-09,  2.93475e-10,  3.91300e-10,  2.02407e-09,  1.69541e-10,
00:03:52,    232631,   901.8348,  7.55186e-09,  4.89125e-10,  2.93236e-09,  6.42235e-09,  1.95650e-10,  2.93475e-10,  1.88509e-09,  3.39081e-10,
00:03:53,    233194,   903.9504,  7.99652e-09,  5.86950e-10,  2.82367e-09,  6.60869e-09,  2.93475e-10,  2.93475e-10,  1.88509e-09,  0.00000e+00,
00:03:53,    233757,   906.4627,  8.21886e-09,  4.89125e-10,  2.60628e-09,  6.51552e-09,  9.78250e-11,  2.93475e-10,  2.02407e-09,  3.39081e-10,
00:03:54,    234320,   908.5783,  7.55186e-09,  5.86950e-10,  2.82367e-09,  6.60869e-09,  2.93475e-10,  2.93475e-10,  2.02407e-09,  1.69541e-10,
00:03:54,    234883,   910.8261,  7.77420e-09,  8.79350e-10,  2.71497e-09,  6.42235e-09,  9.78250e-11,  2.93475e-10,  2.37344e-09,  0.00000e+00,
00:03:55,    235446,   913.0740,  7.77420e-09,  6.83700e-10,  2.60628e-09,  6.51552e-09,  1.95650e-10,  3.91300e-10,  2.09394e-09,  0.00000e+00,
00:03:56,    236009,   915.3218,  7.55186e-09,  7.81525e-10,  2.60628e-09,  6.51552e-09,  2.93475e-10,  3.91300e-10,  2.16382e-09,  1.69541e-10,
00:03:56,    236572,   917.5697,  8.44118e-09,  6.84775e-10,  3.04106e-09,  6.70186e-09,  1.95650e-10,  2.93475e-10,  2.02407e-09,  1.69541e-10,
00:03:57,    237135,   919.9497,  7.99652e-09,  6.84775e-10,  2.82367e-09,  6.42235e-09,  1.95650e-10,  3.91300e-10,  2.16382e-09,  1.69541e-10,
00:03:57,    237698,   922.0653,  8.21886e-09,  5.86950e-10,  2.60628e-09,  6.42235e-09,  1.95650e-10,  1.95650e-10,  2.30357e-09,  1.69541e-10,
00:03:58,    238261,   924.4454,  7.77420e-09,  7.81525e-10,  2.60628e-09,  6.88716e-09,  2.93475e-10,  2.93475e-10,  2.09394e-09,  1.69541e-10,
00:03:58,    238824,   926.5610,  8.21886e-09,  6.83700e-10,  3.04106e-09,  6.70186e-09,  2.93475e-10,  3.91300e-10,  2.16382e-09,  0.00000e+00,
00:03:59,    239387,   928.8088,  8.21886e-09,  5.86950e-10,  2.93236e-09,  6.60869e-09,  1.95650e-10,  2.93475e-10,  2.16382e-09,  1.69541e-10,
00:03:59,    239950,   931.1889,  7.99652e-09,  6.83700e-10,  2.82367e-09,  6.51552e-09,  2.93475e-10,  3.91300e-10,  2.16382e-09,  3.39081e-10,
00:04:00,    240513,   933.5690,  8.88584e-09,  5.86950e-10,  2.82367e-09,  6.70186e-09,  2.93475e-10,  1.95650e-10,  2.02407e-09, -1.69541e-10,
00:04:01,    241076,   935.8168,  9.10573e-09,  4.89125e-10,  2.82367e-09,  6.32919e-09,  1.95650e-10,  2.93475e-10,  2.09394e-09,  0.00000e+00,
00:04:01,    241639,   937.9324,  8.44118e-09,  5.86950e-10,  2.82367e-09,  6.42235e-09,  1.95650e-10,  2.93475e-10,  2.09394e-09,  1.69541e-10,
00:04:02,    242202,   940.1803,  8.21886e-09,  5.86950e-10,  2.71497e-09,  6.42235e-09,  2.93475e-10,  2.93475e-10,  2.16382e-09,  3.39081e-10,
00:04:02,    242765,   942.4282,  8.21886e-09,  5.86950e-10,  3.04106e-09,  6.51552e-09,  1.95650e-10,  1.95650e-10,  1.95496e-09,  3.39081e-10,
00:04:03,    243328,   944.5438,  8.88584e-09,  6.83700e-10,  3.04106e-09,  6.60869e-09,  2.93475e-10,  2.93475e-10,  2.09394e-09,  1.69541e-10,
00:04:03,    243891,   947.0560,  7.77420e-09,  6.83700e-10,  2.71497e-09,  6.32919e-09,  1.95650e-10,  2.93475e-10,  2.23369e-09,  1.69541e-10,
00:04:04,    244454,   949.4362,  7.99652e-09,  7.81525e-10,  2.82367e-09,  6.04969e-09,  3.91300e-10,  3.91300e-10,  2.23369e-09,  1.69541e-10,
00:04:05,    245017,   951.5518,  7.55186e-09,  7.81525e-10,  2.82367e-09,  6.51552e-09,  2.93475e-10,  1.95650e-10,  2.16382e-09,  3.39081e-10,
00:04:05,    245580,   953.7996,  7.77420e-09,  6.84775e-10,  3.04106e-09,  6.79400e-09,  9.78250e-11,  2.93475e-10,  2.23369e-09,  3.39081e-10,
00:04:06,    246143,   955.9152,  7.99652e-09,  4.89125e-10,  3.14974e-09,  6.42235e-09,  2.93475e-10,  2.93475e-10,  2.23369e-09,  0.00000e+00,
00:04:06,    246706,   958.2953,  8.66352e-09,  7.81525e-10,  2.60628e-09,  6.51552e-09,  1.95650e-10,  3.91300e-10,  2.09394e-09,  1.69541e-10,
00:04:07,    247269,   960.4109,  7.99652e-09,  7.81525e-10,  2.71497e-09,  6.32919e-09,  9.78250e-11,  2.93475e-10,  2.30357e-09,  1.69541e-10,
00:04:07,    247832,   962.3943,  7.77420e-09,  4.89125e-10,  3.04106e-09,  6.32919e-09,  1.95650e-10,  1.95650e-10,  2.16382e-09,  5.08622e-10,
00:04:08,    248395,   964.6422,  8.44118e-09,  6.83700e-10,  3.04106e-09,  6.04969e-09,  2.93475e-10,  2.93475e-10,  2.16382e-09,  1.69541e-10,
00:04:08,    248958,   967.0222,  8.44118e-09,  6.83700e-10,  2.93236e-09,  6.51552e-09,  1.95650e-10,  2.93475e-10,  2.30357e-09,  3.39081e-10,
00:04:09,    249521,   969.5345,  7.32955e-09,  7.81525e-10,  2.93236e-09,  6.79502e-09,  1.95650e-10,  2.93475e-10,  2.23369e-09,  3.39081e-10,
00:04:10,    250084,   971.9146,  8.21886e-09,  6.83700e-10,  3.04106e-09,  6.04969e-09,  3.91300e-10,  1.95650e-10,  2.44332e-09,  3.39081e-10,
00:04:10,    250647,   974.1624,  7.99652e-09,  5.86950e-10,  3.14974e-09,  6.23602e-09,  1.95650e-10,  3.91300e-10,  2.09394e-09,  3.39081e-10,
00:04:11,    251210,   976.2780,  9.10573e-09,  6.84775e-10,  2.71497e-09,  6.70186e-09,  1.95650e-10,  2.93475e-10,  2.37344e-09,  3.39081e-10,
00:04:11,    251773,   978.5259,  7.55186e-09,  5.86950e-10,  3.04106e-09,  6.14286e-09,  1.95650e-10,  2.93475e-10,  2.09394e-09,  1.69541e-10,
00:04:12,    252336,   980.7738,  7.99652e-09,  7.81525e-10,  3.04106e-09,  6.42235e-09,  1.95650e-10,  3.91300e-10,  2.44332e-09,  1.69541e-10,
00:04:12,    252899,   983.1538,  7.55186e-09,  6.84775e-10,  3.14974e-09,  6.23602e-09,  2.93475e-10,  3.91300e-10,  2.23369e-09,  1.69541e-10,
00:04:13,    253462,   985.5339,  7.99652e-09,  5.86950e-10,  2.93236e-09,  6.32919e-09,  1.95650e-10,  4.89125e-10,  2.30357e-09,  0.00000e+00,
00:04:14,    254025,   987.3850,  7.99652e-09,  5.86950e-10,  3.14856e-09,  6.42235e-09,  2.93475e-10,  2.93475e-10,  2.30357e-09,  1.69541e-10,
00:04:14,    254588,   989.8974,  7.55186e-09,  6.83700e-10,  2.93236e-09,  6.23602e-09,  9.78250e-11,  3.91300e-10,  2.30357e-09,  3.39081e-10,
00:04:15,    255151,   992.1452,  7.77420e-09,  5.86950e-10,  3.14974e-09,  6.51552e-09,  2.93475e-10,  3.91300e-10,  2.16382e-09,  1.69541e-10,
00:04:15,    255714,   994.1286,  6.66255e-09,  5.86950e-10,  2.93236e-09,  6.23602e-09,  2.93475e-10,  2.93475e-10,  2.09394e-09,  1.69541e-10,
00:04:16,    256277,   996.5087,  7.10720e-09,  6.84775e-10,  2.93236e-09,  6.23602e-09,  2.93475e-10,  4.89125e-10,  2.16382e-09,  3.39081e-10,
00:04:16,    256840,   998.7565,  8.21886e-09,  7.81525e-10,  3.25724e-09,  6.04969e-09,  1.95650e-10,  3.91300e-10,  2.23369e-09,  1.69541e-10,
00:04:17,    257403,  1001.0044,  8.21886e-09,  6.83700e-10,  2.93236e-09,  6.32919e-09,  2.93475e-10,  4.89125e-10,  2.23369e-09,  1.69541e-10,
00:04:17,    257966,  1003.3844,  8.21886e-09,  6.83700e-10,  3.04106e-09,  6.23602e-09,  1.95650e-10,  3.91300e-10,  2.09394e-09,  3.39081e-10,
00:04:18,    258529,  1005.5000,  8.66352e-09,  5.86950e-10,  3.25724e-09,  6.42235e-09,  1.95650e-10,  2.93475e-10,  2.16382e-09,  3.39081e-10,
00:04:19,    259092,  1007.8801,  8.44118e-09,  5.86950e-10,  3.25724e-09,  6.32919e-09,  2.93475e-10,  2.93475e-10,  2.23369e-09,  1.69541e-10,
00:04:19,    259655,  1009.9958,  7.99652e-09,  6.84775e-10,  3.04106e-09,  6.23602e-09,  9.78250e-11,  3.91300e-10,  2.23369e-09,  0.00000e+00,
00:04:20,    260218,  1012.5080,  8.21886e-09,  7.81525e-10,  3.14856e-09,  6.04969e-09,  1.95650e-10,  2.93475e-10,  2.16382e-09,  1.69541e-10,
