0000000583,scans,0000000146,DataLength
"header",0000000028,"lines"
"Date",5/13/2016,"Time",8:20:49 AM
"ID","HAL RC RGA 301 #14852","Version",3
"Scans",9
"Scan ID","Mode","Input","Scanned","Start","Stop","Increment","Dwell","Settle","RS","RelSEM"
"Scan 1","RGA","Temperature","none",0.40,0.40,0.01,10.000,10.000,1.000000,1.000000,
"Scan 2","RGA","SEM","mass",2.00,2.00,0.01,11.000,10.000,0.440000,1.000000,
"Scan 3","RGA","SEM","mass",14.00,14.00,0.01,11.000,10.000,1.000000,1.000000,
"Scan 4","RGA","SEM","mass",18.00,18.00,0.01,11.000,10.000,0.900000,1.000000,
"Scan 5","RGA","SEM","mass",28.00,28.00,0.01,11.000,10.000,1.050000,1.000000,
"Scan 6","RGA","SEM","mass",29.00,29.00,0.01,11.000,10.000,1.000000,1.000000,
"Scan 7","RGA","SEM","mass",43.00,43.00,0.01,11.000,10.000,1.000000,1.000000,
"Scan 8","RGA","SEM","mass",44.00,44.00,0.01,11.000,10.000,1.400000,1.000000,
"Scan 9","RGA","SEM","mass",60.00,60.00,0.01,11.000,10.000,0.577000,1.000000,
"Environment",
"Global","RGA"
"F1",1,"( 1 = on, 0 = off )"
"F2",0,"( 1 = on, 0 = off )"
"cage",3.3,"V"
"delta-m",0,"%"
"electron-energy",70.0,"V"
"emission",1000.000,"uA"
"focus",-90,"V"
"mass",5.50,"amu"
"mode-change-delay",1000,"ms"
"multiplier",1100,"V"
"resolution",0,"%"
"Data",9
"Time","ms","Temperature","Hydrogen","Ketene","Water","Carbon monoxide","Acetaldehyde","Acetic acid","Carbon dioxide","Acetic acid",
00:00:01,      1241,   140.7410,  0.00000e+00,  0.00000e+00,  0.00000e+00,  0.00000e+00, -9.78250e-11,  0.00000e+00,  0.00000e+00,  1.69541e-10,
00:00:01,      1804,   140.8732,  0.00000e+00,  0.00000e+00,  1.52052e-09,  5.59000e-10,  9.78250e-11,  0.00000e+00,  1.18634e-09,  1.69541e-10,
00:00:02,      2367,   140.8732,  6.66255e-09,  7.81525e-10,  6.40700e-09,  4.46790e-09,  1.95650e-10,  9.78250e-11,  2.65294e-09,  1.69541e-10,
00:00:02,      2930,   141.1376,  7.55186e-09,  4.89125e-10,  5.10386e-09,  4.46790e-09,  9.78250e-11,  9.78250e-11,  2.37344e-09,  0.00000e+00,
00:00:03,      3493,   141.1376,  7.32955e-09,  5.86950e-10,  4.45169e-09,  4.18840e-09,  1.95650e-10,  9.78250e-11,  1.88509e-09,  0.00000e+00,
00:00:04,      4056,   141.0054,  7.99652e-09,  4.89125e-10,  3.69202e-09,  4.28157e-09,  1.95650e-10,  0.00000e+00,  1.95496e-09, -1.69541e-10,
00:00:04,      4619,   141.1376,  7.77420e-09,  4.89125e-10,  3.25724e-09,  3.90890e-09,  9.78250e-11,  0.00000e+00,  1.67546e-09,  1.69541e-10,
00:00:05,      5182,   141.2699,  7.10720e-09,  4.89125e-10,  3.04106e-09,  4.09524e-09,  1.95650e-10,  0.00000e+00,  1.60559e-09,  0.00000e+00,
00:00:05,      5745,   141.2699,  7.32955e-09,  4.89125e-10,  2.82367e-09,  4.37473e-09,  9.78250e-11, -9.78250e-11,  1.60559e-09, -3.39081e-10,
00:00:06,      6308,   141.0054,  6.66255e-09,  5.86950e-10,  2.71497e-09,  3.81573e-09,  9.78250e-11, -9.78250e-11,  1.32609e-09,  0.00000e+00,
00:00:06,      6871,   141.4021,  7.99652e-09,  3.91300e-10,  2.60628e-09,  4.00207e-09,  1.95650e-10,  9.78250e-11,  1.46584e-09, -1.69541e-10,
00:00:07,      7434,   140.8732,  7.55186e-09,  3.91300e-10,  2.71497e-09,  4.28157e-09,  1.95650e-10,  0.00000e+00,  1.46584e-09,  1.69541e-10,
00:00:07,      7997,   140.8732,  7.32955e-09,  3.91300e-10,  2.38889e-09,  4.00207e-09,  1.95650e-10,  0.00000e+00,  1.39596e-09,  0.00000e+00,
00:00:08,      8560,   141.0054,  7.55186e-09,  3.91300e-10,  2.49758e-09,  4.00207e-09,  9.78250e-11,  0.00000e+00,  1.32609e-09, -1.69541e-10,
00:00:09,      9123,   141.1376,  7.32955e-09,  3.91300e-10,  2.28019e-09,  4.09524e-09,  1.95650e-10,  9.78250e-11,  1.25621e-09, -1.69541e-10,
00:00:09,      9686,   140.8732,  8.44118e-09,  3.91300e-10,  2.38889e-09,  4.09524e-09,  9.78250e-11,  9.78250e-11,  1.32609e-09, -1.69541e-10,
00:00:10,     10249,   141.0054,  7.77420e-09,  1.95650e-10,  2.28019e-09,  4.09524e-09,  9.78250e-11,  0.00000e+00,  1.18711e-09,  0.00000e+00,
00:00:10,     10812,   141.1376,  7.10720e-09,  2.93475e-10,  2.49758e-09,  4.09524e-09,  1.95650e-10,  0.00000e+00,  1.32609e-09,  0.00000e+00,
00:00:11,     11375,   140.8732,  7.77420e-09,  3.91300e-10,  2.17150e-09,  4.00207e-09,  9.78250e-11,  9.78250e-11,  1.25698e-09,  1.69541e-10,
00:00:11,     11938,   141.0054,  7.77420e-09,  1.95650e-10,  2.17150e-09,  4.00207e-09,  1.95650e-10,  0.00000e+00,  1.32609e-09, -1.69541e-10,
00:00:12,     12501,   140.6087,  7.32955e-09,  2.93475e-10,  2.28019e-09,  3.72257e-09,  1.95650e-10, -9.78250e-11,  1.11723e-09,  1.69541e-10,
00:00:13,     13064,   140.7410,  7.55186e-09,  2.93475e-10,  2.17150e-09,  4.00207e-09,  0.00000e+00, -9.78250e-11,  1.18711e-09, -1.69541e-10,
00:00:13,     13627,   140.6087,  7.32955e-09,  1.95650e-10,  2.17150e-09,  4.00207e-09,  9.78250e-11, -9.78250e-11,  1.25698e-09,  1.69541e-10,
00:00:14,     14190,   140.3443,  7.77420e-09,  4.89125e-10,  2.06280e-09,  4.18840e-09,  9.78250e-11,  0.00000e+00,  1.11723e-09,  1.69541e-10,
00:00:14,     14753,   140.4765,  7.77420e-09,  2.93475e-10,  2.06280e-09,  4.09524e-09,  0.00000e+00,  9.78250e-11,  1.11723e-09,  0.00000e+00,
00:00:15,     15316,   140.3443,  7.32955e-09,  2.93475e-10,  2.17150e-09,  4.37473e-09,  0.00000e+00,  9.78250e-11,  1.25698e-09,  0.00000e+00,
00:00:15,     15879,   140.3443,  7.77420e-09,  1.95650e-10,  2.17150e-09,  4.00207e-09,  9.78250e-11,  0.00000e+00,  1.18711e-09,  0.00000e+00,
00:00:16,     16442,   140.0798,  7.32955e-09,  1.95650e-10,  2.17150e-09,  3.90890e-09,  0.00000e+00,  0.00000e+00,  1.25698e-09,  1.69541e-10,
00:00:17,     17005,   140.3443,  7.77420e-09,  1.95650e-10,  2.06280e-09,  4.18840e-09,  9.78250e-11,  0.00000e+00,  1.04736e-09,  0.00000e+00,
00:00:17,     17568,   140.2121,  7.55186e-09,  1.95650e-10,  2.06280e-09,  4.09524e-09,  0.00000e+00,  9.78250e-11,  1.25698e-09,  1.69541e-10,
00:00:18,     18131,   140.2121,  7.55186e-09,  3.91300e-10,  2.28019e-09,  4.09524e-09,  1.95650e-10,  0.00000e+00,  1.11723e-09, -1.69541e-10,
00:00:18,     18694,   140.2121,  7.32955e-09,  1.95650e-10,  2.28019e-09,  3.90890e-09,  1.95650e-10,  0.00000e+00,  1.11723e-09, -1.69541e-10,
00:00:19,     19257,   139.8154,  7.55186e-09,  2.93475e-10,  2.28019e-09,  3.90890e-09,  9.78250e-11,  0.00000e+00,  1.25698e-09,  0.00000e+00,
00:00:19,     19820,   139.9476,  8.21886e-09,  2.93475e-10,  2.28019e-09,  4.09524e-09,  9.78250e-11,  9.78250e-11,  1.18711e-09, -1.69541e-10,
00:00:20,     20383,   139.8154,  7.55186e-09,  1.95650e-10,  2.06280e-09,  4.09524e-09,  0.00000e+00,  9.78250e-11,  1.32609e-09,  0.00000e+00,
00:00:20,     20946,   139.9476,  7.32955e-09,  2.93475e-10,  2.17150e-09,  4.09524e-09,  9.78250e-11,  1.95650e-10,  1.11723e-09,  0.00000e+00,
00:00:21,     21509,   139.8154,  6.88489e-09,  2.93475e-10,  2.17150e-09,  4.09524e-09,  9.78250e-11,  0.00000e+00,  1.25698e-09, -1.69541e-10,
00:00:22,     22072,   139.6831,  7.32955e-09,  3.91300e-10,  1.84661e-09,  4.09524e-09,  9.78250e-11,  0.00000e+00,  1.11723e-09,  0.00000e+00,
00:00:22,     22635,   139.4187,  7.32955e-09,  2.93475e-10,  1.95411e-09,  4.37473e-09,  9.78250e-11,  9.78250e-11,  1.04736e-09,  0.00000e+00,
00:00:23,     23198,   139.6831,  7.10720e-09,  1.95650e-10,  2.28019e-09,  4.18840e-09,  9.78250e-11,  0.00000e+00,  1.11723e-09,  1.69541e-10,
00:00:23,     23761,   139.8154,  7.10720e-09,  2.93475e-10,  2.06280e-09,  4.18840e-09,  0.00000e+00,  0.00000e+00,  9.77479e-10,  0.00000e+00,
00:00:24,     24324,   139.6831,  6.88489e-09,  2.93475e-10,  2.06280e-09,  3.90890e-09,  9.78250e-11,  9.78250e-11,  1.18711e-09, -1.69541e-10,
00:00:24,     24887,   139.4187,  7.55186e-09,  4.89125e-10,  2.06280e-09,  4.65424e-09,  1.95650e-10,  0.00000e+00,  1.11723e-09, -1.69541e-10,
00:00:25,     25450,   139.6831,  7.99652e-09,  2.93475e-10,  1.95530e-09,  4.56107e-09,  9.78250e-11,  0.00000e+00,  1.11723e-09, -1.69541e-10,
00:00:26,     26013,   139.9476,  7.99652e-09,  1.95650e-10,  2.06280e-09,  4.37473e-09,  9.78250e-11,  0.00000e+00,  1.18711e-09,  0.00000e+00,
00:00:26,     26576,   139.5509,  6.66255e-09,  2.93475e-10,  1.95411e-09,  4.18840e-09,  9.78250e-11,  9.78250e-11,  1.04736e-09,  0.00000e+00,
00:00:27,     27139,   139.5509,  8.21886e-09,  3.91300e-10,  1.95411e-09,  4.09524e-09,  9.78250e-11,  0.00000e+00,  1.18711e-09,  1.69541e-10,
00:00:27,     27702,   139.6831,  7.77420e-09,  2.93475e-10,  1.84661e-09,  4.00207e-09, -9.78250e-11,  9.78250e-11,  1.04736e-09,  0.00000e+00,
00:00:28,     28265,   139.5509,  7.32955e-09,  1.95650e-10,  2.06280e-09,  4.00207e-09, -9.78250e-11,  9.78250e-11,  9.77479e-10,  0.00000e+00,
00:00:28,     28828,   139.4187,  7.32955e-09,  2.93475e-10,  2.06280e-09,  4.09524e-09,  0.00000e+00,  9.78250e-11,  1.04736e-09,  0.00000e+00,
00:00:29,     29391,   139.8154,  6.88489e-09,  2.93475e-10,  2.06280e-09,  3.72257e-09,  9.78250e-11,  0.00000e+00,  1.11723e-09,  0.00000e+00,
00:00:29,     29954,   139.6831,  7.10720e-09,  1.95650e-10,  2.06280e-09,  4.18840e-09,  1.95650e-10,  0.00000e+00,  1.25698e-09,  0.00000e+00,
00:00:30,     30517,   139.5509,  6.88489e-09,  2.93475e-10,  1.95530e-09,  4.09524e-09,  9.78250e-11,  9.78250e-11,  9.77479e-10,  0.00000e+00,
00:00:31,     31080,   139.5509,  7.55186e-09,  1.95650e-10,  1.95530e-09,  3.90890e-09,  9.78250e-11,  0.00000e+00,  9.07607e-10,  1.69541e-10,
00:00:31,     31643,   139.6831,  7.55186e-09,  2.93475e-10,  1.95411e-09,  4.00207e-09,  0.00000e+00, -9.78250e-11,  9.07607e-10,  0.00000e+00,
00:00:32,     32206,   139.8154,  7.55186e-09,  2.93475e-10,  1.73791e-09,  4.46790e-09,  0.00000e+00,  9.78250e-11,  9.77479e-10,  0.00000e+00,
00:00:32,     32769,   139.6831,  7.77420e-09,  2.93475e-10,  2.06280e-09,  4.09524e-09,  9.78250e-11, -9.78250e-11,  9.77479e-10, -1.69541e-10,
00:00:33,     33332,   139.6831,  7.99652e-09,  1.95650e-10,  1.95411e-09,  4.09524e-09,  1.95650e-10, -9.78250e-11,  9.77479e-10,  0.00000e+00,
00:00:33,     33895,   139.6831,  7.10720e-09,  2.93475e-10,  1.84661e-09,  4.00207e-09,  0.00000e+00,  9.78250e-11,  1.11723e-09,  0.00000e+00,
00:00:34,     34458,   139.8154,  7.32955e-09,  1.95650e-10,  1.84661e-09,  4.09524e-09,  9.78250e-11,  0.00000e+00,  1.18711e-09,  0.00000e+00,
00:00:35,     35021,   139.8154,  7.32955e-09,  1.95650e-10,  1.73791e-09,  4.18840e-09,  9.78250e-11, -9.78250e-11,  1.04736e-09,  0.00000e+00,
00:00:35,     35584,   139.8154,  7.10720e-09,  2.93475e-10,  1.84661e-09,  4.09524e-09,  9.78250e-11,  0.00000e+00,  1.04736e-09,  0.00000e+00,
00:00:36,     36147,   139.8154,  7.99652e-09,  1.95650e-10,  1.84661e-09,  4.28157e-09,  1.95650e-10,  0.00000e+00,  1.11723e-09, -1.69541e-10,
00:00:36,     36710,   140.0798,  8.44118e-09,  9.78250e-11,  1.84661e-09,  4.00207e-09,  9.78250e-11, -9.78250e-11,  1.04736e-09,  1.69541e-10,
00:00:37,     37273,   140.0798,  7.32955e-09,  1.95650e-10,  1.95530e-09,  4.09524e-09,  9.78250e-11,  9.78250e-11,  1.04736e-09,  0.00000e+00,
00:00:37,     37836,   140.2121,  7.99652e-09,  2.93475e-10,  1.84661e-09,  3.81573e-09,  9.78250e-11,  9.78250e-11,  1.11723e-09,  0.00000e+00,
00:00:38,     38399,   140.3443,  7.77420e-09,  1.95650e-10,  1.95411e-09,  3.72359e-09,  9.78250e-11,  0.00000e+00,  1.11723e-09,  0.00000e+00,
00:00:38,     38962,   140.3443,  7.32955e-09,  2.93475e-10,  1.95530e-09,  3.81573e-09,  9.78250e-11,  9.78250e-11,  1.11723e-09,  0.00000e+00,
00:00:39,     39525,   140.4765,  6.88489e-09,  2.93475e-10,  2.06280e-09,  4.28157e-09,  9.78250e-11,  9.78250e-11,  1.04736e-09,  0.00000e+00,
00:00:40,     40088,   140.2121,  7.55186e-09,  2.93475e-10,  1.62922e-09,  3.90890e-09,  0.00000e+00,  1.95650e-10,  9.07607e-10,  0.00000e+00,
00:00:40,     40651,   140.3443,  7.55186e-09,  2.93475e-10,  1.73791e-09,  3.81573e-09,  0.00000e+00,  0.00000e+00,  1.11723e-09, -1.69541e-10,
00:00:41,     41214,   140.3443,  7.77420e-09,  9.78250e-11,  1.84661e-09,  3.90890e-09,  9.78250e-11,  0.00000e+00,  9.07607e-10,  1.69541e-10,
00:00:41,     41777,   140.4765,  7.10720e-09,  2.93475e-10,  2.06280e-09,  4.00207e-09,  9.78250e-11,  0.00000e+00,  1.18711e-09,  0.00000e+00,
00:00:42,     42340,   140.6087,  7.55186e-09,  2.93475e-10,  1.95411e-09,  3.81573e-09,  9.78250e-11,  9.78250e-11,  9.07607e-10,  0.00000e+00,
00:00:42,     42903,   140.3443,  7.32955e-09,  2.93475e-10,  1.84661e-09,  3.90890e-09,  1.95650e-10,  9.78250e-11,  1.04736e-09,  0.00000e+00,
00:00:43,     43466,   140.6087,  7.32955e-09,  2.93475e-10,  2.06280e-09,  4.00207e-09,  9.78250e-11, -9.78250e-11,  1.04736e-09,  0.00000e+00,
00:00:44,     44029,   140.7410,  7.10720e-09,  3.91300e-10,  1.73791e-09,  4.00207e-09,  9.78250e-11,  0.00000e+00,  1.04736e-09,  0.00000e+00,
00:00:44,     44592,   140.7410,  7.55186e-09,  0.00000e+00,  1.84661e-09,  3.72257e-09,  1.95650e-10,  9.78250e-11,  1.11723e-09,  0.00000e+00,
00:00:45,     45155,   140.7410,  7.77420e-09,  1.95650e-10,  1.73791e-09,  3.81573e-09,  1.95650e-10,  9.78250e-11,  1.11723e-09,  0.00000e+00,
00:00:45,     45718,   140.4765,  7.55186e-09,  2.93475e-10,  1.95530e-09,  4.00207e-09,  9.78250e-11,  9.78250e-11,  1.11723e-09,  0.00000e+00,
00:00:46,     46281,   140.7410,  7.77420e-09,  1.95650e-10,  1.95530e-09,  4.00207e-09,  9.78250e-11, -1.95650e-10,  1.04736e-09,  1.69541e-10,
00:00:46,     46844,   140.6087,  7.10720e-09,  2.93475e-10,  2.17150e-09,  4.00207e-09,  9.78250e-11, -9.78250e-11,  9.77479e-10,  0.00000e+00,
00:00:47,     47407,   140.6087,  6.88489e-09,  2.93475e-10,  1.73791e-09,  4.00207e-09,  1.95650e-10,  0.00000e+00,  1.18711e-09,  1.69541e-10,
00:00:47,     47970,   140.8732,  7.99652e-09,  2.93475e-10,  1.73791e-09,  4.09524e-09,  9.78250e-11,  9.78250e-11,  9.77479e-10, -1.69541e-10,
00:00:48,     48533,   140.6087,  7.77420e-09,  1.95650e-10,  2.06280e-09,  3.90890e-09,  9.78250e-11,  0.00000e+00,  1.04736e-09,  0.00000e+00,
00:00:49,     49096,   140.7410,  7.32955e-09,  9.78250e-11,  1.73791e-09,  4.09524e-09,  9.78250e-11,  0.00000e+00,  9.77479e-10,  0.00000e+00,
00:00:49,     49659,   141.2699,  7.99652e-09,  1.95650e-10,  1.73791e-09,  4.09524e-09,  9.78250e-11,  0.00000e+00,  1.25698e-09, -1.69541e-10,
00:00:50,     50222,   141.4021,  7.32955e-09,  2.93475e-10,  2.06280e-09,  4.46790e-09,  9.78250e-11, -9.78250e-11,  1.25621e-09,  1.69541e-10,
00:00:50,     50785,   142.3277,  7.77420e-09,  1.95650e-10,  2.17150e-09,  4.18840e-09,  1.95650e-10,  0.00000e+00,  1.04736e-09,  0.00000e+00,
00:00:51,     51348,   144.0466,  7.55186e-09,  2.93475e-10,  2.82367e-09,  4.37473e-09,  9.78250e-11,  0.00000e+00,  1.18711e-09,  0.00000e+00,
00:00:51,     51911,   145.7655,  7.32955e-09,  2.93475e-10,  3.04106e-09,  4.28157e-09,  1.95650e-10,  9.78250e-11,  1.32609e-09,  0.00000e+00,
00:00:52,     52474,   148.5423,  7.10720e-09,  2.93475e-10,  2.71497e-09,  4.46790e-09,  1.95650e-10,  9.78250e-11,  1.39596e-09,  0.00000e+00,
00:00:53,     53037,   151.7157,  7.10720e-09,  2.93475e-10,  2.71497e-09,  4.37473e-09,  0.00000e+00,  9.78250e-11,  1.46584e-09,  1.69541e-10,
00:00:53,     53600,   156.3436,  7.32955e-09,  2.93475e-10,  2.38889e-09,  4.18840e-09,  9.78250e-11,  0.00000e+00,  1.25621e-09,  0.00000e+00,
00:00:54,     54163,   161.1038,  7.32955e-09,  2.93475e-10,  2.17150e-09,  4.18840e-09,  9.78250e-11,  0.00000e+00,  1.39596e-09, -1.69541e-10,
00:00:54,     54726,   166.1284,  6.44023e-09,  1.95650e-10,  1.95530e-09,  4.00207e-09,  9.78250e-11, -9.78250e-11,  1.11723e-09,  1.69541e-10,
00:00:55,     55289,   170.8885,  7.10720e-09,  2.93475e-10,  1.95411e-09,  4.09524e-09,  0.00000e+00,  0.00000e+00,  1.11723e-09,  0.00000e+00,
00:00:55,     55852,   175.1197,  7.32955e-09,  1.95650e-10,  1.73791e-09,  3.90890e-09,  1.95650e-10,  0.00000e+00,  1.25698e-09, -1.69541e-10,
00:00:56,     56415,   179.3510,  7.32955e-09,  3.91300e-10,  1.95411e-09,  3.90890e-09,  0.00000e+00,  0.00000e+00,  1.25698e-09,  0.00000e+00,
00:00:56,     56978,   182.5244,  7.10720e-09,  3.91300e-10,  2.06280e-09,  4.00207e-09,  0.00000e+00,  0.00000e+00,  9.77479e-10,  0.00000e+00,
00:00:57,     57541,   185.6978,  7.55186e-09,  1.95650e-10,  1.73791e-09,  3.81573e-09,  1.95650e-10,  9.78250e-11,  1.04736e-09,  0.00000e+00,
00:00:58,     58104,   188.0779,  6.66255e-09,  1.95650e-10,  1.95411e-09,  4.18840e-09,  9.78250e-11,  0.00000e+00,  1.11723e-09, -1.69541e-10,
00:00:58,     58667,   190.0613,  6.88489e-09,  2.93475e-10,  2.17150e-09,  3.81573e-09,  0.00000e+00,  0.00000e+00,  1.18711e-09,  0.00000e+00,
00:00:59,     59230,   191.9125,  7.77420e-09,  3.91300e-10,  1.95530e-09,  3.90890e-09,  9.78250e-11, -9.78250e-11,  1.04736e-09,  0.00000e+00,
00:00:59,     59793,   193.4992,  7.55186e-09,  9.78250e-11,  1.84661e-09,  3.81573e-09,  0.00000e+00,  0.00000e+00,  1.11723e-09,  1.69541e-10,
00:01:00,     60356,   195.0859,  7.55186e-09,  1.95650e-10,  2.17150e-09,  3.90890e-09,  0.00000e+00,  9.78250e-11,  9.07607e-10,  0.00000e+00,
00:01:00,     60919,   196.5404,  7.10720e-09,  1.95650e-10,  1.73791e-09,  4.00207e-09,  9.78250e-11,  0.00000e+00,  1.18711e-09, -1.69541e-10,
00:01:01,     61482,   197.7304,  8.21886e-09,  3.91300e-10,  1.95530e-09,  4.18840e-09,  1.95650e-10,  0.00000e+00,  1.11723e-09,  0.00000e+00,
00:01:02,     62045,   199.3171,  7.10720e-09,  9.78250e-11,  1.95530e-09,  3.90890e-09,  9.78250e-11,  0.00000e+00,  1.11723e-09,  0.00000e+00,
00:01:02,     62608,   200.6394,  8.21886e-09,  1.95650e-10,  2.06280e-09,  3.81573e-09,  1.95650e-10,  9.78250e-11,  1.11723e-09, -1.69541e-10,
00:01:03,     63171,   202.3583,  7.10720e-09,  1.95650e-10,  1.95411e-09,  3.63043e-09,  1.95650e-10,  0.00000e+00,  1.04736e-09,  0.00000e+00,
00:01:03,     63734,   203.9451,  6.88489e-09,  2.93475e-10,  1.95411e-09,  4.00207e-09,  0.00000e+00,  1.95650e-10,  1.04736e-09,  0.00000e+00,
00:01:04,     64297,   206.0607,  7.32955e-09,  2.93475e-10,  1.95530e-09,  3.81573e-09,  0.00000e+00,  0.00000e+00,  9.07607e-10,  1.69541e-10,
00:01:04,     64860,   208.0441,  7.55186e-09,  2.93475e-10,  2.17150e-09,  3.81573e-09,  9.78250e-11,  0.00000e+00,  1.18711e-09,  0.00000e+00,
00:01:05,     65423,   210.4241,  7.55186e-09,  1.95650e-10,  1.95411e-09,  4.18840e-09,  9.78250e-11, -9.78250e-11,  1.18711e-09,  0.00000e+00,
00:01:05,     65986,   213.0687,  7.77420e-09,  2.93475e-10,  1.95530e-09,  3.81573e-09,  0.00000e+00,  9.78250e-11,  1.04736e-09,  0.00000e+00,
00:01:06,     66549,   215.8454,  6.44266e-09,  9.78250e-11,  2.06280e-09,  3.81573e-09,  0.00000e+00,  9.78250e-11,  1.11723e-09,  0.00000e+00,
00:01:07,     67112,   218.4899,  7.10720e-09,  1.95650e-10,  2.06280e-09,  3.63043e-09,  9.78250e-11,  9.78250e-11,  1.11723e-09,  0.00000e+00,
00:01:07,     67675,   221.3989,  6.88489e-09,  1.95650e-10,  2.28019e-09,  3.90890e-09,  1.95650e-10,  0.00000e+00,  1.18711e-09, -1.69541e-10,
00:01:08,     68238,   223.7790,  7.10720e-09,  1.95650e-10,  2.17150e-09,  4.09524e-09,  1.95650e-10,  9.78250e-11,  1.32609e-09,  0.00000e+00,
00:01:08,     68801,   226.8202,  7.10720e-09,  2.93475e-10,  2.17150e-09,  4.09524e-09,  0.00000e+00,  0.00000e+00,  1.18711e-09, -1.69541e-10,
00:01:09,     69364,   229.3325,  7.55186e-09,  2.93475e-10,  2.28019e-09,  3.90890e-09,  9.78250e-11,  0.00000e+00,  1.04736e-09,  0.00000e+00,
00:01:09,     69927,   231.8448,  7.55186e-09,  2.93475e-10,  2.28019e-09,  4.00207e-09,  9.78250e-11,  0.00000e+00,  1.11723e-09,  0.00000e+00,
00:01:10,     70490,   234.4893,  7.32955e-09,  2.93475e-10,  2.17150e-09,  4.00207e-09,  9.78250e-11, -9.78250e-11,  1.18711e-09, -1.69541e-10,
00:01:11,     71053,   236.8694,  7.77420e-09,  9.78250e-11,  2.28019e-09,  4.00207e-09,  0.00000e+00,  0.00000e+00,  1.04736e-09, -1.69541e-10,
00:01:11,     71616,   239.2494,  6.88489e-09,  2.93475e-10,  2.17150e-09,  4.09524e-09, -9.78250e-11,  0.00000e+00,  1.11723e-09,  1.69541e-10,
00:01:12,     72179,   241.2328,  7.55186e-09,  1.95650e-10,  2.17150e-09,  4.09524e-09,  0.00000e+00,  0.00000e+00,  9.77479e-10,  0.00000e+00,
00:01:12,     72742,   243.4807,  7.55186e-09,  2.93475e-10,  2.28019e-09,  4.00207e-09,  9.78250e-11,  0.00000e+00,  1.18711e-09, -1.69541e-10,
00:01:13,     73305,   245.3319,  7.32955e-09,  1.95650e-10,  2.28019e-09,  4.00207e-09,  1.95650e-10,  0.00000e+00,  1.25698e-09,  0.00000e+00,
00:01:13,     73868,   247.3152,  7.77420e-09,  3.91300e-10,  1.95411e-09,  3.81573e-09,  9.78250e-11,  0.00000e+00,  1.18711e-09,  1.69541e-10,
00:01:14,     74431,   249.4308,  7.99652e-09,  1.95650e-10,  2.49758e-09,  3.81573e-09,  9.78250e-11,  0.00000e+00,  1.04736e-09,  0.00000e+00,
00:01:14,     74994,   251.6787,  7.32955e-09,  2.93475e-10,  2.06280e-09,  3.81573e-09,  1.95650e-10,  0.00000e+00,  1.11723e-09,  0.00000e+00,
00:01:15,     75557,   253.6621,  7.55186e-09,  2.93475e-10,  2.38889e-09,  4.09524e-09,  1.95650e-10, -9.78250e-11,  1.11723e-09,  0.00000e+00,
00:01:16,     76120,   255.6455,  6.22034e-09,  1.95650e-10,  2.49758e-09,  4.00207e-09,  1.95650e-10,  9.78250e-11,  1.18711e-09,  1.69541e-10,
00:01:16,     76683,   257.8933,  7.32955e-09,  1.95650e-10,  2.49758e-09,  3.90890e-09,  1.95650e-10, -9.78250e-11,  1.11723e-09,  0.00000e+00,
00:01:17,     77246,   259.8767,  7.99652e-09,  2.93475e-10,  2.38889e-09,  4.09524e-09,  9.78250e-11,  0.00000e+00,  1.11723e-09,  0.00000e+00,
00:01:17,     77809,   262.3890,  6.66255e-09,  1.95650e-10,  2.60628e-09,  3.81573e-09,  1.95650e-10,  9.78250e-11,  1.04736e-09,  0.00000e+00,
00:01:18,     78372,   264.6369,  6.66255e-09,  1.95650e-10,  2.38889e-09,  4.09524e-09,  0.00000e+00,  0.00000e+00,  1.04736e-09,  0.00000e+00,
00:01:18,     78935,   267.0169,  7.55186e-09,  2.93475e-10,  2.60628e-09,  3.72257e-09,  1.95650e-10,  0.00000e+00,  1.25698e-09,  1.69541e-10,
00:01:19,     79498,   269.1326,  7.55186e-09,  1.95650e-10,  2.17150e-09,  4.00207e-09,  1.95650e-10,  0.00000e+00,  1.11723e-09,  0.00000e+00,
00:01:20,     80061,   271.5126,  7.32955e-09,  1.95650e-10,  2.49758e-09,  3.72257e-09,  1.95650e-10,  9.78250e-11,  1.04736e-09, -1.69541e-10,
00:01:20,     80624,   273.8927,  7.99652e-09,  2.93475e-10,  2.60628e-09,  3.90890e-09,  0.00000e+00,  0.00000e+00,  1.04736e-09,  0.00000e+00,
00:01:21,     81187,   276.4050,  7.99652e-09,  1.95650e-10,  2.28019e-09,  3.81573e-09,  1.95650e-10,  0.00000e+00,  1.18711e-09,  1.69541e-10,
00:01:21,     81750,   278.7851,  7.10720e-09,  1.95650e-10,  2.60628e-09,  4.09524e-09,  9.78250e-11,  9.78250e-11,  1.11723e-09,  1.69541e-10,
00:01:22,     82313,   281.1651,  7.55186e-09,  1.95650e-10,  2.71497e-09,  3.90890e-09,  9.78250e-11,  0.00000e+00,  1.04736e-09,  1.69541e-10,
00:01:22,     82876,   283.2807,  7.32955e-09,  2.93475e-10,  2.60628e-09,  4.00207e-09,  1.95650e-10,  0.00000e+00,  1.04736e-09,  1.69541e-10,
00:01:23,     83439,   285.3964,  8.21886e-09,  1.95650e-10,  2.60628e-09,  4.09524e-09,  9.78250e-11,  9.78250e-11,  9.77479e-10, -1.69541e-10,
00:01:24,     84002,   287.2475,  7.32955e-09,  2.93475e-10,  2.28019e-09,  4.09524e-09,  9.78250e-11,  9.78250e-11,  1.11723e-09,  1.69541e-10,
00:01:24,     84565,   290.0243,  7.55186e-09,  2.93475e-10,  2.28019e-09,  3.81573e-09,  9.78250e-11,  0.00000e+00,  1.11723e-09, -1.69541e-10,
00:01:25,     85128,   292.5366,  8.21886e-09,  1.95650e-10,  2.38889e-09,  3.90890e-09,  9.78250e-11, -9.78250e-11,  1.18711e-09,  1.69541e-10,
00:01:25,     85691,   294.6522,  7.77420e-09,  9.78250e-11,  2.38889e-09,  4.00207e-09,  9.78250e-11,  9.78250e-11,  1.04736e-09,  1.69541e-10,
00:01:26,     86254,   296.7678,  8.21886e-09,  2.93475e-10,  2.60628e-09,  3.81573e-09,  9.78250e-11,  0.00000e+00,  1.04736e-09,  0.00000e+00,
00:01:26,     86817,   298.8834,  7.99652e-09,  3.91300e-10,  2.49758e-09,  4.09524e-09,  9.78250e-11,  0.00000e+00,  1.18711e-09,  0.00000e+00,
00:01:27,     87380,   301.1313,  7.99652e-09,  1.95650e-10,  2.38889e-09,  4.09524e-09,  9.78250e-11,  0.00000e+00,  1.32609e-09,  0.00000e+00,
00:01:27,     87943,   303.2469,  7.99652e-09,  3.91300e-10,  2.49758e-09,  4.09524e-09,  0.00000e+00,  9.78250e-11,  1.18711e-09, -1.69541e-10,
00:01:28,     88506,   305.6270,  7.77420e-09,  1.95650e-10,  2.17150e-09,  3.81573e-09,  1.95650e-10, -9.78250e-11,  1.18711e-09,  1.69541e-10,
00:01:29,     89069,   307.8748,  8.44118e-09,  1.95650e-10,  2.49758e-09,  4.09524e-09,  1.95650e-10,  9.78250e-11,  1.18711e-09,  0.00000e+00,
00:01:29,     89632,   310.1227,  8.21886e-09,  1.95650e-10,  2.49758e-09,  4.00207e-09,  1.95650e-10,  9.78250e-11,  1.04736e-09, -1.69541e-10,
00:01:30,     90195,   312.2383,  8.88341e-09,  2.93475e-10,  2.38889e-09,  3.53726e-09,  9.78250e-11,  0.00000e+00,  1.11723e-09, -1.69541e-10,
00:01:30,     90758,   314.6184,  8.44118e-09,  2.93475e-10,  2.28019e-09,  4.28157e-09,  0.00000e+00, -9.78250e-11,  1.11723e-09,  0.00000e+00,
00:01:31,     91321,   316.6017,  8.66352e-09,  3.91300e-10,  2.28019e-09,  4.09524e-09,  9.78250e-11,  0.00000e+00,  1.18711e-09,  0.00000e+00,
00:01:31,     91884,   319.2463,  8.88341e-09,  2.93475e-10,  2.06280e-09,  3.90890e-09,  9.78250e-11,  0.00000e+00,  1.11723e-09,  0.00000e+00,
00:01:32,     92447,   321.7586,  8.88584e-09,  3.91300e-10,  2.38889e-09,  4.09524e-09,  0.00000e+00,  9.78250e-11,  1.11723e-09, -3.39081e-10,
00:01:33,     93010,   323.7420,  9.32807e-09,  2.93475e-10,  2.38889e-09,  3.90890e-09,  0.00000e+00,  0.00000e+00,  9.77479e-10,  1.69541e-10,
00:01:33,     93573,   325.7254,  9.55039e-09,  1.95650e-10,  2.06280e-09,  4.18840e-09,  9.78250e-11,  0.00000e+00,  1.11723e-09, -1.69541e-10,
00:01:34,     94136,   328.2377,  9.10573e-09,  1.95650e-10,  2.17150e-09,  4.00207e-09,  9.78250e-11, -9.78250e-11,  1.11723e-09, -1.69541e-10,
00:01:34,     94699,   330.7500,  9.10573e-09,  1.95650e-10,  2.17150e-09,  4.09524e-09,  9.78250e-11,  9.78250e-11,  1.04736e-09, -1.69541e-10,
00:01:35,     95262,   332.8656,  9.55039e-09,  1.95650e-10,  1.73791e-09,  4.09524e-09,  9.78250e-11, -9.78250e-11,  1.11723e-09,  0.00000e+00,
00:01:35,     95825,   334.7167,  9.32807e-09,  3.91300e-10,  2.28019e-09,  4.00207e-09,  9.78250e-11,  9.78250e-11,  1.04736e-09,  1.69541e-10,
00:01:36,     96388,   337.0968,  9.99505e-09,  2.93475e-10,  2.06280e-09,  4.37473e-09,  0.00000e+00,  0.00000e+00,  1.11723e-09,  0.00000e+00,
00:01:36,     96951,   339.4769,  9.99505e-09,  2.93475e-10,  2.17150e-09,  3.72257e-09,  9.78250e-11,  9.78250e-11,  1.18711e-09,  0.00000e+00,
00:01:37,     97514,   341.7247,  9.99505e-09,  2.93475e-10,  2.06280e-09,  3.90890e-09,  9.78250e-11,  0.00000e+00,  1.11723e-09,  0.00000e+00,
00:01:38,     98077,   344.1048,  9.99505e-09,  2.93475e-10,  2.06280e-09,  3.72359e-09,  0.00000e+00,  9.78250e-11,  1.25698e-09,  0.00000e+00,
00:01:38,     98640,   346.2204,  9.99505e-09,  1.95650e-10,  2.06280e-09,  3.90890e-09,  0.00000e+00, -9.78250e-11,  9.77479e-10,  0.00000e+00,
00:01:39,     99203,   348.4682,  9.55039e-09,  1.95650e-10,  2.06280e-09,  4.00207e-09,  1.95650e-10,  0.00000e+00,  1.25698e-09, -1.69541e-10,
00:01:39,     99766,   350.8483,  9.55039e-09,  1.95650e-10,  2.17150e-09,  3.72257e-09, -9.78250e-11,  1.95650e-10,  1.18711e-09,  0.00000e+00,
00:01:40,    100329,   353.0962,  9.32807e-09,  2.93475e-10,  1.84661e-09,  3.81573e-09,  0.00000e+00,  9.78250e-11,  1.04736e-09,  0.00000e+00,
00:01:40,    100892,   355.3440,  9.32807e-09,  2.93475e-10,  1.84661e-09,  4.18840e-09,  9.78250e-11,  9.78250e-11,  1.11723e-09,  1.69541e-10,
00:01:41,    101455,   357.4596,  9.99505e-09,  2.93475e-10,  1.84661e-09,  3.90890e-09,  9.78250e-11,  0.00000e+00,  9.77479e-10,  0.00000e+00,
00:01:42,    102018,   359.7075,  9.99505e-09,  1.95650e-10,  2.06280e-09,  4.09524e-09,  9.78250e-11,  9.78250e-11,  1.18711e-09, -1.69541e-10,
00:01:42,    102581,   362.0875,  9.99505e-09,  3.91300e-10,  2.28019e-09,  3.90890e-09,  9.78250e-11,  0.00000e+00,  1.18711e-09,  0.00000e+00,
00:01:43,    103144,   364.5998,  9.10573e-09,  3.91300e-10,  1.95530e-09,  3.90890e-09,  1.95650e-10,  0.00000e+00,  1.11723e-09,  0.00000e+00,
00:01:43,    103707,   366.8477,  9.55039e-09,  1.95650e-10,  2.28019e-09,  3.90890e-09,  1.95650e-10,  0.00000e+00,  1.11723e-09,  0.00000e+00,
00:01:44,    104270,   368.8311,  9.32807e-09,  1.95650e-10,  2.06280e-09,  4.09524e-09,  1.95650e-10, -9.78250e-11,  1.18711e-09,  1.69541e-10,
00:01:44,    104833,   371.2111,  9.55039e-09,  2.93475e-10,  1.84661e-09,  3.90890e-09,  9.78250e-11,  0.00000e+00,  1.11723e-09,  1.69541e-10,
00:01:45,    105396,   373.3268,  9.77273e-09,  2.93475e-10,  2.28019e-09,  3.90890e-09,  1.95650e-10,  9.78250e-11,  1.04736e-09, -1.69541e-10,
00:01:45,    105959,   375.7068,  9.55039e-09,  2.93475e-10,  1.95530e-09,  4.18840e-09,  9.78250e-11,  0.00000e+00,  9.77479e-10,  1.69541e-10,
00:01:46,    106522,   378.0869,  9.99505e-09,  1.95650e-10,  1.84661e-09,  3.81573e-09,  1.95650e-10, -9.78250e-11,  1.18711e-09,  0.00000e+00,
00:01:47,    107085,   380.0703,  8.66352e-09,  2.93475e-10,  2.06280e-09,  3.90890e-09,  9.78250e-11,  0.00000e+00,  1.18711e-09,  0.00000e+00,
00:01:47,    107648,   382.4504,  9.10573e-09,  3.91300e-10,  1.95530e-09,  4.00207e-09,  1.95650e-10,  0.00000e+00,  1.11723e-09,  1.69541e-10,
00:01:48,    108211,   384.6982,  8.88341e-09,  1.95650e-10,  2.06280e-09,  4.00207e-09,  9.78250e-11,  9.78250e-11,  1.11723e-09,  0.00000e+00,
00:01:48,    108774,   387.0783,  8.88341e-09,  1.95650e-10,  2.17150e-09,  3.90890e-09,  9.78250e-11,  0.00000e+00,  1.04736e-09, -1.69541e-10,
00:01:49,    109337,   389.3261,  8.66352e-09,  2.93475e-10,  1.95530e-09,  4.18840e-09, -9.78250e-11, -9.78250e-11,  1.18711e-09,  1.69541e-10,
00:01:49,    109900,   391.3095,  8.66352e-09,  2.93475e-10,  2.06280e-09,  4.00207e-09,  9.78250e-11,  0.00000e+00,  1.04736e-09,  0.00000e+00,
00:01:50,    110463,   393.6896,  8.21886e-09,  2.93475e-10,  1.95411e-09,  4.00207e-09,  1.95650e-10,  0.00000e+00,  1.11723e-09,  0.00000e+00,
00:01:51,    111026,   395.9374,  8.66352e-09,  1.95650e-10,  1.84661e-09,  4.09524e-09,  1.95650e-10,  0.00000e+00,  1.18711e-09,  0.00000e+00,
00:01:51,    111589,   398.3175,  7.99652e-09,  2.93475e-10,  2.06280e-09,  4.09524e-09,  9.78250e-11, -9.78250e-11,  9.77479e-10, -1.69541e-10,
00:01:52,    112152,   400.4331,  8.21886e-09,  2.93475e-10,  2.06280e-09,  3.90890e-09,  9.78250e-11,  9.78250e-11,  1.04736e-09,  0.00000e+00,
00:01:52,    112715,   403.0777,  7.99652e-09,  1.95650e-10,  1.84661e-09,  3.90890e-09,  9.78250e-11,  9.78250e-11,  1.18711e-09, -1.69541e-10,
00:01:53,    113278,   405.1933,  8.66352e-09,  9.78250e-11,  1.84661e-09,  4.28157e-09,  1.95650e-10,  9.78250e-11,  1.18711e-09,  0.00000e+00,
00:01:53,    113841,   407.3089,  7.99652e-09,  1.95650e-10,  1.84661e-09,  4.18840e-09,  9.78250e-11,  0.00000e+00,  1.11723e-09,  0.00000e+00,
00:01:54,    114404,   409.5567,  8.21886e-09,  2.93475e-10,  2.17150e-09,  4.09524e-09,  0.00000e+00, -9.78250e-11,  1.18711e-09,  1.69541e-10,
00:01:54,    114967,   411.8046,  8.21886e-09,  2.93475e-10,  2.28019e-09,  4.18840e-09,  9.78250e-11, -9.78250e-11,  1.18711e-09,  0.00000e+00,
00:01:55,    115530,   413.9202,  7.99652e-09,  1.95650e-10,  1.95411e-09,  4.09524e-09,  1.95650e-10,  1.95650e-10,  1.25698e-09,  1.69541e-10,
00:01:56,    116093,   416.4325,  8.66352e-09,  9.78250e-11,  2.06400e-09,  4.37473e-09,  9.78250e-11,  0.00000e+00,  1.04736e-09,  0.00000e+00,
00:01:56,    116656,   418.9448,  7.55186e-09,  2.93475e-10,  1.95411e-09,  4.28157e-09,  1.95650e-10,  0.00000e+00,  1.04736e-09,  0.00000e+00,
00:01:57,    117219,   421.0604,  7.77420e-09,  2.93475e-10,  1.95530e-09,  4.09524e-09,  9.78250e-11,  9.78250e-11,  1.11723e-09,  0.00000e+00,
00:01:57,    117782,   423.3083,  8.21886e-09,  1.95650e-10,  1.95411e-09,  4.09524e-09,  0.00000e+00,  9.78250e-11,  1.18711e-09,  1.69541e-10,
00:01:58,    118345,   425.5561,  8.44118e-09,  2.93475e-10,  1.73791e-09,  4.28157e-09,  1.95650e-10,  9.78250e-11,  1.04736e-09,  0.00000e+00,
00:01:58,    118908,   427.6717,  7.99652e-09,  2.93475e-10,  2.17150e-09,  4.09524e-09,  9.78250e-11,  0.00000e+00,  1.11723e-09,  1.69541e-10,
00:01:59,    119471,   430.1840,  7.77420e-09,  2.93475e-10,  2.06280e-09,  4.56107e-09,  9.78250e-11,  9.78250e-11,  1.11723e-09, -1.69541e-10,
00:02:00,    120034,   432.6963,  7.55186e-09,  3.91300e-10,  2.17150e-09,  4.37473e-09,  0.00000e+00,  9.78250e-11,  1.11723e-09,  0.00000e+00,
00:02:00,    120597,   434.9442,  7.32955e-09,  2.93475e-10,  2.28019e-09,  4.28157e-09,  1.95650e-10,  0.00000e+00,  1.11723e-09, -1.69541e-10,
00:02:01,    121160,   437.0598,  7.99652e-09,  3.91300e-10,  2.17150e-09,  4.28157e-09,  9.78250e-11,  9.78250e-11,  1.11723e-09, -3.39081e-10,
00:02:01,    121723,   439.1754,  7.77420e-09,  2.93475e-10,  2.06280e-09,  4.37473e-09,  9.78250e-11,  9.78250e-11,  1.18711e-09,  0.00000e+00,
00:02:02,    122286,   441.6877,  7.32955e-09,  1.95650e-10,  1.95530e-09,  4.18840e-09,  2.93475e-10,  9.78250e-11,  1.18711e-09,  0.00000e+00,
00:02:02,    122849,   444.0678,  7.10720e-09,  2.93475e-10,  2.06280e-09,  4.56107e-09,  0.00000e+00, -9.78250e-11,  1.11723e-09,  0.00000e+00,
00:02:03,    123412,   446.1834,  7.55186e-09,  2.93475e-10,  1.95411e-09,  4.46790e-09,  1.95650e-10,  9.78250e-11,  1.25621e-09,  1.69541e-10,
00:02:03,    123975,   448.1668,  7.10720e-09,  2.93475e-10,  2.06280e-09,  4.56107e-09,  9.78250e-11,  0.00000e+00,  1.32609e-09,  0.00000e+00,
00:02:04,    124538,   450.1502,  7.99652e-09,  2.93475e-10,  2.17150e-09,  4.83954e-09,  1.95650e-10,  9.78250e-11,  9.77479e-10,  1.69541e-10,
00:02:05,    125101,   452.3980,  7.99652e-09,  2.93475e-10,  1.62922e-09,  4.28157e-09,  9.78250e-11,  0.00000e+00,  1.18711e-09,  0.00000e+00,
00:02:05,    125664,   454.3814,  7.10720e-09,  2.93475e-10,  2.06280e-09,  4.28157e-09,  0.00000e+00,  9.78250e-11,  1.18711e-09,  0.00000e+00,
00:02:06,    126227,   456.4970,  7.32955e-09,  1.95650e-10,  2.28019e-09,  4.65424e-09,  1.95650e-10,  0.00000e+00,  1.04736e-09,  0.00000e+00,
00:02:06,    126790,   458.7449,  7.32955e-09,  1.95650e-10,  1.84661e-09,  5.02588e-09,  9.78250e-11, -9.78250e-11,  1.18711e-09, -1.69541e-10,
00:02:07,    127353,   461.2572,  7.99652e-09,  2.93475e-10,  1.95411e-09,  5.21221e-09,  1.95650e-10,  0.00000e+00,  1.18711e-09,  0.00000e+00,
00:02:07,    127916,   463.5050,  8.44118e-09,  1.95650e-10,  2.06280e-09,  4.74638e-09,  1.95650e-10,  0.00000e+00,  1.04736e-09,  1.69541e-10,
00:02:08,    128479,   465.6206,  7.32955e-09,  1.95650e-10,  2.06280e-09,  4.93271e-09,  1.95650e-10,  0.00000e+00,  1.25698e-09,  1.69541e-10,
00:02:09,    129042,   467.7363,  7.99652e-09,  1.95650e-10,  1.84661e-09,  5.11905e-09,  9.78250e-11,  9.78250e-11,  9.77479e-10, -1.69541e-10,
00:02:09,    129605,   470.5130,  7.32955e-09,  1.95650e-10,  1.84661e-09,  5.39854e-09,  9.78250e-11,  9.78250e-11,  1.11723e-09,  0.00000e+00,
00:02:10,    130168,   472.6286,  7.77420e-09,  2.93475e-10,  2.17150e-09,  5.11905e-09,  0.00000e+00,  9.78250e-11,  1.25698e-09,  0.00000e+00,
00:02:10,    130731,   474.8765,  7.77420e-09,  3.91300e-10,  1.84661e-09,  5.02588e-09,  1.95650e-10,  9.78250e-11,  1.25698e-09,  0.00000e+00,
00:02:11,    131294,   477.3888,  7.10720e-09,  1.95650e-10,  1.84661e-09,  5.02588e-09,  9.78250e-11,  9.78250e-11,  1.11723e-09,  0.00000e+00,
00:02:11,    131857,   479.6366,  7.77420e-09,  2.93475e-10,  2.17150e-09,  5.21221e-09,  1.95650e-10,  0.00000e+00,  1.11723e-09,  0.00000e+00,
00:02:12,    132420,   481.4878,  7.77420e-09,  2.93475e-10,  2.17150e-09,  5.77121e-09,  0.00000e+00,  0.00000e+00,  1.11723e-09,  0.00000e+00,
00:02:12,    132983,   484.0001,  7.32955e-09,  9.78250e-11,  2.17150e-09,  5.49171e-09,  9.78250e-11,  9.78250e-11,  1.11723e-09,  0.00000e+00,
00:02:13,    133546,   486.1157,  7.77420e-09,  1.95650e-10,  2.06280e-09,  5.39854e-09,  1.95650e-10,  0.00000e+00,  1.18711e-09,  0.00000e+00,
00:02:14,    134109,   488.3635,  7.10720e-09,  2.93475e-10,  2.06280e-09,  5.30538e-09,  1.95650e-10,  0.00000e+00,  1.11723e-09,  0.00000e+00,
00:02:14,    134672,   490.7436,  7.55186e-09,  1.95650e-10,  2.17150e-09,  5.21221e-09,  9.78250e-11,  0.00000e+00,  1.18711e-09,  1.69541e-10,
00:02:15,    135235,   493.1237,  7.55186e-09,  2.93475e-10,  2.17150e-09,  5.39854e-09,  9.78250e-11,  0.00000e+00,  1.25698e-09, -1.69541e-10,
00:02:15,    135798,   495.1071,  6.88489e-09,  1.95650e-10,  1.95411e-09,  5.11905e-09,  9.78250e-11,  1.95650e-10,  1.11723e-09, -1.69541e-10,
00:02:16,    136361,   497.3549,  7.55186e-09,  9.78250e-11,  1.95411e-09,  5.21221e-09,  0.00000e+00,  0.00000e+00,  1.11723e-09,  0.00000e+00,
00:02:16,    136924,   499.7350,  7.32955e-09,  1.95650e-10,  2.28019e-09,  5.11905e-09,  1.95650e-10,  9.78250e-11,  1.11723e-09,  0.00000e+00,
00:02:17,    137487,   502.2473,  7.77420e-09,  1.95650e-10,  2.28019e-09,  4.83954e-09,  9.78250e-11,  9.78250e-11,  1.11723e-09, -1.69541e-10,
00:02:18,    138050,   504.3629,  7.32955e-09,  2.93475e-10,  2.06280e-09,  5.02588e-09,  9.78250e-11,  9.78250e-11,  1.18711e-09, -1.69541e-10,
00:02:18,    138613,   506.6107,  7.55186e-09,  2.93475e-10,  2.06280e-09,  5.11905e-09,  9.78250e-11,  0.00000e+00,  1.25698e-09,  0.00000e+00,
00:02:19,    139176,   508.8586,  7.55186e-09,  2.93475e-10,  2.17150e-09,  4.83954e-09,  0.00000e+00,  9.78250e-11,  1.11723e-09,  0.00000e+00,
00:02:19,    139739,   511.1064,  7.99652e-09,  1.95650e-10,  2.17150e-09,  4.93271e-09,  1.95650e-10,  9.78250e-11,  1.11723e-09,  0.00000e+00,
00:02:20,    140302,   513.0898,  7.99652e-09,  0.00000e+00,  2.06280e-09,  4.74740e-09,  0.00000e+00,  0.00000e+00,  1.11723e-09,  1.69541e-10,
00:02:20,    140865,   515.7343,  6.88489e-09,  1.95650e-10,  1.95411e-09,  4.28157e-09,  0.00000e+00,  0.00000e+00,  1.04736e-09,  1.69541e-10,
00:02:21,    141428,   518.2467,  7.10720e-09,  3.91300e-10,  2.17150e-09,  4.65424e-09,  9.78250e-11,  1.95650e-10,  1.11723e-09,  0.00000e+00,
00:02:21,    141991,   520.3623,  7.55186e-09,  2.93475e-10,  2.28019e-09,  4.37473e-09,  0.00000e+00,  9.78250e-11,  1.11723e-09,  0.00000e+00,
00:02:22,    142554,   522.4779,  7.10720e-09,  9.78250e-11,  1.95411e-09,  4.56107e-09,  1.95650e-10,  9.78250e-11,  1.11723e-09, -1.69541e-10,
00:02:23,    143117,   524.5935,  8.44118e-09,  9.78250e-11,  1.95530e-09,  4.37473e-09,  9.78250e-11,  0.00000e+00,  1.04736e-09,  0.00000e+00,
00:02:23,    143680,   526.9736,  7.32955e-09,  2.93475e-10,  2.28019e-09,  4.18840e-09,  1.95650e-10,  9.78250e-11,  1.11723e-09,  0.00000e+00,
00:02:24,    144243,   529.0892,  7.32955e-09,  0.00000e+00,  2.28019e-09,  4.09524e-09,  9.78250e-11,  9.78250e-11,  1.11723e-09,  0.00000e+00,
00:02:24,    144806,   531.7337,  7.32955e-09,  1.95650e-10,  2.28019e-09,  4.18840e-09,  9.78250e-11, -9.78250e-11,  1.11723e-09,  1.69541e-10,
00:02:25,    145369,   533.4527,  7.77420e-09,  2.93475e-10,  1.84661e-09,  4.28157e-09,  9.78250e-11,  9.78250e-11,  9.77479e-10, -1.69541e-10,
00:02:25,    145932,   535.8327,  7.77420e-09,  2.93475e-10,  1.95530e-09,  4.18840e-09,  9.78250e-11,  0.00000e+00,  1.18711e-09,  0.00000e+00,
00:02:26,    146495,   538.4773,  7.10720e-09,  2.93475e-10,  2.06280e-09,  4.28157e-09,  9.78250e-11,  9.78250e-11,  1.32609e-09,  0.00000e+00,
00:02:27,    147058,   540.4607,  7.55186e-09,  3.91300e-10,  2.17150e-09,  4.18840e-09,  9.78250e-11,  0.00000e+00,  1.18711e-09,  1.69541e-10,
00:02:27,    147621,   542.8407,  7.32955e-09,  3.91300e-10,  2.28019e-09,  4.37473e-09,  1.95650e-10,  0.00000e+00,  1.11723e-09,  0.00000e+00,
00:02:28,    148184,   545.2208,  7.99652e-09,  1.95650e-10,  2.28019e-09,  4.37473e-09,  9.78250e-11,  0.00000e+00,  1.11723e-09, -1.69541e-10,
00:02:28,    148747,   547.0719,  7.32955e-09,  2.93475e-10,  2.17150e-09,  4.28157e-09,  9.78250e-11,  0.00000e+00,  1.11723e-09,  0.00000e+00,
00:02:29,    149310,   549.4520,  7.77420e-09,  2.93475e-10,  2.06280e-09,  4.18840e-09,  0.00000e+00,  0.00000e+00,  1.18711e-09,  0.00000e+00,
00:02:29,    149873,   551.5677,  7.99652e-09,  2.93475e-10,  2.06280e-09,  4.18840e-09,  9.78250e-11,  1.95650e-10,  1.18711e-09, -1.69541e-10,
00:02:30,    150436,   553.8155,  7.55186e-09,  2.93475e-10,  2.06280e-09,  4.18840e-09,  9.78250e-11,  9.78250e-11,  1.32609e-09, -1.69541e-10,
00:02:30,    150999,   556.3278,  7.32955e-09,  2.93475e-10,  2.28019e-09,  4.09524e-09,  1.95650e-10,  9.78250e-11,  1.04736e-09,  0.00000e+00,
00:02:31,    151562,   558.5756,  7.55186e-09,  1.95650e-10,  2.17150e-09,  4.09524e-09,  0.00000e+00,  1.95650e-10,  1.11723e-09,  1.69541e-10,
00:02:32,    152125,   560.5590,  7.10720e-09,  3.91300e-10,  2.17150e-09,  4.37473e-09,  1.95650e-10,  0.00000e+00,  1.25698e-09,  1.69541e-10,
00:02:32,    152688,   562.9391,  7.99652e-09,  1.95650e-10,  2.17150e-09,  4.37473e-09,  9.78250e-11,  0.00000e+00,  1.18711e-09,  1.69541e-10,
00:02:33,    153251,   565.3192,  7.55186e-09,  2.93475e-10,  2.17150e-09,  4.37473e-09,  9.78250e-11,  9.78250e-11,  1.18711e-09,  0.00000e+00,
00:02:33,    153814,   567.3026,  8.21886e-09,  1.95650e-10,  2.28019e-09,  4.37473e-09,  9.78250e-11,  9.78250e-11,  1.18711e-09,  1.69541e-10,
00:02:34,    154377,   569.6826,  7.77420e-09,  2.93475e-10,  2.17150e-09,  4.09524e-09,  9.78250e-11, -9.78250e-11,  1.18711e-09,  0.00000e+00,
00:02:34,    154940,   572.3272,  7.55186e-09,  3.91300e-10,  2.17150e-09,  4.28157e-09,  9.78250e-11,  1.95650e-10,  1.11723e-09,  1.69541e-10,
00:02:35,    155503,   574.1783,  7.10720e-09,  2.93475e-10,  2.28019e-09,  4.09524e-09,  9.78250e-11,  1.95650e-10,  1.25698e-09, -1.69541e-10,
00:02:36,    156066,   576.5584,  8.21886e-09,  2.93475e-10,  2.06280e-09,  4.46790e-09,  9.78250e-11,  9.78250e-11,  1.18711e-09,  1.69541e-10,
00:02:36,    156629,   578.6740,  7.32955e-09,  3.91300e-10,  2.17150e-09,  4.37473e-09,  1.95650e-10,  9.78250e-11,  1.04736e-09,  0.00000e+00,
00:02:37,    157192,   581.0540,  6.88489e-09,  1.95650e-10,  2.17150e-09,  4.18840e-09,  0.00000e+00,  1.95650e-10,  1.18711e-09,  1.69541e-10,
00:02:37,    157755,   583.1697,  7.77420e-09,  1.95650e-10,  2.38889e-09,  4.09524e-09,  9.78250e-11,  9.78250e-11,  1.25698e-09,  0.00000e+00,
00:02:38,    158318,   585.5498,  7.77420e-09,  2.93475e-10,  2.28019e-09,  4.46790e-09,  0.00000e+00,  9.78250e-11,  1.04736e-09,  0.00000e+00,
00:02:38,    158881,   587.9298,  7.55186e-09,  3.91300e-10,  2.38889e-09,  4.28157e-09,  9.78250e-11,  0.00000e+00,  1.04736e-09,  0.00000e+00,
00:02:39,    159444,   590.3099,  7.10720e-09,  2.93475e-10,  2.28019e-09,  4.37473e-09,  9.78250e-11, -9.78250e-11,  1.11723e-09,  1.69541e-10,
00:02:40,    160007,   592.2933,  7.55186e-09,  1.95650e-10,  2.38889e-09,  4.28157e-09,  0.00000e+00,  0.00000e+00,  1.18711e-09,  0.00000e+00,
00:02:40,    160570,   594.5412,  7.10720e-09,  1.95650e-10,  2.17150e-09,  4.37473e-09,  1.95650e-10,  9.78250e-11,  1.04736e-09,  0.00000e+00,
00:02:41,    161133,   596.9212,  7.32955e-09,  3.91300e-10,  2.28019e-09,  4.18840e-09,  9.78250e-11,  0.00000e+00,  1.18711e-09,  0.00000e+00,
00:02:41,    161696,   599.3013,  6.88489e-09,  1.95650e-10,  2.17150e-09,  4.37473e-09,  9.78250e-11,  0.00000e+00,  1.11723e-09,  0.00000e+00,
00:02:42,    162259,   601.5491,  7.10720e-09,  1.95650e-10,  2.17150e-09,  4.28157e-09,  9.78250e-11,  9.78250e-11,  9.77479e-10, -1.69541e-10,
00:02:42,    162822,   603.5325,  6.88489e-09,  2.93475e-10,  2.28019e-09,  3.90890e-09,  9.78250e-11,  9.78250e-11,  1.25698e-09,  1.69541e-10,
00:02:43,    163385,   605.9126,  7.10720e-09,  1.95650e-10,  2.28019e-09,  4.18840e-09,  1.95650e-10,  9.78250e-11,  1.25621e-09,  0.00000e+00,
00:02:43,    163948,   608.2927,  7.55186e-09,  1.95650e-10,  2.17150e-09,  4.18840e-09,  9.78250e-11,  9.78250e-11,  1.25621e-09, -1.69541e-10,
00:02:44,    164511,   610.4083,  7.32955e-09,  2.93475e-10,  2.17150e-09,  4.18840e-09,  9.78250e-11,  0.00000e+00,  1.04736e-09, -1.69541e-10,
00:02:45,    165074,   612.7884,  7.32955e-09,  1.95650e-10,  2.38889e-09,  4.28157e-09,  1.95650e-10, -9.78250e-11,  1.18711e-09, -1.69541e-10,
00:02:45,    165637,   614.9040,  7.55186e-09,  2.93475e-10,  2.17150e-09,  4.00207e-09,  1.95650e-10,  0.00000e+00,  9.77479e-10,  0.00000e+00,
00:02:46,    166200,   617.2840,  7.32955e-09,  1.95650e-10,  2.17150e-09,  4.18840e-09,  9.78250e-11,  9.78250e-11,  1.25621e-09,  0.00000e+00,
00:02:46,    166763,   619.5319,  7.99652e-09,  9.78250e-11,  2.28019e-09,  4.28157e-09,  0.00000e+00,  0.00000e+00,  1.11723e-09,  0.00000e+00,
00:02:47,    167326,   621.7797,  6.88489e-09,  2.93475e-10,  2.49758e-09,  4.00207e-09,  9.78250e-11,  9.78250e-11,  1.11723e-09,  1.69541e-10,
00:02:47,    167889,   623.8953,  7.55186e-09,  2.93475e-10,  2.38889e-09,  4.28157e-09,  1.95650e-10,  9.78250e-11,  1.11723e-09,  0.00000e+00,
00:02:48,    168452,   625.8787,  7.32955e-09,  1.95650e-10,  2.38889e-09,  4.46790e-09,  9.78250e-11,  9.78250e-11,  1.11723e-09,  0.00000e+00,
00:02:49,    169015,   628.7877,  7.77420e-09,  2.93475e-10,  2.17150e-09,  4.18840e-09,  1.95650e-10,  1.95650e-10,  1.25621e-09,  0.00000e+00,
00:02:49,    169578,   630.7711,  7.99652e-09,  1.95650e-10,  2.28019e-09,  4.09524e-09,  9.78250e-11,  0.00000e+00,  1.25698e-09,  0.00000e+00,
00:02:50,    170141,   633.1511,  6.88489e-09,  1.95650e-10,  2.06280e-09,  4.18840e-09,  1.95650e-10,  0.00000e+00,  1.18711e-09,  0.00000e+00,
00:02:50,    170704,   635.2668,  8.21886e-09,  2.93475e-10,  2.28019e-09,  4.00207e-09,  9.78250e-11, -9.78250e-11,  1.18711e-09,  1.69541e-10,
00:02:51,    171267,   637.6469,  7.55186e-09,  3.91300e-10,  2.49758e-09,  4.46790e-09,  9.78250e-11,  9.78250e-11,  1.18711e-09,  1.69541e-10,
00:02:51,    171830,   639.8947,  6.66255e-09,  1.95650e-10,  2.28019e-09,  4.28157e-09,  1.95650e-10,  9.78250e-11,  1.11723e-09,  0.00000e+00,
00:02:52,    172393,   642.1425,  7.32955e-09,  2.93475e-10,  2.28019e-09,  4.18840e-09,  9.78250e-11,  9.78250e-11,  1.04736e-09,  0.00000e+00,
00:02:52,    172956,   644.3904,  7.10720e-09,  2.93475e-10,  2.49758e-09,  4.28157e-09,  9.78250e-11,  9.78250e-11,  1.11723e-09,  1.69541e-10,
00:02:53,    173519,   646.5060,  7.32955e-09,  2.93475e-10,  2.38889e-09,  4.28157e-09,  9.78250e-11,  0.00000e+00,  1.04736e-09,  1.69541e-10,
00:02:54,    174082,   648.7539,  7.55186e-09,  2.93475e-10,  2.17150e-09,  4.28157e-09,  9.78250e-11,  0.00000e+00,  1.18711e-09,  1.69541e-10,
00:02:54,    174645,   651.1339,  7.10720e-09,  2.93475e-10,  2.49758e-09,  4.18840e-09,  9.78250e-11,  0.00000e+00,  1.11723e-09,  0.00000e+00,
00:02:55,    175208,   653.3818,  7.77420e-09,  2.93475e-10,  2.28019e-09,  4.18840e-09,  0.00000e+00,  9.78250e-11,  1.18711e-09,  0.00000e+00,
00:02:55,    175771,   655.6296,  7.32955e-09,  2.93475e-10,  2.28019e-09,  4.37473e-09,  9.78250e-11,  0.00000e+00,  1.11723e-09,  0.00000e+00,
00:02:56,    176334,   657.8775,  7.32955e-09,  9.78250e-11,  2.49758e-09,  4.18840e-09,  0.00000e+00, -9.78250e-11,  9.77479e-10,  0.00000e+00,
00:02:56,    176897,   660.1253,  7.77420e-09,  9.78250e-11,  2.28019e-09,  4.65424e-09,  0.00000e+00,  0.00000e+00,  1.18711e-09,  0.00000e+00,
00:02:57,    177460,   662.3731,  7.32955e-09,  3.91300e-10,  2.28019e-09,  4.09524e-09,  9.78250e-11,  0.00000e+00,  1.11723e-09,  0.00000e+00,
00:02:58,    178023,   664.4888,  6.66255e-09,  9.78250e-11,  2.49758e-09,  4.18840e-09,  0.00000e+00,  0.00000e+00,  1.18711e-09,  1.69541e-10,
00:02:58,    178586,   666.8689,  7.55186e-09,  1.95650e-10,  2.17150e-09,  4.09524e-09,  0.00000e+00,  9.78250e-11,  1.11723e-09,  0.00000e+00,
00:02:59,    179149,   669.2489,  7.77420e-09,  1.95650e-10,  2.49758e-09,  4.18840e-09,  0.00000e+00,  9.78250e-11,  1.04736e-09,  1.69541e-10,
00:02:59,    179712,   671.6290,  7.32955e-09,  2.93475e-10,  2.49758e-09,  4.28157e-09,  1.95650e-10,  9.78250e-11,  1.39596e-09, -1.69541e-10,
00:03:00,    180275,   673.6124,  7.10720e-09,  1.95650e-10,  2.17150e-09,  4.28157e-09,  9.78250e-11,  9.78250e-11,  1.11723e-09,  1.69541e-10,
00:03:00,    180838,   675.7280,  7.32955e-09,  1.95650e-10,  2.49758e-09,  4.56107e-09,  1.95650e-10,  0.00000e+00,  1.18711e-09,  0.00000e+00,
00:03:01,    181401,   677.9759,  7.77420e-09,  9.78250e-11,  2.06280e-09,  4.28157e-09,  1.95650e-10,  0.00000e+00,  1.18711e-09,  1.69541e-10,
00:03:01,    181964,   680.3559,  7.10720e-09,  2.93475e-10,  2.49758e-09,  4.28157e-09,  1.95650e-10,  0.00000e+00,  1.18711e-09,  1.69541e-10,
00:03:02,    182527,   682.6038,  7.77420e-09,  1.95650e-10,  2.38889e-09,  4.37473e-09,  1.95650e-10,  9.78250e-11,  1.11723e-09,  0.00000e+00,
00:03:03,    183090,   684.9838,  7.32955e-09,  2.93475e-10,  2.38889e-09,  4.00207e-09,  9.78250e-11,  9.78250e-11,  1.11723e-09,  0.00000e+00,
00:03:03,    183653,   687.3639,  7.10720e-09,  2.93475e-10,  2.49758e-09,  4.46790e-09,  0.00000e+00,  9.78250e-11,  1.18711e-09,  0.00000e+00,
00:03:04,    184216,   689.0828,  7.55186e-09,  3.91300e-10,  2.38889e-09,  4.18840e-09,  1.95650e-10, -9.78250e-11,  1.18711e-09,  0.00000e+00,
00:03:04,    184779,   691.7274,  7.99652e-09,  2.93475e-10,  2.49758e-09,  4.37473e-09,  9.78250e-11,  9.78250e-11,  1.04736e-09,  0.00000e+00,
00:03:05,    185342,   693.8430,  6.88489e-09,  1.95650e-10,  2.28019e-09,  4.37473e-09,  1.95650e-10,  9.78250e-11,  1.04736e-09,  0.00000e+00,
00:03:05,    185905,   696.2230,  7.32955e-09,  2.93475e-10,  2.38889e-09,  4.46790e-09,  9.78250e-11,  0.00000e+00,  1.11723e-09,  1.69541e-10,
00:03:06,    186468,   698.3386,  7.55186e-09,  2.93475e-10,  2.38889e-09,  4.18840e-09,  9.78250e-11,  9.78250e-11,  1.11723e-09,  0.00000e+00,
00:03:07,    187031,   700.5865,  7.55186e-09,  1.95650e-10,  2.49758e-09,  4.28157e-09,  1.95650e-10,  0.00000e+00,  1.18711e-09,  1.69541e-10,
00:03:07,    187594,   702.7021,  7.32955e-09,  3.91300e-10,  2.38889e-09,  4.46790e-09,  9.78250e-11,  9.78250e-11,  1.04736e-09, -1.69541e-10,
00:03:08,    188157,   705.2144,  7.32955e-09,  0.00000e+00,  2.38889e-09,  4.18840e-09,  9.78250e-11,  0.00000e+00,  1.11723e-09,  0.00000e+00,
00:03:08,    188720,   707.5945,  7.99652e-09,  2.93475e-10,  2.60628e-09,  4.37473e-09,  0.00000e+00,  9.78250e-11,  1.18711e-09,  0.00000e+00,
00:03:09,    189283,   709.7101,  7.55186e-09,  4.89125e-10,  2.38889e-09,  4.18840e-09,  9.78250e-11,  0.00000e+00,  1.18711e-09,  0.00000e+00,
00:03:09,    189846,   711.9580,  7.77420e-09,  3.91300e-10,  2.28019e-09,  4.28157e-09,  0.00000e+00,  9.78250e-11,  1.11723e-09,  3.39081e-10,
00:03:10,    190409,   714.3380,  7.32955e-09,  1.95650e-10,  2.28019e-09,  4.28157e-09,  9.78250e-11,  9.78250e-11,  1.18711e-09,  0.00000e+00,
00:03:10,    190972,   716.5859,  7.55186e-09,  1.95650e-10,  2.49758e-09,  4.46790e-09,  1.95650e-10,  9.78250e-11,  1.04736e-09,  1.69541e-10,
00:03:11,    191535,   718.8337,  7.77420e-09,  2.93475e-10,  2.38889e-09,  4.37473e-09,  1.95650e-10,  0.00000e+00,  1.04736e-09,  0.00000e+00,
00:03:12,    192098,   721.0816,  7.55186e-09,  2.93475e-10,  2.38889e-09,  4.46790e-09,  9.78250e-11,  9.78250e-11,  1.11723e-09,  0.00000e+00,
00:03:12,    192661,   723.0650,  7.32955e-09,  1.95650e-10,  2.38889e-09,  4.28157e-09,  1.95650e-10,  9.78250e-11,  1.11723e-09,  0.00000e+00,
00:03:13,    193224,   725.5772,  7.10720e-09,  2.93475e-10,  2.28019e-09,  4.37473e-09,  1.95650e-10,  9.78250e-11,  1.11723e-09,  0.00000e+00,
00:03:13,    193787,   727.6929,  7.55186e-09,  1.95650e-10,  2.38889e-09,  4.56107e-09,  0.00000e+00,  1.95650e-10,  1.18711e-09,  0.00000e+00,
00:03:14,    194350,   729.9407,  6.66255e-09,  1.95650e-10,  2.60628e-09,  4.09524e-09,  0.00000e+00,  9.78250e-11,  1.18711e-09,  1.69541e-10,
00:03:14,    194913,   732.1886,  7.10720e-09,  2.93475e-10,  2.38889e-09,  4.56107e-09,  9.78250e-11,  9.78250e-11,  1.25621e-09,  0.00000e+00,
00:03:15,    195476,   734.3042,  7.55186e-09,  2.93475e-10,  2.49758e-09,  4.37473e-09,  9.78250e-11,  0.00000e+00,  1.32609e-09,  0.00000e+00,
00:03:16,    196039,   736.8165,  7.32955e-09,  2.93475e-10,  2.38889e-09,  4.93271e-09,  0.00000e+00,  1.95650e-10,  1.25698e-09, -1.69541e-10,
00:03:16,    196602,   738.6676,  7.55186e-09,  3.91300e-10,  2.49758e-09,  4.46790e-09,  9.78250e-11,  9.78250e-11,  1.25698e-09,  0.00000e+00,
00:03:17,    197165,   740.9155,  7.32955e-09,  3.91300e-10,  2.71497e-09,  4.46790e-09,  9.78250e-11,  9.78250e-11,  1.25698e-09,  1.69541e-10,
00:03:17,    197728,   744.0890,  7.77420e-09,  1.95650e-10,  2.49758e-09,  4.46790e-09,  9.78250e-11,  9.78250e-11,  1.18711e-09,  0.00000e+00,
00:03:18,    198291,   745.8079,  7.55186e-09,  2.93475e-10,  2.28019e-09,  4.46790e-09,  1.95650e-10,  9.78250e-11,  1.11723e-09,  0.00000e+00,
00:03:18,    198854,   748.0557,  7.55186e-09,  2.93475e-10,  2.49758e-09,  4.28157e-09,  1.95650e-10,  0.00000e+00,  1.11723e-09,  0.00000e+00,
00:03:19,    199417,   750.4358,  7.10720e-09,  2.93475e-10,  2.38889e-09,  4.56107e-09,  0.00000e+00,  9.78250e-11,  1.25698e-09,  1.69541e-10,
00:03:19,    199980,   752.6836,  6.88489e-09,  2.93475e-10,  2.71497e-09,  4.46790e-09,  9.78250e-11,  1.95650e-10,  1.18711e-09,  1.69541e-10,
00:03:20,    200543,   754.7992,  7.55186e-09,  1.95650e-10,  2.49758e-09,  4.56107e-09,  1.95650e-10,  9.78250e-11,  1.18711e-09, -1.69541e-10,
00:03:21,    201106,   757.1793,  7.32955e-09,  2.93475e-10,  2.49758e-09,  4.65424e-09,  1.95650e-10,  9.78250e-11,  1.18711e-09,  0.00000e+00,
00:03:21,    201669,   759.5594,  6.88489e-09,  1.95650e-10,  2.71497e-09,  4.46790e-09,  0.00000e+00,  0.00000e+00,  1.25698e-09,  0.00000e+00,
00:03:22,    202232,   761.5427,  7.77420e-09,  2.93475e-10,  2.60628e-09,  4.28157e-09,  1.95650e-10,  9.78250e-11,  1.25698e-09,  1.69541e-10,
00:03:22,    202795,   764.0551,  7.32955e-09,  3.91300e-10,  2.49758e-09,  4.46790e-09,  1.95650e-10,  9.78250e-11,  1.39596e-09,  0.00000e+00,
00:03:23,    203358,   766.1707,  7.55186e-09,  1.95650e-10,  2.60628e-09,  4.56107e-09,  2.93475e-10,  9.78250e-11,  1.04736e-09,  0.00000e+00,
00:03:23,    203921,   768.2863,  7.77420e-09,  1.95650e-10,  2.60628e-09,  4.56107e-09,  9.78250e-11,  0.00000e+00,  1.18711e-09,  0.00000e+00,
00:03:24,    204484,   770.4019,  7.10720e-09,  2.93475e-10,  2.82367e-09,  4.37473e-09,  9.78250e-11, -9.78250e-11,  1.18711e-09,  0.00000e+00,
00:03:25,    205047,   772.7820,  7.99652e-09,  4.89125e-10,  2.49758e-09,  4.28157e-09,  9.78250e-11,  9.78250e-11,  1.25621e-09,  0.00000e+00,
00:03:25,    205610,   775.0299,  7.99652e-09,  1.95650e-10,  2.38889e-09,  4.65424e-09,  9.78250e-11,  0.00000e+00,  1.11723e-09,  0.00000e+00,
00:03:26,    206173,   777.4099,  7.32955e-09,  1.95650e-10,  2.38889e-09,  4.56107e-09,  9.78250e-11,  1.95650e-10,  1.04736e-09,  1.69541e-10,
00:03:26,    206736,   779.7900,  7.32955e-09,  3.91300e-10,  2.49758e-09,  4.46790e-09,  1.95650e-10,  9.78250e-11,  1.18711e-09,  1.69541e-10,
00:03:27,    207299,   781.9056,  7.32955e-09,  2.93475e-10,  2.49758e-09,  4.28157e-09,  9.78250e-11,  0.00000e+00,  1.18711e-09, -1.69541e-10,
00:03:27,    207862,   784.1535,  7.10720e-09,  2.93475e-10,  2.49758e-09,  4.56107e-09,  9.78250e-11,  9.78250e-11,  1.18711e-09, -1.69541e-10,
00:03:28,    208425,   786.5335,  7.10720e-09,  1.95650e-10,  2.71497e-09,  4.65424e-09,  2.93475e-10,  9.78250e-11,  1.39596e-09,  0.00000e+00,
00:03:28,    208988,   788.6491,  7.77420e-09,  2.93475e-10,  2.49758e-09,  4.56107e-09,  9.78250e-11,  9.78250e-11,  9.77479e-10,  3.39081e-10,
00:03:29,    209551,   790.8970,  7.10720e-09,  1.95650e-10,  2.49758e-09,  4.46790e-09,  9.78250e-11,  1.95650e-10,  1.25698e-09,  0.00000e+00,
00:03:30,    210114,   793.2771,  7.10720e-09,  2.93475e-10,  2.49758e-09,  4.46790e-09,  2.93475e-10,  9.78250e-11,  1.18711e-09,  0.00000e+00,
00:03:30,    210677,   795.3927,  7.10720e-09,  2.93475e-10,  2.82367e-09,  4.00207e-09,  9.78250e-11,  9.78250e-11,  1.25621e-09,  0.00000e+00,
00:03:31,    211240,   797.6405,  7.55186e-09,  1.95650e-10,  2.60628e-09,  4.74740e-09,  9.78250e-11,  0.00000e+00,  1.11723e-09,  0.00000e+00,
00:03:31,    211803,   800.0206,  7.55186e-09,  2.93475e-10,  2.71497e-09,  4.56107e-09,  1.95650e-10,  9.78250e-11,  1.18711e-09,  0.00000e+00,
00:03:32,    212366,   802.4007,  6.88489e-09,  3.91300e-10,  2.38889e-09,  4.65424e-09,  2.93475e-10,  0.00000e+00,  1.18711e-09,  0.00000e+00,
00:03:32,    212929,   804.3841,  7.77420e-09,  3.91300e-10,  2.60628e-09,  4.56107e-09,  9.78250e-11,  9.78250e-11,  1.18711e-09, -1.69541e-10,
00:03:33,    213492,   806.8963,  7.32955e-09,  3.91300e-10,  2.49758e-09,  4.65424e-09,  9.78250e-11,  0.00000e+00,  1.18711e-09,  0.00000e+00,
00:03:34,    214055,   809.1442,  7.32955e-09,  2.93475e-10,  2.71497e-09,  4.65424e-09,  9.78250e-11,  9.78250e-11,  1.11723e-09,  0.00000e+00,
00:03:34,    214618,   811.1276,  7.55186e-09,  2.93475e-10,  2.60628e-09,  4.37473e-09,  9.78250e-11,  9.78250e-11,  1.11723e-09,  1.69541e-10,
00:03:35,    215181,   813.6399,  7.10720e-09,  2.93475e-10,  2.38889e-09,  4.74740e-09,  9.78250e-11,  9.78250e-11,  1.25621e-09,  0.00000e+00,
00:03:35,    215744,   815.7555,  7.32955e-09,  1.95650e-10,  2.71497e-09,  4.18840e-09,  9.78250e-11,  0.00000e+00,  1.18711e-09,  1.69541e-10,
00:03:36,    216307,   818.0033,  7.55186e-09,  3.91300e-10,  2.49758e-09,  4.56107e-09,  9.78250e-11,  9.78250e-11,  1.32609e-09,  1.69541e-10,
00:03:36,    216870,   820.1190,  7.10720e-09,  1.95650e-10,  2.71497e-09,  4.28157e-09,  9.78250e-11,  0.00000e+00,  1.25698e-09,  0.00000e+00,
00:03:37,    217433,   822.3668,  7.77420e-09,  1.95650e-10,  2.60628e-09,  4.37473e-09,  9.78250e-11,  1.95650e-10,  1.25698e-09,  0.00000e+00,
00:03:37,    217996,   824.8791,  7.32955e-09,  2.93475e-10,  2.49758e-09,  4.56107e-09,  0.00000e+00,  9.78250e-11,  1.11723e-09,  0.00000e+00,
00:03:38,    218559,   827.1270,  7.55186e-09,  3.91300e-10,  2.82367e-09,  4.46790e-09,  9.78250e-11,  9.78250e-11,  9.77479e-10,  0.00000e+00,
00:03:39,    219122,   829.2426,  7.55186e-09,  1.95650e-10,  2.71497e-09,  4.46790e-09,  9.78250e-11,  0.00000e+00,  1.18711e-09,  0.00000e+00,
00:03:39,    219685,   831.4904,  7.10720e-09,  1.95650e-10,  2.28019e-09,  4.46790e-09,  9.78250e-11,  0.00000e+00,  1.11723e-09,  0.00000e+00,
00:03:40,    220248,   834.0027,  7.10720e-09,  9.78250e-11,  2.71497e-09,  4.37473e-09,  0.00000e+00,  0.00000e+00,  1.32609e-09,  0.00000e+00,
00:03:40,    220811,   836.1183,  7.99652e-09,  2.93475e-10,  2.49758e-09,  4.46790e-09,  9.78250e-11,  9.78250e-11,  1.25698e-09,  0.00000e+00,
00:03:41,    221374,   838.4984,  7.10720e-09,  2.93475e-10,  2.93236e-09,  4.28157e-09,  1.95650e-10,  0.00000e+00,  1.25621e-09,  0.00000e+00,
00:03:41,    221937,   840.7462,  7.32955e-09,  1.95650e-10,  2.60628e-09,  4.56107e-09,  9.78250e-11,  0.00000e+00,  1.11723e-09,  1.69541e-10,
00:03:42,    222500,   843.1263,  7.55186e-09,  3.91300e-10,  2.82367e-09,  4.37473e-09,  1.95650e-10,  9.78250e-11,  1.25698e-09,  0.00000e+00,
00:03:43,    223063,   845.2420,  7.10720e-09,  4.89125e-10,  2.71497e-09,  4.37473e-09,  1.95650e-10,  1.95650e-10,  1.04736e-09,  0.00000e+00,
00:03:43,    223626,   847.3576,  7.55186e-09,  1.95650e-10,  2.82367e-09,  4.65424e-09,  1.95650e-10,  0.00000e+00,  1.18711e-09,  1.69541e-10,
00:03:44,    224189,   849.6054,  8.21886e-09,  2.93475e-10,  2.38889e-09,  4.56107e-09,  0.00000e+00,  1.95650e-10,  1.18711e-09,  1.69541e-10,
00:03:44,    224752,   851.8532,  6.88489e-09,  1.95650e-10,  2.93236e-09,  4.46790e-09,  1.95650e-10,  9.78250e-11,  1.11723e-09,  0.00000e+00,
00:03:45,    225315,   853.9688,  6.66255e-09,  1.95650e-10,  2.71497e-09,  4.28157e-09,  0.00000e+00,  0.00000e+00,  1.11723e-09,  1.69541e-10,
00:03:45,    225878,   856.6134,  7.10720e-09,  2.93475e-10,  2.71497e-09,  4.65424e-09,  0.00000e+00,  9.78250e-11,  1.11723e-09, -1.69541e-10,
00:03:46,    226441,   858.5968,  7.77420e-09,  1.95650e-10,  3.04106e-09,  4.28157e-09,  9.78250e-11,  0.00000e+00,  1.18711e-09,  0.00000e+00,
00:03:47,    227004,   860.8446,  7.55186e-09,  2.93475e-10,  2.71497e-09,  4.28157e-09,  9.78250e-11,  1.95650e-10,  1.18711e-09, -1.69541e-10,
00:03:47,    227567,   863.0925,  7.10720e-09,  2.93475e-10,  2.82367e-09,  4.18840e-09,  9.78250e-11,  0.00000e+00,  1.25698e-09,  1.69541e-10,
00:03:48,    228130,   865.4726,  7.10720e-09,  1.95650e-10,  2.71497e-09,  4.74740e-09,  1.95650e-10,  9.78250e-11,  1.18711e-09,  0.00000e+00,
00:03:48,    228693,   867.7204,  7.32955e-09,  2.93475e-10,  2.82367e-09,  4.56107e-09,  0.00000e+00,  0.00000e+00,  1.11723e-09,  0.00000e+00,
00:03:49,    229256,   870.1004,  7.10720e-09,  2.93475e-10,  2.71497e-09,  4.74740e-09,  9.78250e-11,  0.00000e+00,  1.25621e-09, -1.69541e-10,
00:03:49,    229819,   872.3483,  7.99652e-09,  1.95650e-10,  2.60628e-09,  4.37473e-09,  1.95650e-10,  9.78250e-11,  1.11723e-09, -1.69541e-10,
00:03:50,    230382,   874.4639,  7.32955e-09,  1.95650e-10,  3.04106e-09,  4.37473e-09,  9.78250e-11,  9.78250e-11,  1.18711e-09,  0.00000e+00,
00:03:50,    230945,   876.9762,  6.88489e-09,  2.93475e-10,  2.93236e-09,  4.46790e-09,  1.95650e-10,  9.78250e-11,  1.18711e-09,  0.00000e+00,
00:03:51,    231508,   879.0918,  7.10720e-09,  2.93475e-10,  2.71497e-09,  4.37473e-09,  9.78250e-11,  0.00000e+00,  1.18711e-09,  0.00000e+00,
00:03:52,    232071,   881.4719,  7.77420e-09,  2.93475e-10,  2.71497e-09,  4.46790e-09,  9.78250e-11,  9.78250e-11,  1.25621e-09,  0.00000e+00,
00:03:52,    232634,   883.8520,  7.32955e-09,  1.95650e-10,  2.82367e-09,  4.46790e-09,  9.78250e-11,  1.95650e-10,  1.11723e-09,  0.00000e+00,
00:03:53,    233197,   886.0998,  7.99652e-09,  2.93475e-10,  2.93236e-09,  4.18840e-09,  9.78250e-11,  0.00000e+00,  1.25621e-09,  1.69541e-10,
00:03:53,    233760,   888.0832,  7.32955e-09,  2.93475e-10,  2.71497e-09,  4.56107e-09,  9.78250e-11,  9.78250e-11,  1.11723e-09, -1.69541e-10,
00:03:54,    234323,   890.3311,  8.21886e-09,  9.78250e-11,  3.04106e-09,  4.37473e-09,  1.95650e-10,  9.78250e-11,  1.11723e-09,  0.00000e+00,
00:03:54,    234886,   892.4467,  6.88489e-09,  2.93475e-10,  2.93236e-09,  4.46790e-09,  9.78250e-11,  9.78250e-11,  1.11723e-09,  1.69541e-10,
00:03:55,    235449,   894.6946,  7.99652e-09,  3.91300e-10,  2.71497e-09,  4.46790e-09,  1.95650e-10,  9.78250e-11,  1.18711e-09,  0.00000e+00,
00:03:56,    236012,   897.0746,  7.55186e-09,  1.95650e-10,  2.71497e-09,  4.18840e-09,  9.78250e-11,  9.78250e-11,  1.18711e-09,  1.69541e-10,
00:03:56,    236575,   899.3224,  7.32955e-09,  2.93475e-10,  3.04106e-09,  4.28157e-09,  1.95650e-10,  0.00000e+00,  1.32609e-09,  1.69541e-10,
00:03:57,    237138,   901.3058,  7.77420e-09,  1.95650e-10,  2.82367e-09,  4.56107e-09,  1.95650e-10,  9.78250e-11,  1.25698e-09,  0.00000e+00,
00:03:57,    237701,   903.9504,  7.32955e-09,  3.91300e-10,  2.71497e-09,  4.37473e-09,  1.95650e-10,  9.78250e-11,  1.39596e-09, -1.69541e-10,
00:03:58,    238264,   906.1982,  7.99652e-09,  3.91300e-10,  3.04106e-09,  4.37473e-09,  9.78250e-11,  0.00000e+00,  1.18711e-09, -1.69541e-10,
00:03:58,    238827,   908.4461,  7.99652e-09,  1.95650e-10,  3.14974e-09,  4.28157e-09,  9.78250e-11,  0.00000e+00,  1.25621e-09,  0.00000e+00,
00:03:59,    239390,   910.6939,  7.55186e-09,  3.91300e-10,  3.14974e-09,  4.56107e-09,  9.78250e-11,  9.78250e-11,  1.32609e-09,  0.00000e+00,
00:03:59,    239953,   912.8095,  6.88489e-09,  1.95650e-10,  3.04106e-09,  4.65424e-09,  9.78250e-11,  0.00000e+00,  1.11723e-09,  1.69541e-10,
00:04:00,    240516,   915.1896,  7.55186e-09,  2.93475e-10,  2.82367e-09,  4.46790e-09,  9.78250e-11,  9.78250e-11,  1.11723e-09, -1.69541e-10,
00:04:01,    241079,   917.3052,  8.21886e-09,  3.91300e-10,  2.93236e-09,  4.65424e-09,  2.93475e-10,  9.78250e-11,  1.11723e-09,  0.00000e+00,
00:04:01,    241642,   919.4208,  7.55186e-09,  2.93475e-10,  2.93236e-09,  4.28157e-09,  9.78250e-11,  1.95650e-10,  1.25621e-09,  0.00000e+00,
00:04:02,    242205,   921.5364,  7.32955e-09,  1.95650e-10,  3.04106e-09,  4.56107e-09,  1.95650e-10,  0.00000e+00,  1.32609e-09,  1.69541e-10,
00:04:02,    242768,   924.1809,  7.10720e-09,  9.78250e-11,  2.93236e-09,  4.46790e-09,  1.95650e-10,  9.78250e-11,  1.39596e-09,  0.00000e+00,
00:04:03,    243331,   926.2966,  7.32955e-09,  1.95650e-10,  3.14974e-09,  4.56107e-09,  0.00000e+00,  9.78250e-11,  1.18711e-09,  0.00000e+00,
00:04:03,    243894,   928.5444,  7.10720e-09,  2.93475e-10,  2.93236e-09,  4.56107e-09,  9.78250e-11,  0.00000e+00,  1.11723e-09,  0.00000e+00,
00:04:04,    244457,   931.1889,  7.10720e-09,  2.93475e-10,  3.04106e-09,  4.56107e-09,  0.00000e+00,  0.00000e+00,  1.39596e-09, -1.69541e-10,
00:04:05,    245020,   933.3046,  7.32955e-09,  9.78250e-11,  3.14974e-09,  4.37473e-09,  2.93475e-10,  9.78250e-11,  1.18711e-09,  0.00000e+00,
00:04:05,    245583,   935.6846,  6.21789e-09,  3.91300e-10,  3.14974e-09,  4.46790e-09,  9.78250e-11,  0.00000e+00,  1.32609e-09,  0.00000e+00,
00:04:06,    246146,   937.6680,  7.10720e-09,  2.93475e-10,  3.04106e-09,  4.65424e-09,  9.78250e-11,  0.00000e+00,  1.25698e-09,  0.00000e+00,
00:04:06,    246709,   939.9158,  6.88489e-09,  3.91300e-10,  3.04106e-09,  4.37473e-09,  9.78250e-11,  0.00000e+00,  1.32609e-09,  1.69541e-10,
00:04:07,    247272,   942.2959,  7.32955e-09,  1.95650e-10,  2.93236e-09,  4.28157e-09,  1.95650e-10,  0.00000e+00,  1.25621e-09,  0.00000e+00,
00:04:07,    247835,   944.2793,  6.66255e-09,  2.93475e-10,  2.93236e-09,  4.83954e-09,  1.95650e-10,  0.00000e+00,  1.39596e-09, -1.69541e-10,
00:04:08,    248398,   946.5272,  7.10720e-09,  1.95650e-10,  3.14974e-09,  4.46790e-09,  9.78250e-11,  9.78250e-11,  1.32609e-09,  1.69541e-10,
00:04:08,    248961,   949.0394,  7.99652e-09,  2.93475e-10,  3.04106e-09,  4.65424e-09,  9.78250e-11,  9.78250e-11,  1.18711e-09,  0.00000e+00,
00:04:09,    249524,   951.2873,  7.77420e-09,  2.93475e-10,  3.25724e-09,  4.37473e-09,  9.78250e-11,  9.78250e-11,  1.32609e-09,  0.00000e+00,
00:04:10,    250087,   953.5352,  7.55186e-09,  2.93475e-10,  3.25724e-09,  4.46790e-09,  1.95650e-10,  0.00000e+00,  1.39596e-09,  1.69541e-10,
00:04:10,    250650,   955.6508,  7.55186e-09,  2.93475e-10,  3.04106e-09,  4.65424e-09,  1.95650e-10,  0.00000e+00,  1.25621e-09,  0.00000e+00,
00:04:11,    251213,   958.0308,  7.10720e-09,  2.93475e-10,  3.25724e-09,  4.46790e-09,  0.00000e+00,  9.78250e-11,  1.11723e-09,  1.69541e-10,
00:04:11,    251776,   960.5432,  7.55186e-09,  2.93475e-10,  3.14856e-09,  4.56107e-09,  9.78250e-11,  0.00000e+00,  1.32609e-09,  1.69541e-10,
00:04:12,    252339,   962.3943,  6.66255e-09,  2.93475e-10,  3.25724e-09,  4.56107e-09,  2.93475e-10,  9.78250e-11,  1.18711e-09,  0.00000e+00,
00:04:12,    252902,   964.3777,  7.32955e-09,  1.95650e-10,  3.36594e-09,  4.18840e-09,  0.00000e+00,  9.78250e-11,  1.25621e-09,  0.00000e+00,
00:04:13,    253465,   966.7578,  7.77420e-09,  2.93475e-10,  3.25844e-09,  4.74740e-09,  9.78250e-11,  0.00000e+00,  1.32609e-09,  0.00000e+00,
00:04:14,    254028,   969.5345,  7.99652e-09,  9.78250e-11,  3.36594e-09,  4.74638e-09,  1.95650e-10,  9.78250e-11,  1.32609e-09,  0.00000e+00,
00:04:14,    254591,   971.7824,  8.21886e-09,  2.93475e-10,  3.36594e-09,  4.37473e-09,  9.78250e-11,  9.78250e-11,  1.25698e-09,  0.00000e+00,
00:04:15,    255154,   973.6335,  7.32955e-09,  2.93475e-10,  3.25724e-09,  4.46790e-09,  1.95650e-10,  9.78250e-11,  1.11723e-09,  0.00000e+00,
00:04:15,    255717,   976.1458,  7.77420e-09,  2.93475e-10,  3.14974e-09,  4.28157e-09,  1.95650e-10,  9.78250e-11,  1.32609e-09, -1.69541e-10,
00:04:16,    256280,   978.1292,  6.88489e-09,  2.93475e-10,  3.47463e-09,  4.46790e-09,  2.93475e-10,  9.78250e-11,  1.32609e-09,  0.00000e+00,
00:04:16,    256843,   980.3771,  6.44023e-09,  3.91300e-10,  3.25724e-09,  4.83954e-09,  9.78250e-11,  9.78250e-11,  1.39596e-09,  1.69541e-10,
00:04:17,    257406,   982.8894,  7.32955e-09,  2.93475e-10,  3.36594e-09,  4.28157e-09,  9.78250e-11,  0.00000e+00,  1.18711e-09,  0.00000e+00,
00:04:17,    257969,   985.0050,  7.55186e-09,  1.95650e-10,  3.36594e-09,  4.56107e-09,  9.78250e-11,  0.00000e+00,  1.39596e-09,  1.69541e-10,
00:04:18,    258532,   987.3850,  7.55186e-09,  3.91300e-10,  3.36594e-09,  4.46790e-09,  1.95650e-10,  9.78250e-11,  1.25621e-09,  0.00000e+00,
00:04:19,    259095,   989.5007,  6.44023e-09,  2.93475e-10,  3.04106e-09,  4.46790e-09,  1.95650e-10,  9.78250e-11,  1.39596e-09,  0.00000e+00,
00:04:19,    259658,   991.4841,  7.32955e-09,  2.93475e-10,  3.25724e-09,  4.74638e-09,  1.95650e-10,  0.00000e+00,  1.18711e-09,  0.00000e+00,
00:04:20,    260221,   993.8642,  7.32955e-09,  3.91300e-10,  3.47463e-09,  4.65424e-09,  9.78250e-11,  9.78250e-11,  1.18711e-09,  0.00000e+00,
00:04:20,    260784,   996.1120,  6.88489e-09,  2.93475e-10,  3.47463e-09,  4.65424e-09,  9.78250e-11,  9.78250e-11,  1.46584e-09,  0.00000e+00,
00:04:21,    261347,   998.4920,  7.77420e-09,  2.93475e-10,  3.47463e-09,  4.65424e-09,  9.78250e-11,  9.78250e-11,  1.18711e-09,  0.00000e+00,
00:04:21,    261910,  1000.8722,  7.10720e-09,  3.91300e-10,  3.25724e-09,  4.74638e-09,  9.78250e-11, -9.78250e-11,  1.32609e-09, -1.69541e-10,
00:04:22,    262473,  1003.1200,  7.32955e-09,  3.91300e-10,  3.80072e-09,  4.83954e-09,  1.95650e-10, -9.78250e-11,  1.18711e-09,  0.00000e+00,
00:04:23,    263036,  1005.3678,  7.10720e-09,  1.95650e-10,  3.58333e-09,  4.74638e-09,  9.78250e-11,  9.78250e-11,  1.32609e-09,  1.69541e-10,
00:04:23,    263599,  1007.7479,  7.10720e-09,  2.93475e-10,  3.58333e-09,  4.37473e-09,  1.95650e-10,  9.78250e-11,  1.11723e-09, -1.69541e-10,
00:04:24,    264162,  1009.7313,  6.88489e-09,  2.93475e-10,  3.80072e-09,  4.74638e-09,  1.95650e-10,  9.78250e-11,  1.25621e-09,  0.00000e+00,
00:04:24,    264725,  1011.9792,  6.44023e-09,  1.95650e-10,  3.69202e-09,  5.11905e-09,  1.95650e-10,  9.78250e-11,  1.32686e-09,  0.00000e+00,
00:04:25,    265288,  1014.2270,  7.55186e-09,  2.93475e-10,  3.36594e-09,  4.37473e-09,  9.78250e-11,  9.78250e-11,  1.25621e-09, -1.69541e-10,
00:04:25,    265851,  1016.7393,  7.32955e-09,  1.95650e-10,  3.90941e-09,  4.46790e-09,  9.78250e-11,  1.95650e-10,  1.32609e-09,  0.00000e+00,
00:04:26,    266414,  1018.8549,  7.10720e-09,  2.93475e-10,  3.58333e-09,  4.74740e-09,  1.95650e-10,  0.00000e+00,  1.32609e-09, -1.69541e-10,
00:04:26,    266977,  1021.3672,  7.77420e-09,  4.89125e-10,  3.47463e-09,  4.83954e-09,  2.93475e-10,  0.00000e+00,  1.39596e-09,  0.00000e+00,
00:04:27,    267540,  1023.6150,  8.21886e-09,  1.95650e-10,  3.36594e-09,  4.56107e-09,  9.78250e-11,  0.00000e+00,  1.25698e-09,  1.69541e-10,
00:04:28,    268103,  1025.7307,  6.22034e-09,  9.78250e-11,  3.47463e-09,  4.46790e-09,  0.00000e+00,  9.78250e-11,  1.39596e-09, -1.69541e-10,
00:04:28,    268666,  1027.9785,  7.55186e-09,  2.93475e-10,  3.69202e-09,  4.93271e-09,  1.95650e-10,  0.00000e+00,  1.39596e-09,  0.00000e+00,
00:04:29,    269229,  1030.3586,  6.88489e-09,  2.93475e-10,  3.90941e-09,  4.65424e-09,  9.78250e-11,  9.78250e-11,  1.32609e-09, -1.69541e-10,
00:04:29,    269792,  1032.6064,  7.77420e-09,  2.93475e-10,  3.36594e-09,  4.65424e-09,  9.78250e-11,  9.78250e-11,  1.32609e-09,  0.00000e+00,
00:04:30,    270355,  1034.8542,  6.88489e-09,  4.89125e-10,  3.90941e-09,  5.02588e-09,  9.78250e-11,  9.78250e-11,  1.32609e-09,  0.00000e+00,
00:04:30,    270918,  1036.8376,  7.10720e-09,  3.91300e-10,  3.80072e-09,  4.93271e-09,  9.78250e-11,  9.78250e-11,  1.32609e-09, -1.69541e-10,
00:04:31,    271481,  1039.2177,  7.77420e-09,  1.95650e-10,  3.58333e-09,  4.74638e-09,  1.95650e-10,  1.95650e-10,  1.39596e-09,  1.69541e-10,
00:04:32,    272044,  1041.4656,  7.55186e-09,  3.91300e-10,  3.80072e-09,  4.93271e-09,  9.78250e-11,  1.95650e-10,  1.25621e-09, -1.69541e-10,
00:04:32,    272607,  1043.7134,  7.32955e-09,  2.93475e-10,  3.80072e-09,  4.83954e-09,  9.78250e-11,  0.00000e+00,  1.46584e-09,  1.69541e-10,
00:04:33,    273170,  1045.9613,  7.32955e-09,  2.93475e-10,  4.23550e-09,  5.02588e-09,  1.95650e-10,  9.78250e-11,  1.18711e-09,  0.00000e+00,
00:04:33,    273733,  1048.0769,  7.99652e-09,  2.93475e-10,  3.90941e-09,  5.02588e-09,  1.95650e-10,  9.78250e-11,  1.18711e-09,  0.00000e+00,
00:04:34,    274296,  1050.3247,  7.55186e-09,  1.95650e-10,  3.90941e-09,  5.02588e-09,  9.78250e-11,  1.95650e-10,  1.39596e-09, -1.69541e-10,
00:04:34,    274859,  1052.8370,  7.10720e-09,  2.93475e-10,  3.58333e-09,  4.93271e-09,  9.78250e-11,  0.00000e+00,  1.39596e-09,  0.00000e+00,
00:04:35,    275422,  1054.9526,  6.88489e-09,  2.93475e-10,  4.01811e-09,  4.83954e-09,  9.78250e-11,  9.78250e-11,  1.39596e-09,  0.00000e+00,
00:04:35,    275985,  1057.0682,  7.32955e-09,  2.93475e-10,  4.12680e-09,  5.02588e-09,  1.95650e-10,  0.00000e+00,  1.39596e-09,  1.69541e-10,
00:04:36,    276548,  1059.5805,  6.88489e-09,  3.91300e-10,  3.80072e-09,  4.83954e-09,  1.95650e-10,  9.78250e-11,  1.39596e-09,  1.69541e-10,
00:04:37,    277111,  1061.6961,  7.77420e-09,  4.89125e-10,  4.12680e-09,  5.21221e-09,  1.95650e-10,  1.95650e-10,  1.32609e-09, -1.69541e-10,
00:04:37,    277674,  1063.9440,  7.55186e-09,  3.91300e-10,  4.34419e-09,  5.21221e-09,  9.78250e-11,  9.78250e-11,  1.39596e-09,  0.00000e+00,
00:04:38,    278237,  1066.1918,  7.32955e-09,  2.93475e-10,  4.12680e-09,  5.30538e-09,  2.93475e-10,  0.00000e+00,  1.32609e-09,  0.00000e+00,
00:04:38,    278800,  1068.4396,  7.32955e-09,  2.93475e-10,  3.90941e-09,  5.11905e-09,  9.78250e-11,  9.78250e-11,  1.46584e-09,  0.00000e+00,
00:04:39,    279363,  1070.6876,  7.55186e-09,  1.95650e-10,  4.12680e-09,  5.39854e-09,  2.93475e-10,  9.78250e-11,  1.46584e-09, -1.69541e-10,
00:04:39,    279926,  1072.9354,  6.88489e-09,  3.91300e-10,  4.12680e-09,  5.49171e-09,  0.00000e+00,  9.78250e-11,  1.39596e-09,  0.00000e+00,
00:04:40,    280489,  1075.1832,  7.32955e-09,  2.93475e-10,  4.12680e-09,  5.21221e-09,  1.95650e-10,  9.78250e-11,  1.32609e-09,  0.00000e+00,
00:04:41,    281052,  1077.2988,  6.66255e-09,  2.93475e-10,  4.34419e-09,  5.49171e-09,  9.78250e-11,  0.00000e+00,  1.32609e-09,  0.00000e+00,
00:04:41,    281615,  1079.4145,  7.32955e-09,  3.91300e-10,  4.12680e-09,  5.30538e-09,  1.95650e-10,  9.78250e-11,  1.32609e-09,  1.69541e-10,
00:04:42,    282178,  1081.9267,  7.32955e-09,  3.91300e-10,  4.34419e-09,  5.02588e-09,  1.95650e-10,  9.78250e-11,  1.39596e-09,  0.00000e+00,
00:04:42,    282741,  1084.1746,  6.88489e-09,  3.91300e-10,  4.45169e-09,  5.39854e-09,  2.93475e-10,  9.78250e-11,  1.32609e-09,  0.00000e+00,
00:04:43,    283304,  1086.5546,  6.88489e-09,  3.91300e-10,  4.34419e-09,  5.30538e-09,  9.78250e-11,  0.00000e+00,  1.39596e-09,  0.00000e+00,
00:04:43,    283867,  1088.5380,  7.77420e-09,  3.91300e-10,  4.23550e-09,  5.21221e-09,  9.78250e-11,  1.95650e-10,  1.53571e-09,  1.69541e-10,
00:04:44,    284430,  1090.9182,  7.32955e-09,  2.93475e-10,  4.34300e-09,  5.77019e-09,  1.95650e-10,  1.95650e-10,  1.53571e-09,  0.00000e+00,
00:04:44,    284993,  1093.1660,  8.44118e-09,  2.93475e-10,  4.45169e-09,  5.58488e-09,  1.95650e-10,  0.00000e+00,  1.32609e-09,  0.00000e+00,
00:04:45,    285556,  1095.6783,  7.55186e-09,  4.89125e-10,  4.34300e-09,  5.86438e-09,  2.93475e-10,  9.78250e-11,  1.46584e-09,  0.00000e+00,
00:04:46,    286119,  1097.7939,  7.32955e-09,  2.93475e-10,  4.45169e-09,  5.58488e-09,  1.95650e-10,  9.78250e-11,  1.53571e-09,  0.00000e+00,
00:04:46,    286682,  1100.1739,  6.66255e-09,  2.93475e-10,  4.56039e-09,  5.95652e-09,  9.78250e-11,  0.00000e+00,  1.39596e-09,  1.69541e-10,
00:04:47,    287245,  1102.4218,  7.99652e-09,  2.93475e-10,  4.45169e-09,  5.49171e-09,  1.95650e-10,  9.78250e-11,  1.46584e-09,  1.69541e-10,
00:04:47,    287808,  1104.5374,  7.55186e-09,  2.93475e-10,  4.23550e-09,  5.58488e-09,  1.95650e-10,  0.00000e+00,  1.39596e-09,  1.69541e-10,
00:04:48,    288371,  1106.7852,  7.55186e-09,  1.95650e-10,  4.56039e-09,  5.95652e-09,  1.95650e-10,  9.78250e-11,  1.39596e-09,  0.00000e+00,
00:04:48,    288934,  1109.0332,  7.10720e-09,  3.91300e-10,  4.66908e-09,  5.95652e-09,  1.95650e-10,  9.78250e-11,  1.60559e-09,  0.00000e+00,
00:04:49,    289497,  1111.2810,  7.32955e-09,  3.91300e-10,  4.77778e-09,  5.95652e-09,  2.93475e-10,  9.78250e-11,  1.46584e-09,  0.00000e+00,
00:04:50,    290060,  1113.5288,  7.32955e-09,  3.91300e-10,  4.23550e-09,  5.67805e-09,  1.95650e-10,  0.00000e+00,  1.53571e-09,  0.00000e+00,
00:04:50,    290623,  1115.9089,  7.32955e-09,  3.91300e-10,  4.45169e-09,  6.04969e-09,  1.95650e-10,  9.78250e-11,  1.39596e-09,  1.69541e-10,
00:04:51,    291186,  1118.2889,  7.10720e-09,  2.93475e-10,  5.10386e-09,  5.77019e-09,  1.95650e-10,  9.78250e-11,  1.46584e-09,  0.00000e+00,
00:04:51,    291749,  1120.4046,  6.88489e-09,  3.91300e-10,  4.77778e-09,  6.14286e-09,  2.93475e-10,  0.00000e+00,  1.39596e-09,  1.69541e-10,
00:04:52,    292312,  1122.7846,  7.32955e-09,  1.95650e-10,  4.99517e-09,  6.14286e-09,  2.93475e-10,  9.78250e-11,  1.46584e-09,  1.69541e-10,
00:04:52,    292875,  1125.0324,  7.99652e-09,  1.95650e-10,  4.56039e-09,  5.86335e-09,  1.95650e-10,  1.95650e-10,  1.46584e-09,  1.69541e-10,
00:04:53,    293438,  1127.2804,  7.32955e-09,  2.93475e-10,  4.56039e-09,  6.51552e-09,  1.95650e-10,  9.78250e-11,  1.46584e-09,  1.69541e-10,
00:04:54,    294001,  1129.3960,  7.77420e-09,  4.89125e-10,  4.66908e-09,  6.60869e-09,  1.95650e-10,  9.78250e-11,  1.46584e-09,  0.00000e+00,
00:04:54,    294564,  1131.5116,  7.10720e-09,  2.93475e-10,  4.77778e-09,  6.60869e-09,  2.93475e-10,  0.00000e+00,  1.46584e-09,  0.00000e+00,
00:04:55,    295127,  1133.8917,  7.77420e-09,  5.86950e-10,  4.99517e-09,  6.32919e-09,  1.95650e-10,  0.00000e+00,  1.53571e-09,  0.00000e+00,
00:04:55,    295690,  1136.1395,  7.32955e-09,  4.89125e-10,  4.88647e-09,  6.14286e-09,  9.78250e-11,  1.95650e-10,  1.53571e-09,  0.00000e+00,
00:04:56,    296253,  1138.6518,  6.88489e-09,  3.91300e-10,  4.66908e-09,  6.70186e-09,  1.95650e-10,  0.00000e+00,  1.25698e-09,  0.00000e+00,
00:04:56,    296816,  1140.6352,  7.10720e-09,  4.89125e-10,  4.77778e-09,  6.42235e-09,  1.95650e-10,  9.78250e-11,  1.39596e-09,  0.00000e+00,
00:04:57,    297379,  1142.8830,  7.32955e-09,  3.91300e-10,  4.66908e-09,  6.70186e-09,  2.93475e-10,  9.78250e-11,  1.53571e-09, -1.69541e-10,
00:04:57,    297942,  1144.9986,  7.10720e-09,  3.91300e-10,  4.77778e-09,  6.98033e-09,  2.93475e-10,  9.78250e-11,  1.60559e-09,  1.69541e-10,
00:04:58,    298505,  1147.2466,  7.55186e-09,  3.91300e-10,  5.21256e-09,  6.98033e-09,  1.95650e-10,  1.95650e-10,  1.60559e-09,  0.00000e+00,
00:04:59,    299068,  1149.7588,  6.88489e-09,  2.93475e-10,  4.66908e-09,  7.07350e-09,  2.93475e-10,  0.00000e+00,  1.60559e-09,  1.69541e-10,
00:04:59,    299631,  1151.8744,  6.88489e-09,  3.91300e-10,  4.99517e-09,  7.07350e-09,  1.95650e-10,  9.78250e-11,  1.53571e-09,  1.69541e-10,
00:05:00,    300194,  1154.3867,  7.32955e-09,  2.93475e-10,  5.21256e-09,  6.88716e-09,  9.78250e-11,  1.95650e-10,  1.39596e-09,  3.39081e-10,
00:05:00,    300757,  1156.3701,  8.44118e-09,  2.93475e-10,  4.77778e-09,  7.44617e-09,  9.78250e-11,  1.95650e-10,  1.53571e-09,  0.00000e+00,
00:05:01,    301320,  1158.6179,  7.32955e-09,  3.91300e-10,  4.66908e-09,  7.25983e-09,  2.93475e-10,  9.78250e-11,  1.53571e-09,  0.00000e+00,
00:05:01,    301883,  1160.9980,  7.10720e-09,  3.91300e-10,  5.32124e-09,  7.25983e-09,  1.95650e-10,  9.78250e-11,  1.39596e-09,  0.00000e+00,
00:05:02,    302446,  1163.1136,  7.10720e-09,  2.93475e-10,  4.99517e-09,  7.25983e-09,  1.95650e-10,  9.78250e-11,  1.53571e-09,  0.00000e+00,
00:05:03,    303009,  1165.4937,  7.77420e-09,  5.86950e-10,  4.88647e-09,  8.00414e-09,  1.95650e-10,  9.78250e-11,  1.67546e-09,  0.00000e+00,
00:05:03,    303572,  1167.6094,  6.44023e-09,  4.89125e-10,  4.88647e-09,  7.91097e-09,  1.95650e-10,  1.95650e-10,  1.53571e-09, -1.69541e-10,
00:05:04,    304135,  1170.1217,  6.88489e-09,  2.93475e-10,  4.88647e-09,  7.63250e-09,  9.78250e-11,  1.95650e-10,  1.60559e-09,  1.69541e-10,
00:05:04,    304698,  1172.1050,  7.32955e-09,  2.93475e-10,  5.21256e-09,  7.81781e-09,  9.78250e-11,  1.95650e-10,  1.53571e-09,  1.69541e-10,
00:05:05,    305261,  1174.6173,  7.32955e-09,  3.91300e-10,  5.32124e-09,  7.81781e-09,  2.93475e-10,  9.78250e-11,  1.53571e-09, -1.69541e-10,
00:05:05,    305824,  1176.6007,  7.10720e-09,  3.91300e-10,  5.42994e-09,  8.37681e-09,  2.93475e-10,  1.95650e-10,  1.46584e-09,  1.69541e-10,
00:05:06,    306387,  1178.7163,  7.77420e-09,  3.91300e-10,  4.77778e-09,  8.56314e-09,  2.93475e-10,  9.78250e-11,  1.53571e-09,  0.00000e+00,
00:05:06,    306950,  1181.2286,  7.10720e-09,  3.91300e-10,  5.32124e-09,  8.46998e-09,  2.93475e-10,  9.78250e-11,  1.74534e-09,  0.00000e+00,
00:05:07,    307513,  1183.3442,  7.55186e-09,  3.91300e-10,  5.21256e-09,  8.84162e-09,  9.78250e-11,  9.78250e-11,  1.53571e-09,  1.69541e-10,
00:05:08,    308076,  1185.7243,  7.55186e-09,  2.93475e-10,  5.53744e-09,  9.02795e-09,  2.93475e-10,  9.78250e-11,  1.60559e-09,  0.00000e+00,
00:05:08,    308639,  1187.8399,  7.77420e-09,  2.93475e-10,  5.32124e-09,  9.30746e-09,  1.95650e-10,  0.00000e+00,  1.46584e-09,  1.69541e-10,
00:05:09,    309202,  1190.0877,  6.66255e-09,  3.91300e-10,  5.42994e-09,  9.21429e-09,  1.95650e-10,  1.95650e-10,  1.46584e-09,  1.69541e-10,
00:05:09,    309765,  1191.9389,  6.88489e-09,  3.91300e-10,  5.32124e-09,  9.49379e-09,  1.95650e-10,  9.78250e-11,  1.60559e-09,  1.69541e-10,
00:05:10,    310328,  1194.8479,  7.77420e-09,  2.93475e-10,  5.21256e-09,  9.68010e-09,  3.91300e-10,  9.78250e-11,  1.60559e-09,  0.00000e+00,
00:05:10,    310891,  1197.0958,  7.32955e-09,  3.91300e-10,  5.32124e-09,  9.68010e-09,  1.95650e-10,  9.78250e-11,  1.39596e-09,  1.69541e-10,
00:05:11,    311454,  1199.4758,  7.55186e-09,  5.86950e-10,  5.21256e-09,  1.04244e-08,  1.95650e-10,  1.95650e-10,  1.60559e-09,  0.00000e+00,
00:05:12,    312017,  1201.5914,  7.55186e-09,  3.91300e-10,  5.10386e-09,  9.30746e-09,  2.93475e-10,  9.78250e-11,  1.67546e-09,  1.69541e-10,
00:05:12,    312580,  1203.7071,  6.88489e-09,  3.91300e-10,  5.10386e-09,  9.49379e-09,  2.93475e-10,  1.95650e-10,  1.53571e-09,  0.00000e+00,
00:05:13,    313143,  1205.2938,  7.32955e-09,  2.93475e-10,  5.32124e-09,  9.21429e-09,  1.95650e-10,  1.95650e-10,  1.74534e-09,  1.69541e-10,
00:05:13,    313706,  1206.0871,  7.32955e-09,  4.89125e-10,  5.42994e-09,  8.65631e-09,  1.95650e-10,  9.78250e-11,  1.53571e-09,  0.00000e+00,
00:05:14,    314269,  1206.3515,  7.55186e-09,  3.91300e-10,  5.32124e-09,  8.74948e-09,  1.95650e-10,  0.00000e+00,  1.74534e-09,  1.69541e-10,
00:05:14,    314832,  1205.5582,  7.10720e-09,  2.93475e-10,  5.32124e-09,  8.56314e-09,  1.95650e-10,  0.00000e+00,  1.67546e-09,  0.00000e+00,
00:05:15,    315395,  1204.6326,  7.10720e-09,  4.89125e-10,  5.32124e-09,  9.12112e-09,  2.93475e-10,  9.78250e-11,  1.60559e-09,  0.00000e+00,
00:05:15,    315958,  1203.9715,  7.10720e-09,  2.93475e-10,  5.10386e-09,  9.12112e-09,  2.93475e-10,  1.95650e-10,  1.60559e-09,  1.69541e-10,
00:05:16,    316521,  1204.1037,  6.88489e-09,  3.91300e-10,  5.42994e-09,  9.12112e-09,  2.93475e-10,  0.00000e+00,  1.46584e-09, -1.69541e-10,
00:05:17,    317084,  1204.3681,  6.88489e-09,  1.95650e-10,  5.42994e-09,  8.93479e-09,  9.78250e-11,  1.95650e-10,  1.67546e-09,  1.69541e-10,
00:05:17,    317647,  1204.2359,  7.55186e-09,  3.91300e-10,  5.10386e-09,  8.56314e-09,  1.95650e-10,  1.95650e-10,  1.46584e-09,  0.00000e+00,
00:05:18,    318210,  1204.2359,  6.66255e-09,  3.91300e-10,  4.99517e-09,  8.84265e-09,  9.78250e-11,  9.78250e-11,  1.60559e-09,  1.69541e-10,
00:05:18,    318773,  1203.7071,  6.88489e-09,  4.89125e-10,  4.88647e-09,  9.21429e-09,  2.93475e-10,  9.78250e-11,  1.74534e-09,  0.00000e+00,
00:05:19,    319336,  1203.4426,  7.10720e-09,  3.91300e-10,  5.10386e-09,  9.40062e-09,  2.93475e-10,  9.78250e-11,  1.53571e-09,  1.69541e-10,
00:05:19,    319899,  1203.3104,  7.55186e-09,  2.93475e-10,  5.10386e-09,  8.65631e-09,  1.95650e-10,  0.00000e+00,  1.60559e-09,  1.69541e-10,
00:05:20,    320462,  1203.0460,  7.77420e-09,  2.93475e-10,  5.10386e-09,  9.02795e-09,  9.78250e-11,  0.00000e+00,  1.67546e-09,  0.00000e+00,
00:05:21,    321025,  1203.3104,  7.10720e-09,  4.89125e-10,  5.10386e-09,  9.30746e-09,  2.93475e-10,  0.00000e+00,  1.74534e-09, -1.69541e-10,
00:05:21,    321588,  1203.3104,  7.10720e-09,  2.93475e-10,  5.42994e-09,  8.93479e-09,  2.93475e-10,  9.78250e-11,  1.67546e-09,  1.69541e-10,
00:05:22,    322151,  1203.5748,  6.22034e-09,  2.93475e-10,  5.53863e-09,  8.56314e-09,  2.93475e-10,  1.95650e-10,  1.60559e-09,  0.00000e+00,
00:05:22,    322714,  1203.3104,  7.55186e-09,  2.93475e-10,  4.66908e-09,  8.93479e-09,  2.93475e-10,  9.78250e-11,  1.60559e-09,  0.00000e+00,
00:05:23,    323277,  1203.1782,  7.10720e-09,  2.93475e-10,  4.77778e-09,  8.65631e-09,  1.95650e-10,  9.78250e-11,  1.74534e-09,  1.69541e-10,
00:05:23,    323840,  1203.0460,  7.32955e-09,  4.89125e-10,  5.21256e-09,  9.12112e-09,  2.93475e-10,  2.93475e-10,  1.67546e-09,  0.00000e+00,
00:05:24,    324403,  1202.9136,  6.88489e-09,  2.93475e-10,  4.99517e-09,  9.30746e-09,  1.95650e-10,  1.95650e-10,  1.60559e-09,  1.69541e-10,
00:05:24,    324966,  1202.9136,  7.10720e-09,  4.89125e-10,  4.88647e-09,  9.12112e-09,  2.93475e-10,  9.78250e-11,  1.74534e-09,  1.69541e-10,
00:05:25,    325529,  1203.0460,  7.55186e-09,  3.91300e-10,  4.88647e-09,  9.12112e-09,  3.91300e-10,  9.78250e-11,  1.60559e-09,  1.69541e-10,
00:05:26,    326092,  1203.3104,  7.32955e-09,  2.93475e-10,  4.99517e-09,  9.40062e-09,  2.93475e-10,  9.78250e-11,  1.67546e-09,  1.69541e-10,
00:05:26,    326655,  1203.3104,  7.10720e-09,  3.91300e-10,  4.77778e-09,  8.84265e-09,  1.95650e-10,  9.78250e-11,  1.81521e-09,  0.00000e+00,
00:05:27,    327218,  1203.1782,  7.55186e-09,  3.91300e-10,  5.21256e-09,  9.12112e-09,  1.95650e-10,  9.78250e-11,  1.81521e-09,  1.69541e-10,
00:05:27,    327781,  1203.1782,  7.10720e-09,  2.93475e-10,  4.88647e-09,  9.30746e-09,  2.93475e-10,  9.78250e-11,  1.67546e-09,  1.69541e-10,
00:05:28,    328344,  1203.0460,  7.55186e-09,  3.91300e-10,  5.21256e-09,  8.84265e-09,  1.95650e-10,  9.78250e-11,  1.74534e-09,  0.00000e+00,
00:05:28,    328907,  1203.0460,  7.10720e-09,  3.91300e-10,  4.66908e-09,  9.21429e-09,  1.95650e-10,  1.95650e-10,  1.81521e-09,  1.69541e-10,
